0 0 0.000 0.000 0.000 
0 1 0.223 0.154 0.212 
0 2 0.377 0.272 0.368 
0 3 0.501 0.324 0.494 
0 4 0.600 0.316 0.593 
0 5 0.678 0.277 0.671 
0 6 0.739 0.231 0.727 
0 7 0.786 0.189 0.762 
0 8 0.819 0.153 0.776 
0 9 0.842 0.123 0.772 
0 10 0.855 0.099 0.753 
0 11 0.861 0.080 0.727 
0 12 0.861 0.064 0.699 
0 13 0.857 0.052 0.673 
0 14 0.850 0.042 0.651 
0 15 0.843 0.033 0.634 
0 16 0.836 0.027 0.622 
0 17 0.829 0.022 0.615 
0 18 0.823 0.017 0.611 
0 19 0.818 0.014 0.611 
0 20 0.814 0.011 0.612 
0 21 0.802 0.009 0.611 
0 22 0.785 0.009 0.609 
0 23 0.765 0.009 0.606 
0 24 0.745 0.012 0.605 
0 25 0.727 0.018 0.604 
1 0 0.000 0.000 0.000 
1 1 0.223 0.154 0.212 
1 2 0.377 0.272 0.368 
1 3 0.501 0.325 0.493 
1 4 0.600 0.319 0.592 
1 5 0.680 0.281 0.666 
1 6 0.743 0.235 0.713 
1 7 0.793 0.193 0.730 
1 8 0.832 0.156 0.721 
1 9 0.863 0.126 0.693 
1 10 0.887 0.102 0.656 
1 11 0.905 0.082 0.617 
1 12 0.919 0.066 0.580 
1 13 0.929 0.053 0.548 
1 14 0.937 0.043 0.521 
1 15 0.943 0.034 0.501 
1 16 0.948 0.028 0.486 
1 17 0.952 0.022 0.475 
1 18 0.954 0.018 0.469 
1 19 0.957 0.015 0.465 
1 20 0.959 0.012 0.464 
1 21 0.954 0.010 0.472 
1 22 0.943 0.009 0.485 
1 23 0.925 0.010 0.500 
1 24 0.901 0.014 0.516 
1 25 0.874 0.020 0.530 
2 0 0.000 0.000 0.000 
2 1 0.223 0.154 0.212 
2 2 0.377 0.272 0.368 
2 3 0.501 0.333 0.494 
2 4 0.600 0.340 0.594 
2 5 0.678 0.310 0.673 
2 6 0.739 0.264 0.734 
2 7 0.786 0.219 0.777 
2 8 0.820 0.179 0.804 
2 9 0.844 0.145 0.816 
2 10 0.859 0.117 0.814 
2 11 0.866 0.094 0.802 
2 12 0.867 0.076 0.785 
2 13 0.864 0.061 0.765 
2 14 0.859 0.049 0.746 
2 15 0.852 0.040 0.730 
2 16 0.844 0.032 0.717 
2 17 0.836 0.026 0.708 
2 18 0.829 0.021 0.703 
2 19 0.823 0.017 0.701 
2 20 0.818 0.014 0.701 
2 21 0.802 0.011 0.691 
2 22 0.781 0.011 0.677 
2 23 0.757 0.012 0.662 
2 24 0.733 0.015 0.648 
2 25 0.711 0.022 0.636 
3 0 0.000 0.000 0.000 
3 1 0.223 0.154 0.212 
3 2 0.377 0.272 0.368 
3 3 0.501 0.323 0.494 
3 4 0.600 0.315 0.593 
3 5 0.679 0.276 0.670 
3 6 0.742 0.231 0.726 
3 7 0.790 0.189 0.763 
3 8 0.828 0.153 0.780 
3 9 0.856 0.124 0.782 
3 10 0.876 0.100 0.772 
3 11 0.889 0.080 0.756 
3 12 0.896 0.065 0.737 
3 13 0.900 0.052 0.718 
3 14 0.900 0.042 0.701 
3 15 0.899 0.034 0.686 
3 16 0.897 0.027 0.674 
3 17 0.894 0.022 0.665 
3 18 0.891 0.018 0.659 
3 19 0.889 0.014 0.655 
3 20 0.887 0.012 0.652 
3 21 0.873 0.010 0.644 
3 22 0.852 0.009 0.633 
3 23 0.824 0.010 0.622 
3 24 0.795 0.014 0.613 
3 25 0.767 0.020 0.606 
4 0 0.000 0.000 0.000 
4 1 0.223 0.154 0.212 
4 2 0.377 0.272 0.368 
4 3 0.501 0.314 0.494 
4 4 0.598 0.294 0.594 
4 5 0.671 0.249 0.672 
4 6 0.718 0.204 0.731 
4 7 0.737 0.165 0.773 
4 8 0.726 0.133 0.799 
4 9 0.691 0.107 0.813 
4 10 0.642 0.086 0.817 
4 11 0.589 0.069 0.816 
4 12 0.538 0.055 0.811 
4 13 0.491 0.044 0.806 
4 14 0.450 0.035 0.802 
4 15 0.417 0.028 0.799 
4 16 0.389 0.023 0.798 
4 17 0.368 0.018 0.799 
4 18 0.353 0.015 0.800 
4 19 0.341 0.012 0.803 
4 20 0.333 0.009 0.807 
4 21 0.347 0.008 0.802 
4 22 0.374 0.007 0.792 
4 23 0.408 0.007 0.778 
4 24 0.442 0.009 0.762 
4 25 0.476 0.013 0.745 
5 0 0.000 0.000 0.000 
5 1 0.223 0.154 0.212 
5 2 0.377 0.272 0.368 
5 3 0.501 0.321 0.494 
5 4 0.598 0.309 0.593 
5 5 0.673 0.267 0.671 
5 6 0.726 0.221 0.730 
5 7 0.756 0.179 0.770 
5 8 0.761 0.145 0.793 
5 9 0.744 0.116 0.802 
5 10 0.712 0.093 0.799 
5 11 0.671 0.075 0.791 
5 12 0.627 0.060 0.779 
5 13 0.586 0.048 0.767 
5 14 0.548 0.039 0.758 
5 15 0.516 0.031 0.751 
5 16 0.490 0.025 0.747 
5 17 0.469 0.020 0.746 
5 18 0.454 0.016 0.747 
5 19 0.442 0.013 0.750 
5 20 0.435 0.010 0.754 
5 21 0.444 0.008 0.750 
5 22 0.462 0.008 0.743 
5 23 0.484 0.008 0.732 
5 24 0.508 0.010 0.721 
5 25 0.530 0.015 0.709 
6 0 0.000 0.000 0.000 
6 1 0.223 0.154 0.212 
6 2 0.377 0.272 0.368 
6 3 0.501 0.323 0.494 
6 4 0.599 0.313 0.594 
6 5 0.675 0.272 0.673 
6 6 0.730 0.226 0.733 
6 7 0.763 0.184 0.777 
6 8 0.773 0.149 0.807 
6 9 0.759 0.120 0.824 
6 10 0.726 0.096 0.832 
6 11 0.683 0.077 0.832 
6 12 0.636 0.062 0.829 
6 13 0.591 0.050 0.824 
6 14 0.550 0.040 0.819 
6 15 0.515 0.032 0.816 
6 16 0.486 0.026 0.814 
6 17 0.464 0.021 0.813 
6 18 0.448 0.017 0.814 
6 19 0.437 0.013 0.816 
6 20 0.430 0.011 0.819 
6 21 0.437 0.009 0.811 
6 22 0.452 0.008 0.796 
6 23 0.471 0.008 0.777 
6 24 0.492 0.011 0.756 
6 25 0.513 0.016 0.736 
7 0 0.000 0.000 0.000 
7 1 0.223 0.154 0.212 
7 2 0.377 0.272 0.368 
7 3 0.501 0.301 0.494 
7 4 0.598 0.268 0.595 
7 5 0.672 0.222 0.674 
7 6 0.722 0.180 0.738 
7 7 0.745 0.144 0.787 
7 8 0.739 0.116 0.824 
7 9 0.708 0.093 0.851 
7 10 0.662 0.074 0.870 
7 11 0.609 0.060 0.882 
7 12 0.556 0.048 0.890 
7 13 0.508 0.038 0.895 
7 14 0.464 0.031 0.898 
7 15 0.427 0.025 0.900 
7 16 0.397 0.020 0.903 
7 17 0.373 0.016 0.906 
7 18 0.353 0.013 0.909 
7 19 0.339 0.010 0.912 
7 20 0.328 0.008 0.915 
7 21 0.336 0.007 0.908 
7 22 0.357 0.006 0.891 
7 23 0.384 0.005 0.867 
7 24 0.413 0.007 0.839 
7 25 0.443 0.010 0.808 
8 0 0.000 0.000 0.000 
8 1 0.223 0.154 0.212 
8 2 0.377 0.272 0.368 
8 3 0.501 0.324 0.494 
8 4 0.600 0.315 0.593 
8 5 0.678 0.276 0.669 
8 6 0.738 0.230 0.722 
8 7 0.782 0.188 0.752 
8 8 0.811 0.153 0.760 
8 9 0.825 0.123 0.750 
8 10 0.824 0.099 0.729 
8 11 0.813 0.080 0.702 
8 12 0.794 0.064 0.675 
8 13 0.772 0.052 0.652 
8 14 0.751 0.041 0.632 
8 15 0.732 0.033 0.618 
8 16 0.718 0.027 0.609 
8 17 0.708 0.022 0.604 
8 18 0.702 0.017 0.602 
8 19 0.698 0.014 0.603 
8 20 0.697 0.011 0.605 
8 21 0.694 0.010 0.608 
8 22 0.690 0.009 0.610 
8 23 0.685 0.010 0.613 
8 24 0.680 0.013 0.616 
8 25 0.676 0.020 0.618 
9 0 0.000 0.000 0.000 
9 1 0.223 0.154 0.212 
9 2 0.377 0.272 0.368 
9 3 0.501 0.314 0.494 
9 4 0.600 0.295 0.594 
9 5 0.678 0.251 0.672 
9 6 0.739 0.206 0.732 
9 7 0.784 0.167 0.773 
9 8 0.815 0.134 0.797 
9 9 0.831 0.108 0.806 
9 10 0.834 0.087 0.801 
9 11 0.824 0.069 0.787 
9 12 0.807 0.056 0.769 
9 13 0.785 0.045 0.750 
9 14 0.761 0.036 0.733 
9 15 0.740 0.029 0.720 
9 16 0.722 0.023 0.711 
9 17 0.708 0.019 0.706 
9 18 0.698 0.015 0.704 
9 19 0.691 0.012 0.704 
9 20 0.687 0.010 0.706 
9 21 0.679 0.008 0.700 
9 22 0.671 0.007 0.690 
9 23 0.662 0.007 0.678 
9 24 0.653 0.009 0.666 
9 25 0.647 0.014 0.656 
10 0 0.000 0.000 0.000 
10 1 0.223 0.154 0.212 
10 2 0.377 0.272 0.368 
10 3 0.501 0.313 0.494 
10 4 0.599 0.291 0.594 
10 5 0.675 0.246 0.673 
10 6 0.731 0.201 0.734 
10 7 0.767 0.162 0.778 
10 8 0.781 0.131 0.807 
10 9 0.774 0.105 0.822 
10 10 0.749 0.084 0.826 
10 11 0.714 0.067 0.822 
10 12 0.673 0.054 0.814 
10 13 0.633 0.043 0.804 
10 14 0.596 0.035 0.794 
10 15 0.564 0.028 0.787 
10 16 0.538 0.022 0.783 
10 17 0.518 0.018 0.781 
10 18 0.503 0.014 0.781 
10 19 0.492 0.011 0.783 
10 20 0.485 0.009 0.786 
10 21 0.489 0.008 0.780 
10 22 0.500 0.007 0.766 
10 23 0.513 0.007 0.750 
10 24 0.528 0.008 0.732 
10 25 0.543 0.012 0.715 
11 0 0.000 0.000 0.000 
11 1 0.223 0.154 0.212 
11 2 0.377 0.272 0.368 
11 3 0.501 0.327 0.494 
11 4 0.600 0.323 0.593 
11 5 0.679 0.287 0.669 
11 6 0.741 0.241 0.723 
11 7 0.789 0.198 0.754 
11 8 0.824 0.161 0.763 
11 9 0.848 0.130 0.754 
11 10 0.860 0.105 0.733 
11 11 0.862 0.085 0.707 
11 12 0.857 0.068 0.679 
11 13 0.848 0.055 0.655 
11 14 0.836 0.044 0.634 
11 15 0.826 0.036 0.618 
11 16 0.817 0.029 0.606 
11 17 0.810 0.023 0.599 
11 18 0.806 0.019 0.594 
11 19 0.804 0.015 0.593 
11 20 0.803 0.012 0.593 
11 21 0.795 0.010 0.593 
11 22 0.781 0.010 0.593 
11 23 0.764 0.011 0.594 
11 24 0.746 0.015 0.595 
11 25 0.730 0.022 0.597 
12 0 0.000 0.000 0.000 
12 1 0.223 0.154 0.212 
12 2 0.377 0.272 0.368 
12 3 0.501 0.297 0.494 
12 4 0.600 0.261 0.593 
12 5 0.677 0.214 0.669 
12 6 0.737 0.173 0.724 
12 7 0.780 0.139 0.757 
12 8 0.806 0.111 0.770 
12 9 0.815 0.089 0.768 
12 10 0.809 0.071 0.755 
12 11 0.791 0.057 0.736 
12 12 0.767 0.046 0.716 
12 13 0.739 0.036 0.697 
12 14 0.713 0.029 0.680 
12 15 0.690 0.023 0.668 
12 16 0.672 0.019 0.658 
12 17 0.659 0.015 0.652 
12 18 0.650 0.012 0.649 
12 19 0.645 0.010 0.647 
12 20 0.643 0.008 0.647 
12 21 0.641 0.006 0.646 
12 22 0.641 0.005 0.644 
12 23 0.641 0.005 0.642 
12 24 0.642 0.005 0.640 
12 25 0.642 0.007 0.639 
13 0 0.000 0.000 0.000 
13 1 0.223 0.154 0.212 
13 2 0.377 0.272 0.368 
13 3 0.501 0.312 0.494 
13 4 0.601 0.289 0.593 
13 5 0.680 0.244 0.670 
13 6 0.743 0.199 0.725 
13 7 0.794 0.160 0.758 
13 8 0.833 0.129 0.770 
13 9 0.864 0.103 0.764 
13 10 0.887 0.083 0.745 
13 11 0.905 0.066 0.719 
13 12 0.917 0.053 0.690 
13 13 0.926 0.043 0.664 
13 14 0.932 0.034 0.640 
13 15 0.936 0.027 0.620 
13 16 0.939 0.022 0.605 
13 17 0.942 0.017 0.594 
13 18 0.943 0.014 0.586 
13 19 0.945 0.011 0.581 
13 20 0.946 0.009 0.579 
13 21 0.939 0.007 0.575 
13 22 0.923 0.006 0.573 
13 23 0.900 0.006 0.571 
13 24 0.871 0.007 0.570 
13 25 0.840 0.010 0.570 
14 0 0.000 0.000 0.000 
14 1 0.223 0.154 0.212 
14 2 0.377 0.272 0.368 
14 3 0.501 0.309 0.494 
14 4 0.600 0.283 0.592 
14 5 0.678 0.238 0.668 
14 6 0.740 0.193 0.719 
14 7 0.787 0.156 0.745 
14 8 0.820 0.125 0.747 
14 9 0.842 0.100 0.730 
14 10 0.854 0.080 0.702 
14 11 0.857 0.064 0.670 
14 12 0.853 0.052 0.638 
14 13 0.846 0.041 0.609 
14 14 0.838 0.033 0.586 
14 15 0.829 0.027 0.567 
14 16 0.821 0.021 0.554 
14 17 0.815 0.017 0.546 
14 18 0.811 0.014 0.541 
14 19 0.809 0.011 0.539 
14 20 0.807 0.009 0.539 
14 21 0.799 0.007 0.545 
14 22 0.787 0.006 0.553 
14 23 0.772 0.006 0.562 
14 24 0.756 0.007 0.572 
14 25 0.741 0.011 0.581 
15 0 0.000 0.000 0.000 
15 1 0.223 0.154 0.212 
15 2 0.377 0.272 0.368 
15 3 0.501 0.321 0.494 
15 4 0.600 0.309 0.593 
15 5 0.678 0.267 0.670 
15 6 0.738 0.220 0.727 
15 7 0.783 0.179 0.761 
15 8 0.813 0.144 0.774 
15 9 0.831 0.116 0.768 
15 10 0.838 0.093 0.748 
15 11 0.835 0.074 0.721 
15 12 0.826 0.060 0.692 
15 13 0.814 0.048 0.665 
15 14 0.800 0.038 0.642 
15 15 0.787 0.031 0.626 
15 16 0.775 0.025 0.614 
15 17 0.765 0.020 0.608 
15 18 0.758 0.016 0.606 
15 19 0.753 0.013 0.606 
15 20 0.749 0.010 0.609 
15 21 0.741 0.008 0.611 
15 22 0.730 0.007 0.611 
15 23 0.718 0.007 0.612 
15 24 0.706 0.009 0.612 
15 25 0.695 0.014 0.613 
16 0 0.000 0.000 0.000 
16 1 0.223 0.154 0.212 
16 2 0.377 0.272 0.368 
16 3 0.501 0.374 0.494 
16 4 0.599 0.457 0.594 
16 5 0.676 0.521 0.673 
16 6 0.734 0.570 0.734 
16 7 0.773 0.606 0.778 
16 8 0.794 0.633 0.804 
16 9 0.797 0.654 0.813 
16 10 0.786 0.669 0.807 
16 11 0.764 0.681 0.788 
16 12 0.737 0.692 0.763 
16 13 0.708 0.702 0.737 
16 14 0.681 0.713 0.712 
16 15 0.659 0.726 0.692 
16 16 0.641 0.740 0.676 
16 17 0.627 0.755 0.666 
16 18 0.619 0.772 0.659 
16 19 0.614 0.789 0.656 
16 20 0.611 0.806 0.655 
16 21 0.617 0.822 0.636 
16 22 0.626 0.836 0.606 
16 23 0.638 0.849 0.573 
16 24 0.651 0.862 0.541 
16 25 0.665 0.874 0.513 
17 0 0.000 0.000 0.000 
17 1 0.223 0.154 0.212 
17 2 0.377 0.272 0.368 
17 3 0.501 0.387 0.494 
17 4 0.599 0.489 0.593 
17 5 0.677 0.575 0.668 
17 6 0.735 0.646 0.718 
17 7 0.775 0.704 0.740 
17 8 0.796 0.752 0.733 
17 9 0.800 0.790 0.703 
17 10 0.789 0.822 0.661 
17 11 0.769 0.849 0.615 
17 12 0.746 0.873 0.571 
17 13 0.724 0.893 0.533 
17 14 0.706 0.911 0.503 
17 15 0.694 0.926 0.480 
17 16 0.686 0.939 0.464 
17 17 0.684 0.950 0.454 
17 18 0.685 0.959 0.450 
17 19 0.688 0.967 0.449 
17 20 0.694 0.973 0.450 
17 21 0.703 0.977 0.450 
17 22 0.714 0.981 0.448 
17 23 0.725 0.984 0.446 
17 24 0.736 0.986 0.444 
17 25 0.745 0.988 0.440 
18 0 0.000 0.000 0.000 
18 1 0.223 0.154 0.212 
18 2 0.377 0.272 0.368 
18 3 0.501 0.372 0.494 
18 4 0.599 0.450 0.593 
18 5 0.677 0.508 0.671 
18 6 0.736 0.548 0.728 
18 7 0.778 0.574 0.764 
18 8 0.804 0.589 0.777 
18 9 0.815 0.597 0.770 
18 10 0.814 0.599 0.746 
18 11 0.803 0.598 0.714 
18 12 0.787 0.596 0.679 
18 13 0.769 0.594 0.646 
18 14 0.751 0.593 0.618 
18 15 0.736 0.594 0.596 
18 16 0.724 0.597 0.579 
18 17 0.715 0.603 0.568 
18 18 0.710 0.611 0.561 
18 19 0.707 0.621 0.557 
18 20 0.705 0.633 0.556 
18 21 0.706 0.648 0.545 
18 22 0.707 0.665 0.530 
18 23 0.709 0.684 0.512 
18 24 0.712 0.704 0.495 
18 25 0.715 0.725 0.480 
19 0 0.000 0.000 0.000 
19 1 0.223 0.154 0.212 
19 2 0.377 0.272 0.368 
19 3 0.501 0.378 0.494 
19 4 0.599 0.466 0.594 
19 5 0.676 0.537 0.673 
19 6 0.734 0.594 0.733 
19 7 0.774 0.638 0.776 
19 8 0.798 0.673 0.800 
19 9 0.806 0.701 0.805 
19 10 0.803 0.724 0.794 
19 11 0.790 0.743 0.770 
19 12 0.773 0.760 0.740 
19 13 0.754 0.776 0.710 
19 14 0.736 0.792 0.681 
19 15 0.720 0.808 0.658 
19 16 0.708 0.825 0.640 
19 17 0.698 0.841 0.627 
19 18 0.692 0.858 0.619 
19 19 0.688 0.873 0.615 
19 20 0.687 0.888 0.614 
19 21 0.688 0.899 0.595 
19 22 0.692 0.909 0.568 
19 23 0.696 0.917 0.538 
19 24 0.702 0.925 0.510 
19 25 0.709 0.932 0.485 
20 0 0.000 0.000 0.000 
20 1 0.223 0.154 0.212 
20 2 0.377 0.272 0.368 
20 3 0.501 0.375 0.494 
20 4 0.598 0.460 0.594 
20 5 0.673 0.527 0.673 
20 6 0.724 0.579 0.732 
20 7 0.750 0.618 0.773 
20 8 0.751 0.648 0.794 
20 9 0.730 0.670 0.795 
20 10 0.695 0.688 0.780 
20 11 0.653 0.704 0.755 
20 12 0.611 0.718 0.727 
20 13 0.572 0.733 0.700 
20 14 0.539 0.749 0.677 
20 15 0.513 0.767 0.660 
20 16 0.492 0.786 0.649 
20 17 0.478 0.806 0.644 
20 18 0.469 0.826 0.643 
20 19 0.464 0.846 0.645 
20 20 0.462 0.864 0.649 
20 21 0.480 0.880 0.637 
20 22 0.508 0.894 0.615 
20 23 0.540 0.906 0.589 
20 24 0.572 0.917 0.562 
20 25 0.603 0.926 0.537 
21 0 0.000 0.000 0.000 
21 1 0.223 0.154 0.212 
21 2 0.377 0.272 0.368 
21 3 0.501 0.368 0.494 
21 4 0.598 0.441 0.593 
21 5 0.672 0.492 0.670 
21 6 0.722 0.526 0.725 
21 7 0.747 0.548 0.756 
21 8 0.748 0.561 0.762 
21 9 0.728 0.568 0.745 
21 10 0.695 0.572 0.715 
21 11 0.656 0.575 0.679 
21 12 0.617 0.578 0.643 
21 13 0.581 0.582 0.612 
21 14 0.551 0.589 0.587 
21 15 0.526 0.598 0.569 
21 16 0.508 0.611 0.559 
21 17 0.496 0.626 0.554 
21 18 0.488 0.644 0.554 
21 19 0.484 0.664 0.557 
21 20 0.482 0.685 0.561 
21 21 0.501 0.710 0.559 
21 22 0.530 0.736 0.553 
21 23 0.562 0.763 0.543 
21 24 0.594 0.788 0.531 
21 25 0.624 0.811 0.518 
22 0 0.000 0.000 0.000 
22 1 0.223 0.154 0.212 
22 2 0.377 0.272 0.368 
22 3 0.500 0.376 0.494 
22 4 0.598 0.462 0.595 
22 5 0.670 0.530 0.675 
22 6 0.717 0.584 0.738 
22 7 0.734 0.627 0.787 
22 8 0.723 0.661 0.823 
22 9 0.690 0.689 0.847 
22 10 0.645 0.712 0.860 
22 11 0.596 0.732 0.862 
22 12 0.548 0.750 0.858 
22 13 0.505 0.767 0.850 
22 14 0.467 0.784 0.840 
22 15 0.435 0.801 0.831 
22 16 0.409 0.818 0.824 
22 17 0.388 0.834 0.820 
22 18 0.373 0.850 0.818 
22 19 0.361 0.866 0.818 
22 20 0.354 0.880 0.820 
22 21 0.370 0.891 0.798 
22 22 0.401 0.901 0.760 
22 23 0.439 0.909 0.712 
22 24 0.479 0.916 0.662 
22 25 0.519 0.923 0.616 
23 0 0.000 0.000 0.000 
23 1 0.223 0.154 0.212 
23 2 0.377 0.272 0.368 
23 3 0.501 0.379 0.494 
23 4 0.600 0.469 0.595 
23 5 0.677 0.543 0.675 
23 6 0.736 0.602 0.738 
23 7 0.777 0.648 0.786 
23 8 0.799 0.684 0.821 
23 9 0.802 0.711 0.841 
23 10 0.786 0.732 0.845 
23 11 0.757 0.749 0.837 
23 12 0.720 0.763 0.818 
23 13 0.683 0.775 0.795 
23 14 0.648 0.788 0.772 
23 15 0.619 0.801 0.752 
23 16 0.596 0.815 0.739 
23 17 0.581 0.830 0.731 
23 18 0.572 0.845 0.728 
23 19 0.568 0.859 0.729 
23 20 0.568 0.874 0.732 
23 21 0.576 0.885 0.710 
23 22 0.589 0.894 0.673 
23 23 0.604 0.901 0.630 
23 24 0.621 0.909 0.587 
23 25 0.638 0.916 0.548 
24 0 0.000 0.000 0.000 
24 1 0.223 0.154 0.212 
24 2 0.377 0.272 0.368 
24 3 0.501 0.376 0.494 
24 4 0.600 0.463 0.593 
24 5 0.678 0.533 0.669 
24 6 0.738 0.587 0.723 
24 7 0.782 0.630 0.750 
24 8 0.809 0.664 0.749 
24 9 0.818 0.691 0.725 
24 10 0.812 0.714 0.685 
24 11 0.793 0.734 0.640 
24 12 0.769 0.754 0.596 
24 13 0.745 0.773 0.557 
24 14 0.725 0.794 0.524 
24 15 0.712 0.815 0.500 
24 16 0.706 0.836 0.483 
24 17 0.705 0.856 0.472 
24 18 0.709 0.875 0.466 
24 19 0.716 0.893 0.463 
24 20 0.724 0.908 0.463 
24 21 0.732 0.921 0.460 
24 22 0.739 0.932 0.454 
24 23 0.746 0.941 0.448 
24 24 0.753 0.949 0.442 
24 25 0.759 0.955 0.436 
25 0 0.000 0.000 0.000 
25 1 0.223 0.154 0.212 
25 2 0.377 0.272 0.368 
25 3 0.501 0.388 0.494 
25 4 0.598 0.490 0.594 
25 5 0.673 0.577 0.673 
25 6 0.726 0.649 0.732 
25 7 0.754 0.708 0.773 
25 8 0.758 0.756 0.794 
25 9 0.740 0.796 0.797 
25 10 0.709 0.828 0.783 
25 11 0.671 0.854 0.759 
25 12 0.632 0.877 0.731 
25 13 0.597 0.896 0.704 
25 14 0.567 0.913 0.680 
25 15 0.543 0.927 0.662 
25 16 0.526 0.939 0.650 
25 17 0.514 0.950 0.644 
25 18 0.508 0.959 0.642 
25 19 0.505 0.966 0.643 
25 20 0.504 0.972 0.646 
25 21 0.520 0.976 0.633 
25 22 0.544 0.980 0.609 
25 23 0.572 0.982 0.582 
25 24 0.599 0.984 0.554 
25 25 0.626 0.985 0.528 
26 0 0.000 0.000 0.000 
26 1 0.223 0.154 0.212 
26 2 0.377 0.272 0.368 
26 3 0.501 0.374 0.494 
26 4 0.598 0.458 0.594 
26 5 0.672 0.523 0.673 
26 6 0.722 0.574 0.734 
26 7 0.745 0.614 0.778 
26 8 0.742 0.645 0.805 
26 9 0.717 0.670 0.815 
26 10 0.678 0.692 0.809 
26 11 0.633 0.710 0.792 
26 12 0.588 0.728 0.770 
26 13 0.546 0.746 0.747 
26 14 0.511 0.764 0.727 
26 15 0.481 0.782 0.711 
26 16 0.458 0.802 0.700 
26 17 0.441 0.821 0.695 
26 18 0.429 0.840 0.693 
26 19 0.421 0.858 0.695 
26 20 0.417 0.875 0.698 
26 21 0.435 0.889 0.682 
26 22 0.465 0.901 0.656 
26 23 0.501 0.912 0.624 
26 24 0.538 0.921 0.591 
26 25 0.573 0.930 0.560 
27 0 0.000 0.000 0.000 
27 1 0.223 0.154 0.212 
27 2 0.377 0.272 0.368 
27 3 0.501 0.384 0.494 
27 4 0.600 0.482 0.595 
27 5 0.678 0.564 0.674 
27 6 0.738 0.633 0.737 
27 7 0.782 0.689 0.785 
27 8 0.809 0.735 0.818 
27 9 0.818 0.773 0.837 
27 10 0.809 0.804 0.842 
27 11 0.786 0.830 0.835 
27 12 0.754 0.852 0.818 
27 13 0.720 0.870 0.796 
27 14 0.687 0.887 0.774 
27 15 0.659 0.901 0.754 
27 16 0.637 0.914 0.739 
27 17 0.623 0.926 0.729 
27 18 0.616 0.936 0.723 
27 19 0.613 0.945 0.720 
27 20 0.614 0.953 0.720 
27 21 0.621 0.959 0.696 
27 22 0.630 0.962 0.657 
27 23 0.641 0.965 0.613 
27 24 0.653 0.967 0.570 
27 25 0.666 0.968 0.532 
28 0 0.000 0.000 0.000 
28 1 0.223 0.154 0.212 
28 2 0.377 0.272 0.368 
28 3 0.501 0.366 0.494 
28 4 0.599 0.435 0.594 
28 5 0.675 0.479 0.673 
28 6 0.732 0.504 0.732 
28 7 0.768 0.513 0.772 
28 8 0.784 0.512 0.791 
28 9 0.780 0.503 0.789 
28 10 0.761 0.490 0.771 
28 11 0.733 0.474 0.742 
28 12 0.700 0.457 0.711 
28 13 0.668 0.440 0.682 
28 14 0.640 0.424 0.659 
28 15 0.616 0.408 0.643 
28 16 0.599 0.393 0.635 
28 17 0.587 0.379 0.633 
28 18 0.579 0.366 0.636 
28 19 0.575 0.354 0.642 
28 20 0.574 0.342 0.649 
28 21 0.580 0.339 0.645 
28 22 0.590 0.342 0.633 
28 23 0.601 0.348 0.617 
28 24 0.613 0.358 0.599 
28 25 0.625 0.369 0.583 
29 0 0.000 0.000 0.000 
29 1 0.223 0.154 0.212 
29 2 0.377 0.272 0.368 
29 3 0.501 0.364 0.494 
29 4 0.600 0.427 0.594 
29 5 0.677 0.464 0.672 
29 6 0.737 0.480 0.731 
29 7 0.780 0.479 0.771 
29 8 0.808 0.467 0.790 
29 9 0.822 0.447 0.788 
29 10 0.823 0.424 0.770 
29 11 0.815 0.399 0.742 
29 12 0.801 0.374 0.710 
29 13 0.784 0.349 0.680 
29 14 0.768 0.325 0.655 
29 15 0.754 0.302 0.637 
29 16 0.742 0.280 0.626 
29 17 0.734 0.261 0.621 
29 18 0.729 0.242 0.620 
29 19 0.727 0.225 0.624 
29 20 0.726 0.210 0.630 
29 21 0.721 0.203 0.626 
29 22 0.713 0.203 0.616 
29 23 0.704 0.207 0.604 
29 24 0.695 0.215 0.592 
29 25 0.687 0.226 0.581 
30 0 0.000 0.000 0.000 
30 1 0.223 0.154 0.212 
30 2 0.377 0.272 0.368 
30 3 0.501 0.379 0.494 
30 4 0.599 0.468 0.594 
30 5 0.677 0.541 0.672 
30 6 0.736 0.599 0.731 
30 7 0.780 0.644 0.771 
30 8 0.808 0.678 0.790 
30 9 0.822 0.704 0.788 
30 10 0.825 0.724 0.769 
30 11 0.820 0.740 0.738 
30 12 0.808 0.754 0.703 
30 13 0.794 0.767 0.668 
30 14 0.780 0.781 0.636 
30 15 0.768 0.796 0.610 
30 16 0.757 0.812 0.590 
30 17 0.750 0.829 0.576 
30 18 0.745 0.846 0.567 
30 19 0.742 0.862 0.563 
30 20 0.741 0.878 0.561 
30 21 0.740 0.891 0.545 
30 22 0.739 0.902 0.524 
30 23 0.740 0.912 0.500 
30 24 0.741 0.920 0.479 
30 25 0.743 0.928 0.460 
31 0 0.000 0.000 0.000 
31 1 0.223 0.154 0.212 
31 2 0.377 0.272 0.368 
31 3 0.501 0.366 0.494 
31 4 0.600 0.434 0.594 
31 5 0.680 0.476 0.671 
31 6 0.742 0.497 0.729 
31 7 0.792 0.502 0.763 
31 8 0.830 0.493 0.772 
31 9 0.858 0.475 0.754 
31 10 0.877 0.452 0.718 
31 11 0.890 0.426 0.673 
31 12 0.897 0.399 0.628 
31 13 0.900 0.372 0.587 
31 14 0.902 0.346 0.553 
31 15 0.903 0.323 0.528 
31 16 0.905 0.301 0.512 
31 17 0.907 0.281 0.503 
31 18 0.909 0.262 0.501 
31 19 0.912 0.246 0.502 
31 20 0.915 0.230 0.507 
31 21 0.909 0.224 0.508 
31 22 0.895 0.223 0.509 
31 23 0.875 0.227 0.508 
31 24 0.850 0.234 0.508 
31 25 0.825 0.243 0.508 
32 0 0.000 0.000 0.000 
32 1 0.223 0.154 0.212 
32 2 0.377 0.272 0.368 
32 3 0.501 0.398 0.494 
32 4 0.600 0.509 0.593 
32 5 0.677 0.602 0.668 
32 6 0.737 0.678 0.718 
32 7 0.780 0.740 0.736 
32 8 0.809 0.789 0.721 
32 9 0.824 0.829 0.680 
32 10 0.828 0.862 0.627 
32 11 0.824 0.888 0.572 
32 12 0.816 0.909 0.524 
32 13 0.806 0.926 0.484 
32 14 0.796 0.940 0.454 
32 15 0.788 0.952 0.434 
32 16 0.782 0.961 0.424 
32 17 0.778 0.968 0.421 
32 18 0.776 0.974 0.424 
32 19 0.775 0.979 0.430 
32 20 0.775 0.983 0.437 
32 21 0.776 0.986 0.439 
32 22 0.777 0.988 0.438 
32 23 0.778 0.990 0.435 
32 24 0.779 0.991 0.431 
32 25 0.781 0.992 0.427 
33 0 0.000 0.000 0.000 
33 1 0.223 0.154 0.212 
33 2 0.377 0.272 0.368 
33 3 0.501 0.399 0.494 
33 4 0.600 0.511 0.592 
33 5 0.679 0.605 0.666 
33 6 0.741 0.681 0.712 
33 7 0.790 0.743 0.722 
33 8 0.827 0.793 0.698 
33 9 0.853 0.833 0.651 
33 10 0.871 0.865 0.594 
33 11 0.883 0.891 0.538 
33 12 0.890 0.912 0.487 
33 13 0.894 0.929 0.445 
33 14 0.896 0.943 0.411 
33 15 0.897 0.954 0.387 
33 16 0.899 0.963 0.370 
33 17 0.901 0.970 0.361 
33 18 0.903 0.976 0.357 
33 19 0.905 0.981 0.357 
33 20 0.907 0.984 0.359 
33 21 0.904 0.987 0.362 
33 22 0.898 0.989 0.366 
33 23 0.889 0.991 0.370 
33 24 0.880 0.992 0.374 
33 25 0.869 0.993 0.378 
34 0 0.000 0.000 0.000 
34 1 0.223 0.154 0.212 
34 2 0.377 0.272 0.368 
34 3 0.501 0.405 0.494 
34 4 0.600 0.520 0.593 
34 5 0.679 0.615 0.668 
34 6 0.741 0.691 0.718 
34 7 0.790 0.753 0.736 
34 8 0.827 0.802 0.720 
34 9 0.854 0.841 0.678 
34 10 0.873 0.873 0.623 
34 11 0.886 0.898 0.568 
34 12 0.894 0.919 0.517 
34 13 0.900 0.935 0.474 
34 14 0.903 0.948 0.441 
34 15 0.906 0.958 0.417 
34 16 0.908 0.967 0.402 
34 17 0.910 0.973 0.393 
34 18 0.912 0.979 0.390 
34 19 0.914 0.983 0.391 
34 20 0.916 0.986 0.394 
34 21 0.913 0.989 0.394 
34 22 0.905 0.991 0.393 
34 23 0.895 0.993 0.390 
34 24 0.884 0.994 0.388 
34 25 0.871 0.995 0.387 
35 0 0.000 0.000 0.000 
35 1 0.223 0.154 0.212 
35 2 0.377 0.272 0.368 
35 3 0.501 0.402 0.494 
35 4 0.600 0.517 0.592 
35 5 0.679 0.611 0.667 
35 6 0.741 0.688 0.714 
35 7 0.789 0.750 0.729 
35 8 0.825 0.799 0.713 
35 9 0.850 0.839 0.673 
35 10 0.867 0.871 0.623 
35 11 0.876 0.896 0.572 
35 12 0.881 0.917 0.524 
35 13 0.883 0.933 0.484 
35 14 0.883 0.947 0.451 
35 15 0.883 0.957 0.427 
35 16 0.884 0.966 0.410 
35 17 0.885 0.972 0.399 
35 18 0.887 0.978 0.393 
35 19 0.889 0.982 0.391 
35 20 0.891 0.986 0.392 
35 21 0.888 0.989 0.391 
35 22 0.882 0.991 0.390 
35 23 0.874 0.992 0.389 
35 24 0.865 0.993 0.389 
35 25 0.855 0.994 0.388 
36 0 0.000 0.000 0.000 
36 1 0.223 0.154 0.212 
36 2 0.377 0.272 0.368 
36 3 0.501 0.404 0.493 
36 4 0.601 0.519 0.592 
36 5 0.680 0.614 0.664 
36 6 0.743 0.690 0.704 
36 7 0.794 0.752 0.705 
36 8 0.833 0.801 0.670 
36 9 0.864 0.841 0.614 
36 10 0.888 0.873 0.553 
36 11 0.907 0.898 0.494 
36 12 0.921 0.918 0.442 
36 13 0.933 0.935 0.400 
36 14 0.942 0.948 0.366 
36 15 0.949 0.958 0.342 
36 16 0.955 0.966 0.325 
36 17 0.960 0.973 0.315 
36 18 0.965 0.978 0.310 
36 19 0.968 0.983 0.308 
36 20 0.971 0.986 0.310 
36 21 0.971 0.989 0.315 
36 22 0.967 0.991 0.324 
36 23 0.959 0.993 0.333 
36 24 0.949 0.994 0.342 
36 25 0.936 0.995 0.350 
37 0 0.000 0.000 0.000 
37 1 0.223 0.154 0.212 
37 2 0.377 0.272 0.368 
37 3 0.501 0.403 0.493 
37 4 0.599 0.518 0.592 
37 5 0.677 0.613 0.665 
37 6 0.736 0.689 0.709 
37 7 0.779 0.751 0.715 
37 8 0.807 0.800 0.685 
37 9 0.821 0.840 0.632 
37 10 0.824 0.872 0.572 
37 11 0.821 0.897 0.515 
37 12 0.812 0.918 0.465 
37 13 0.803 0.934 0.426 
37 14 0.793 0.947 0.397 
37 15 0.786 0.958 0.379 
37 16 0.781 0.966 0.369 
37 17 0.778 0.973 0.367 
37 18 0.777 0.978 0.371 
37 19 0.776 0.983 0.377 
37 20 0.777 0.986 0.385 
37 21 0.779 0.989 0.393 
37 22 0.782 0.991 0.401 
37 23 0.785 0.993 0.407 
37 24 0.788 0.994 0.412 
37 25 0.790 0.995 0.415 
38 0 0.000 0.000 0.000 
38 1 0.223 0.154 0.212 
38 2 0.377 0.272 0.368 
38 3 0.501 0.408 0.494 
38 4 0.600 0.525 0.592 
38 5 0.680 0.619 0.666 
38 6 0.742 0.695 0.712 
38 7 0.791 0.756 0.725 
38 8 0.829 0.805 0.704 
38 9 0.858 0.844 0.660 
38 10 0.878 0.875 0.607 
38 11 0.893 0.900 0.552 
38 12 0.902 0.920 0.502 
38 13 0.909 0.936 0.459 
38 14 0.914 0.949 0.423 
38 15 0.918 0.959 0.396 
38 16 0.922 0.967 0.376 
38 17 0.925 0.974 0.363 
38 18 0.928 0.979 0.355 
38 19 0.932 0.983 0.350 
38 20 0.935 0.987 0.349 
38 21 0.933 0.989 0.351 
38 22 0.926 0.991 0.354 
38 23 0.917 0.993 0.358 
38 24 0.906 0.994 0.362 
38 25 0.894 0.995 0.367 
39 0 0.000 0.000 0.000 
39 1 0.223 0.154 0.212 
39 2 0.377 0.272 0.368 
39 3 0.501 0.400 0.493 
39 4 0.600 0.513 0.592 
39 5 0.679 0.607 0.665 
39 6 0.742 0.684 0.707 
39 7 0.790 0.746 0.711 
39 8 0.827 0.796 0.678 
39 9 0.854 0.836 0.625 
39 10 0.873 0.869 0.564 
39 11 0.885 0.895 0.506 
39 12 0.893 0.916 0.456 
39 13 0.898 0.932 0.414 
39 14 0.901 0.946 0.382 
39 15 0.905 0.956 0.360 
39 16 0.908 0.965 0.345 
39 17 0.911 0.972 0.337 
39 18 0.915 0.978 0.334 
39 19 0.918 0.982 0.335 
39 20 0.921 0.986 0.337 
39 21 0.919 0.988 0.343 
39 22 0.914 0.991 0.350 
39 23 0.905 0.992 0.357 
39 24 0.895 0.993 0.364 
39 25 0.884 0.994 0.370 
40 0 0.000 0.000 0.000 
40 1 0.223 0.154 0.212 
40 2 0.377 0.272 0.368 
40 3 0.501 0.406 0.494 
40 4 0.600 0.522 0.593 
40 5 0.679 0.617 0.667 
40 6 0.741 0.693 0.716 
40 7 0.789 0.754 0.734 
40 8 0.825 0.803 0.719 
40 9 0.853 0.842 0.680 
40 10 0.872 0.874 0.630 
40 11 0.886 0.899 0.578 
40 12 0.895 0.919 0.530 
40 13 0.901 0.935 0.489 
40 14 0.905 0.948 0.456 
40 15 0.908 0.959 0.431 
40 16 0.910 0.967 0.413 
40 17 0.911 0.973 0.402 
40 18 0.912 0.979 0.397 
40 19 0.913 0.983 0.395 
40 20 0.913 0.986 0.396 
40 21 0.909 0.989 0.394 
40 22 0.901 0.991 0.392 
40 23 0.891 0.993 0.389 
40 24 0.879 0.994 0.387 
40 25 0.867 0.995 0.386 
41 0 0.000 0.000 0.000 
41 1 0.223 0.154 0.212 
41 2 0.377 0.272 0.368 
41 3 0.501 0.401 0.494 
41 4 0.600 0.514 0.593 
41 5 0.679 0.609 0.668 
41 6 0.742 0.685 0.718 
41 7 0.792 0.747 0.740 
41 8 0.830 0.797 0.731 
41 9 0.859 0.837 0.699 
41 10 0.881 0.870 0.655 
41 11 0.897 0.895 0.607 
41 12 0.908 0.916 0.561 
41 13 0.916 0.933 0.521 
41 14 0.922 0.946 0.489 
41 15 0.926 0.957 0.463 
41 16 0.930 0.965 0.445 
41 17 0.932 0.972 0.432 
41 18 0.935 0.978 0.424 
41 19 0.937 0.982 0.420 
41 20 0.939 0.986 0.419 
41 21 0.936 0.988 0.413 
41 22 0.928 0.990 0.406 
41 23 0.917 0.992 0.398 
41 24 0.903 0.993 0.391 
41 25 0.889 0.994 0.386 
42 0 0.000 0.000 0.000 
42 1 0.223 0.154 0.212 
42 2 0.377 0.272 0.368 
42 3 0.501 0.401 0.494 
42 4 0.600 0.515 0.592 
42 5 0.678 0.609 0.667 
42 6 0.740 0.686 0.714 
42 7 0.788 0.748 0.728 
42 8 0.823 0.798 0.709 
42 9 0.848 0.838 0.667 
42 10 0.866 0.870 0.615 
42 11 0.877 0.896 0.562 
42 12 0.884 0.917 0.514 
42 13 0.887 0.933 0.474 
42 14 0.889 0.946 0.442 
42 15 0.891 0.957 0.420 
42 16 0.891 0.966 0.405 
42 17 0.892 0.972 0.396 
42 18 0.893 0.978 0.392 
42 19 0.894 0.982 0.393 
42 20 0.895 0.986 0.395 
42 21 0.892 0.989 0.395 
42 22 0.885 0.991 0.394 
42 23 0.876 0.992 0.392 
42 24 0.866 0.993 0.391 
42 25 0.855 0.994 0.390 
43 0 0.000 0.000 0.000 
43 1 0.223 0.154 0.212 
43 2 0.377 0.272 0.368 
43 3 0.501 0.398 0.494 
43 4 0.600 0.510 0.594 
43 5 0.678 0.603 0.673 
43 6 0.739 0.680 0.734 
43 7 0.786 0.742 0.776 
43 8 0.820 0.792 0.801 
43 9 0.843 0.833 0.806 
43 10 0.858 0.865 0.793 
43 11 0.865 0.892 0.767 
43 12 0.867 0.913 0.734 
43 13 0.865 0.930 0.700 
43 14 0.862 0.943 0.670 
43 15 0.857 0.954 0.645 
43 16 0.852 0.963 0.626 
43 17 0.848 0.970 0.613 
43 18 0.844 0.976 0.607 
43 19 0.841 0.980 0.604 
43 20 0.839 0.984 0.605 
43 21 0.832 0.987 0.584 
43 22 0.822 0.989 0.554 
43 23 0.811 0.990 0.520 
43 24 0.801 0.990 0.488 
43 25 0.792 0.990 0.461 
44 0 0.000 0.000 0.000 
44 1 0.223 0.154 0.212 
44 2 0.377 0.272 0.368 
44 3 0.501 0.402 0.493 
44 4 0.600 0.516 0.592 
44 5 0.678 0.610 0.665 
44 6 0.740 0.687 0.709 
44 7 0.788 0.749 0.717 
44 8 0.824 0.798 0.690 
44 9 0.851 0.838 0.641 
44 10 0.871 0.870 0.583 
44 11 0.885 0.896 0.526 
44 12 0.894 0.917 0.475 
44 13 0.901 0.933 0.433 
44 14 0.905 0.947 0.398 
44 15 0.908 0.957 0.372 
44 16 0.910 0.966 0.354 
44 17 0.912 0.973 0.343 
44 18 0.913 0.978 0.336 
44 19 0.915 0.982 0.333 
44 20 0.916 0.986 0.334 
44 21 0.912 0.989 0.338 
44 22 0.906 0.991 0.345 
44 23 0.897 0.992 0.353 
44 24 0.887 0.994 0.361 
44 25 0.876 0.995 0.368 
45 0 0.000 0.000 0.000 
45 1 0.223 0.154 0.212 
45 2 0.377 0.272 0.368 
45 3 0.501 0.405 0.493 
45 4 0.600 0.520 0.592 
45 5 0.678 0.615 0.664 
45 6 0.740 0.691 0.706 
45 7 0.788 0.752 0.711 
45 8 0.825 0.802 0.681 
45 9 0.852 0.841 0.631 
45 10 0.873 0.873 0.574 
45 11 0.888 0.898 0.519 
45 12 0.898 0.918 0.469 
45 13 0.906 0.935 0.428 
45 14 0.911 0.948 0.395 
45 15 0.914 0.958 0.370 
45 16 0.916 0.966 0.353 
45 17 0.917 0.973 0.342 
45 18 0.918 0.979 0.336 
45 19 0.918 0.983 0.335 
45 20 0.918 0.986 0.335 
45 21 0.914 0.989 0.340 
45 22 0.907 0.991 0.346 
45 23 0.898 0.993 0.354 
45 24 0.887 0.994 0.362 
45 25 0.877 0.995 0.369 
46 0 0.000 0.000 0.000 
46 1 0.223 0.154 0.212 
46 2 0.377 0.272 0.368 
46 3 0.501 0.399 0.494 
46 4 0.601 0.512 0.592 
46 5 0.680 0.606 0.667 
46 6 0.744 0.683 0.715 
46 7 0.794 0.745 0.730 
46 8 0.834 0.795 0.711 
46 9 0.866 0.836 0.668 
46 10 0.890 0.868 0.613 
46 11 0.910 0.894 0.558 
46 12 0.925 0.915 0.507 
46 13 0.937 0.932 0.465 
46 14 0.946 0.945 0.431 
46 15 0.954 0.956 0.405 
46 16 0.960 0.965 0.388 
46 17 0.965 0.972 0.377 
46 18 0.969 0.977 0.372 
46 19 0.972 0.982 0.370 
46 20 0.975 0.985 0.371 
46 21 0.975 0.988 0.370 
46 22 0.971 0.990 0.369 
46 23 0.963 0.992 0.368 
46 24 0.952 0.993 0.367 
46 25 0.938 0.993 0.366 
47 0 0.000 0.000 0.000 
47 1 0.223 0.154 0.212 
47 2 0.377 0.272 0.368 
47 3 0.501 0.397 0.494 
47 4 0.601 0.508 0.594 
47 5 0.680 0.602 0.671 
47 6 0.743 0.678 0.728 
47 7 0.793 0.741 0.763 
47 8 0.832 0.791 0.771 
47 9 0.863 0.832 0.754 
47 10 0.887 0.865 0.717 
47 11 0.905 0.891 0.671 
47 12 0.918 0.912 0.624 
47 13 0.928 0.929 0.580 
47 14 0.935 0.943 0.543 
47 15 0.941 0.954 0.515 
47 16 0.945 0.963 0.495 
47 17 0.949 0.970 0.481 
47 18 0.951 0.976 0.474 
47 19 0.953 0.981 0.471 
47 20 0.955 0.984 0.471 
47 21 0.952 0.987 0.461 
47 22 0.943 0.989 0.445 
47 23 0.931 0.990 0.428 
47 24 0.915 0.991 0.413 
47 25 0.899 0.991 0.400 
