0 verbalA 25 0.055 0.200 0.018 0.990 0.992 0.002 0.981 0.991 0.952 0.004 0.010 0.341 0.061 0.807 0.967 0.994 0.979 0.183 0.008 0.293 0.319 0.961 0.552 0.498 0.665 0.994 0.993 0.852 0.973 0.990 0.012 0.983 0.014 0.899 0.973 0.906 0.807 0.050 0.980 0.387 0.989 0.934 0.983 0.978 0.219 0.985 0.003 0.002 0.937 0.821 0.020 0.990 0.898 0.593 0.990 0.102 0.982 0.225 0.960 0.944 
1 verbalB 25 0.990 0.991 0.110 0.992 0.993 0.002 0.988 0.994 0.990 0.002 0.942 0.349 0.061 0.843 0.911 0.253 0.976 0.356 0.342 0.995 0.488 0.994 0.018 0.990 0.899 0.985 0.893 0.991 0.993 0.016 0.009 0.991 0.790 0.077 0.977 0.993 0.801 0.043 0.997 0.229 0.992 0.052 0.989 0.021 0.092 0.988 0.013 0.002 0.015 0.027 0.367 0.261 0.859 0.736 0.992 0.944 0.993 0.026 0.959 0.955 
2 verbalC 25 0.986 0.993 0.025 0.992 0.984 0.005 0.993 0.991 0.992 0.002 0.026 0.963 0.968 0.607 0.936 0.984 0.974 0.022 0.557 0.009 0.014 0.990 0.528 0.992 0.852 0.985 0.987 0.989 0.994 0.993 0.992 0.829 0.168 0.033 0.237 0.991 0.766 0.067 0.990 0.794 0.980 0.594 0.979 0.012 0.008 0.070 0.003 0.002 0.800 0.570 0.527 0.004 0.730 0.798 0.973 0.855 0.988 0.912 0.996 0.006 
3 verbalA1 25 0.006 0.017 0.004 0.989 0.993 0.171 0.251 0.993 0.023 0.002 0.013 0.746 0.018 0.484 0.993 0.994 0.976 0.249 0.004 0.010 0.168 0.766 0.310 0.945 0.972 0.990 0.993 0.020 0.651 0.994 0.004 0.598 0.010 0.993 0.435 0.016 0.125 0.213 0.973 0.210 0.937 0.993 0.992 0.917 0.776 0.958 0.008 0.002 0.993 0.988 0.004 0.974 0.891 0.111 0.979 0.362 0.612 0.947 0.994 0.991 
4 verbalA2 25 0.003 0.017 0.897 0.983 0.902 0.002 0.951 0.595 0.993 0.003 0.006 0.959 0.069 0.176 0.890 0.981 0.973 0.007 0.027 0.940 0.051 0.991 0.268 0.005 0.984 0.993 0.989 0.098 0.471 0.472 0.974 0.932 0.030 0.081 0.991 0.968 0.835 0.398 0.930 0.795 0.511 0.898 0.845 0.992 0.994 0.299 0.002 0.002 0.985 0.981 0.959 0.995 0.884 0.253 0.992 0.009 0.993 0.004 0.966 0.020 
5 verbalB1 25 0.990 0.993 0.084 0.115 0.994 0.883 0.636 0.007 0.007 0.002 0.996 0.310 0.015 0.010 0.993 0.004 0.241 0.105 0.994 0.997 0.006 0.992 0.006 0.986 0.982 0.985 0.961 0.957 0.948 0.004 0.022 0.984 0.890 0.045 0.993 0.992 0.918 0.160 0.997 0.909 0.013 0.005 0.916 0.986 0.602 0.946 0.002 0.002 0.226 0.006 0.874 0.006 0.889 0.402 0.885 0.993 0.992 0.018 0.919 0.778 
6 verbalB2 25 0.991 0.992 0.512 0.977 0.980 0.002 0.845 0.994 0.980 0.002 0.965 0.403 0.019 0.988 0.932 0.004 0.984 0.830 0.007 0.997 0.994 0.990 0.469 0.990 0.546 0.186 0.019 0.993 0.994 0.004 0.004 0.975 0.994 0.707 0.349 0.935 0.509 0.730 0.995 0.688 0.978 0.336 0.993 0.004 0.185 0.994 0.003 0.002 0.005 0.027 0.078 0.995 0.942 0.678 0.990 0.430 0.995 0.007 0.995 0.993 
7 verbalC1 25 0.992 0.985 0.429 0.989 0.334 0.002 0.987 0.889 0.994 0.002 0.996 0.855 0.992 0.842 0.248 0.989 0.986 0.040 0.669 0.005 0.085 0.514 0.955 0.615 0.747 0.981 0.977 0.579 0.993 0.994 0.993 0.141 0.889 0.952 0.864 0.993 0.979 0.360 0.972 0.008 0.994 0.316 0.835 0.004 0.005 0.008 0.013 0.002 0.141 0.175 0.031 0.004 0.314 0.548 0.987 0.994 0.716 0.989 0.998 0.005 
8 verbalC2 25 0.992 0.993 0.984 0.990 0.957 0.119 0.993 0.987 0.004 0.002 0.006 0.467 0.943 0.671 0.003 0.722 0.649 0.601 0.995 0.007 0.118 0.987 0.132 0.994 0.992 0.014 0.992 0.994 0.992 0.994 0.986 0.967 0.025 0.016 0.775 0.855 0.983 0.701 0.997 0.992 0.989 0.987 0.956 0.041 0.008 0.764 0.003 0.002 0.981 0.994 0.993 0.004 0.564 0.758 0.317 0.984 0.011 0.993 0.998 0.005 
9 verbalA11 25 0.004 0.039 0.004 0.987 0.994 0.279 0.082 0.990 0.009 0.005 0.017 0.779 0.033 0.138 0.994 0.992 0.793 0.211 0.004 0.008 0.017 0.823 0.021 0.989 0.905 0.990 0.992 0.013 0.014 0.993 0.005 0.728 0.006 0.992 0.542 0.019 0.017 0.209 0.906 0.581 0.845 0.985 0.982 0.928 0.988 0.792 0.005 0.002 0.971 0.986 0.005 0.985 0.863 0.135 0.943 0.044 0.736 0.759 0.962 0.992 
10 verbalA12 25 0.004 0.018 0.005 0.990 0.993 0.056 0.063 0.994 0.065 0.004 0.018 0.274 0.010 0.975 0.994 0.989 0.984 0.130 0.004 0.008 0.983 0.037 0.551 0.121 0.430 0.991 0.983 0.006 0.338 0.993 0.004 0.052 0.031 0.990 0.010 0.007 0.065 0.294 0.939 0.061 0.967 0.994 0.991 0.946 0.297 0.975 0.017 0.002 0.992 0.890 0.004 0.991 0.348 0.056 0.974 0.118 0.909 0.980 0.992 0.994 
11 verbalA21 25 0.005 0.022 0.989 0.989 0.123 0.002 0.739 0.007 0.966 0.003 0.006 0.980 0.449 0.602 0.845 0.927 0.983 0.036 0.013 0.853 0.088 0.987 0.941 0.005 0.972 0.993 0.605 0.083 0.058 0.133 0.824 0.144 0.016 0.944 0.947 0.911 0.990 0.885 0.871 0.734 0.630 0.788 0.943 0.903 0.993 0.593 0.002 0.002 0.995 0.958 0.991 0.995 0.981 0.433 0.987 0.018 0.993 0.004 0.989 0.015 
12 verbalA22 25 0.003 0.015 0.978 0.862 0.013 0.002 0.932 0.158 0.993 0.009 0.006 0.884 0.224 0.500 0.876 0.986 0.956 0.008 0.011 0.874 0.011 0.992 0.863 0.006 0.605 0.993 0.986 0.039 0.034 0.721 0.980 0.922 0.010 0.134 0.992 0.962 0.935 0.543 0.704 0.196 0.197 0.951 0.986 0.992 0.994 0.082 0.002 0.002 0.993 0.986 0.991 0.995 0.329 0.456 0.962 0.006 0.992 0.004 0.950 0.027 
13 verbalB11 25 0.991 0.994 0.017 0.166 0.995 0.755 0.600 0.014 0.014 0.002 0.996 0.074 0.022 0.005 0.993 0.005 0.156 0.121 0.994 0.997 0.007 0.993 0.007 0.990 0.949 0.976 0.986 0.964 0.876 0.005 0.009 0.976 0.963 0.016 0.990 0.991 0.942 0.295 0.998 0.945 0.043 0.005 0.916 0.993 0.249 0.980 0.003 0.002 0.387 0.007 0.629 0.004 0.945 0.146 0.970 0.994 0.994 0.016 0.912 0.940 
14 verbalB12 25 0.990 0.993 0.937 0.006 0.993 0.848 0.065 0.030 0.008 0.002 0.995 0.766 0.262 0.008 0.993 0.004 0.329 0.123 0.994 0.996 0.006 0.993 0.007 0.897 0.726 0.888 0.698 0.088 0.719 0.005 0.374 0.987 0.960 0.067 0.993 0.989 0.917 0.033 0.992 0.876 0.006 0.006 0.522 0.990 0.992 0.291 0.002 0.002 0.007 0.011 0.335 0.005 0.772 0.886 0.099 0.993 0.986 0.007 0.971 0.749 
15 verbalB21 25 0.987 0.994 0.599 0.916 0.975 0.002 0.392 0.994 0.976 0.002 0.982 0.967 0.216 0.992 0.962 0.004 0.927 0.866 0.009 0.996 0.992 0.987 0.949 0.979 0.088 0.010 0.006 0.991 0.993 0.004 0.006 0.771 0.986 0.032 0.031 0.101 0.809 0.059 0.994 0.325 0.229 0.280 0.989 0.004 0.015 0.992 0.003 0.002 0.006 0.009 0.718 0.992 0.668 0.973 0.991 0.077 0.994 0.006 0.997 0.990 
16 verbalB22 25 0.991 0.992 0.857 0.950 0.925 0.002 0.938 0.994 0.978 0.002 0.985 0.109 0.021 0.984 0.038 0.004 0.985 0.248 0.010 0.996 0.993 0.992 0.628 0.976 0.511 0.017 0.005 0.991 0.993 0.004 0.005 0.768 0.990 0.211 0.931 0.941 0.206 0.923 0.994 0.554 0.895 0.116 0.993 0.006 0.164 0.993 0.003 0.002 0.006 0.013 0.895 0.993 0.925 0.899 0.990 0.679 0.994 0.006 0.996 0.981 
17 verbalC11 25 0.985 0.208 0.178 0.986 0.012 0.002 0.991 0.385 0.993 0.003 0.996 0.982 0.992 0.974 0.830 0.985 0.983 0.786 0.971 0.005 0.684 0.007 0.922 0.401 0.410 0.977 0.976 0.011 0.992 0.994 0.993 0.858 0.742 0.898 0.423 0.994 0.845 0.106 0.941 0.005 0.995 0.157 0.068 0.004 0.004 0.016 0.008 0.002 0.340 0.043 0.006 0.005 0.209 0.246 0.990 0.994 0.051 0.993 0.998 0.004 
18 verbalC12 25 0.984 0.873 0.768 0.988 0.017 0.002 0.990 0.143 0.993 0.002 0.996 0.672 0.994 0.976 0.084 0.948 0.986 0.115 0.971 0.005 0.227 0.010 0.976 0.009 0.866 0.938 0.313 0.050 0.993 0.993 0.993 0.102 0.063 0.904 0.869 0.993 0.704 0.119 0.994 0.006 0.953 0.460 0.054 0.004 0.005 0.009 0.007 0.002 0.089 0.015 0.392 0.004 0.799 0.723 0.987 0.994 0.010 0.993 0.998 0.005 
19 verbalC21 25 0.970 0.993 0.993 0.989 0.055 0.693 0.990 0.967 0.004 0.002 0.006 0.936 0.983 0.988 0.004 0.009 0.588 0.982 0.994 0.006 0.784 0.568 0.824 0.994 0.993 0.004 0.990 0.994 0.993 0.994 0.993 0.928 0.005 0.034 0.009 0.035 0.985 0.841 0.997 0.992 0.974 0.988 0.829 0.010 0.007 0.585 0.003 0.002 0.992 0.993 0.995 0.004 0.362 0.853 0.015 0.799 0.007 0.991 0.998 0.005 
20 verbalC22 25 0.981 0.993 0.987 0.990 0.896 0.291 0.993 0.970 0.005 0.002 0.007 0.031 0.775 0.457 0.004 0.988 0.258 0.265 0.994 0.007 0.012 0.988 0.019 0.994 0.991 0.007 0.990 0.993 0.994 0.994 0.990 0.965 0.020 0.038 0.907 0.684 0.402 0.499 0.996 0.991 0.965 0.984 0.779 0.121 0.006 0.472 0.012 0.002 0.959 0.990 0.994 0.004 0.358 0.379 0.013 0.990 0.006 0.967 0.995 0.005 
21 visualA11 25 0.003 0.003 0.003 0.994 0.996 0.051 0.300 0.994 0.025 0.003 0.007 0.750 0.025 0.061 0.989 0.995 0.912 0.662 0.007 0.006 0.013 0.557 0.028 0.989 0.952 0.996 0.990 0.010 0.179 0.991 0.003 0.924 0.003 0.989 0.802 0.022 0.022 0.240 0.909 0.091 0.973 0.982 0.992 0.978 0.990 0.940 0.005 0.002 0.992 0.995 0.004 0.996 0.914 0.025 0.993 0.074 0.359 0.934 0.985 0.996 
22 visualA12 25 0.004 0.003 0.004 0.995 0.996 0.029 0.024 0.995 0.058 0.002 0.007 0.417 0.005 0.966 0.985 0.996 0.991 0.195 0.006 0.049 0.983 0.051 0.776 0.105 0.539 0.996 0.956 0.019 0.563 0.969 0.003 0.066 0.016 0.991 0.014 0.002 0.072 0.381 0.975 0.060 0.976 0.980 0.995 0.988 0.486 0.991 0.014 0.002 0.995 0.945 0.003 0.996 0.375 0.078 0.991 0.122 0.907 0.978 0.997 0.996 
23 visualA21 25 0.003 0.003 0.994 0.987 0.018 0.002 0.744 0.007 0.995 0.003 0.010 0.985 0.244 0.749 0.959 0.819 0.988 0.067 0.020 0.923 0.035 0.975 0.969 0.003 0.981 0.996 0.789 0.084 0.045 0.219 0.967 0.344 0.017 0.972 0.986 0.959 0.987 0.950 0.889 0.675 0.367 0.964 0.951 0.994 0.996 0.328 0.002 0.002 0.985 0.973 0.991 0.996 0.913 0.227 0.990 0.015 0.992 0.004 0.988 0.005 
24 visualA22 25 0.002 0.003 0.979 0.771 0.006 0.002 0.888 0.136 0.995 0.005 0.011 0.946 0.133 0.641 0.969 0.984 0.980 0.007 0.019 0.894 0.011 0.990 0.920 0.003 0.831 0.996 0.948 0.076 0.016 0.657 0.973 0.950 0.012 0.183 0.994 0.978 0.888 0.504 0.834 0.151 0.314 0.954 0.983 0.995 0.996 0.171 0.002 0.002 0.978 0.994 0.990 0.996 0.329 0.272 0.988 0.014 0.990 0.004 0.975 0.014 
25 visualB11 25 0.995 0.996 0.031 0.084 0.985 0.853 0.758 0.004 0.005 0.002 0.997 0.074 0.009 0.022 0.995 0.003 0.243 0.075 0.996 0.997 0.004 0.993 0.007 0.989 0.980 0.973 0.883 0.985 0.952 0.002 0.004 0.989 0.845 0.038 0.993 0.995 0.868 0.455 0.998 0.905 0.013 0.006 0.924 0.991 0.763 0.981 0.002 0.002 0.141 0.002 0.934 0.003 0.918 0.160 0.838 0.995 0.990 0.007 0.927 0.647 
26 visualB12 25 0.995 0.995 0.978 0.004 0.991 0.770 0.037 0.005 0.003 0.002 0.997 0.616 0.125 0.015 0.995 0.003 0.354 0.075 0.995 0.996 0.004 0.993 0.011 0.789 0.754 0.936 0.589 0.093 0.732 0.003 0.298 0.973 0.991 0.183 0.993 0.995 0.950 0.215 0.996 0.934 0.005 0.006 0.556 0.986 0.995 0.692 0.002 0.002 0.007 0.003 0.399 0.005 0.880 0.915 0.104 0.996 0.988 0.005 0.983 0.727 
27 visualB21 25 0.991 0.995 0.604 0.886 0.938 0.002 0.245 0.995 0.995 0.002 0.993 0.974 0.069 0.993 0.935 0.003 0.927 0.777 0.004 0.997 0.992 0.991 0.964 0.992 0.136 0.012 0.003 0.995 0.995 0.003 0.002 0.748 0.995 0.058 0.032 0.057 0.622 0.079 0.994 0.199 0.317 0.143 0.996 0.003 0.019 0.992 0.004 0.002 0.006 0.003 0.548 0.994 0.625 0.955 0.993 0.052 0.995 0.003 0.998 0.996 
28 visualB22 25 0.993 0.995 0.882 0.970 0.832 0.002 0.981 0.996 0.995 0.002 0.985 0.085 0.007 0.984 0.050 0.003 0.985 0.236 0.004 0.997 0.994 0.994 0.640 0.988 0.656 0.042 0.003 0.995 0.995 0.003 0.003 0.943 0.994 0.149 0.974 0.952 0.076 0.956 0.991 0.315 0.963 0.092 0.996 0.003 0.430 0.992 0.003 0.002 0.006 0.011 0.905 0.993 0.948 0.753 0.994 0.700 0.995 0.004 0.995 0.996 
29 visualC11 25 0.991 0.578 0.047 0.990 0.013 0.002 0.993 0.339 0.995 0.003 0.997 0.984 0.994 0.968 0.856 0.995 0.977 0.583 0.957 0.004 0.380 0.019 0.875 0.576 0.199 0.986 0.989 0.009 0.983 0.996 0.996 0.472 0.675 0.978 0.079 0.994 0.803 0.108 0.952 0.004 0.992 0.235 0.160 0.003 0.003 0.004 0.004 0.002 0.775 0.019 0.005 0.003 0.157 0.445 0.986 0.995 0.170 0.991 0.998 0.003 
30 visualC12 25 0.990 0.991 0.517 0.982 0.013 0.002 0.994 0.181 0.995 0.002 0.997 0.170 0.994 0.398 0.011 0.994 0.933 0.012 0.986 0.004 0.021 0.019 0.624 0.161 0.940 0.977 0.806 0.094 0.990 0.996 0.996 0.030 0.090 0.500 0.954 0.994 0.121 0.102 0.995 0.004 0.991 0.852 0.022 0.004 0.003 0.004 0.004 0.002 0.024 0.008 0.950 0.003 0.737 0.626 0.965 0.995 0.008 0.990 0.998 0.003 
31 visualC21 25 0.984 0.996 0.994 0.992 0.030 0.705 0.989 0.978 0.003 0.002 0.004 0.948 0.964 0.989 0.003 0.007 0.446 0.985 0.995 0.007 0.800 0.449 0.793 0.996 0.994 0.003 0.995 0.994 0.992 0.996 0.996 0.966 0.006 0.024 0.006 0.021 0.981 0.922 0.998 0.996 0.990 0.996 0.813 0.020 0.003 0.823 0.004 0.002 0.992 0.990 0.993 0.003 0.316 0.807 0.011 0.824 0.009 0.992 0.998 0.003 
32 visualC22 25 0.987 0.996 0.982 0.979 0.895 0.637 0.991 0.941 0.003 0.002 0.004 0.019 0.791 0.138 0.003 0.987 0.070 0.434 0.996 0.009 0.005 0.992 0.008 0.996 0.992 0.006 0.995 0.993 0.992 0.995 0.996 0.966 0.022 0.009 0.921 0.797 0.420 0.288 0.995 0.995 0.960 0.993 0.860 0.230 0.003 0.360 0.008 0.002 0.969 0.981 0.995 0.003 0.355 0.178 0.004 0.985 0.007 0.987 0.995 0.003 
