0 verbalA 25 0.153 0.015 0.514 0.984 0.002 0.813 0.350 0.259 0.749 0.985 0.078 0.997 0.525 0.274 0.953 0.030 0.222 0.003 0.912 0.927 0.050 0.964 0.061 0.006 0.985 0.002 0.375 0.612 0.996 0.003 0.196 0.019 0.981 0.019 0.118 0.003 0.987 0.716 0.235 0.918 0.012 0.007 0.998 0.002 0.106 0.479 0.777 0.102 0.786 0.002 0.187 0.376 0.112 0.739 0.183 0.996 0.526 0.527 0.032 0.201 
1 verbalB 25 0.142 0.017 0.162 0.984 0.002 0.729 0.490 0.320 0.539 0.987 0.134 0.992 0.558 0.109 0.905 0.017 0.119 0.007 0.868 0.928 0.019 0.795 0.010 0.004 0.990 0.003 0.201 0.836 0.997 0.007 0.123 0.012 0.966 0.027 0.102 0.002 0.993 0.529 0.077 0.967 0.016 0.005 0.997 0.002 0.079 0.048 0.501 0.086 0.464 0.002 0.030 0.561 0.012 0.969 0.344 0.981 0.198 0.422 0.019 0.177 
2 verbalC 25 0.130 0.022 0.341 0.983 0.002 0.862 0.546 0.161 0.453 0.989 0.169 0.994 0.391 0.073 0.831 0.035 0.427 0.016 0.714 0.888 0.053 0.976 0.023 0.004 0.977 0.004 0.684 0.783 0.996 0.012 0.129 0.018 0.966 0.011 0.056 0.003 0.981 0.671 0.172 0.952 0.024 0.010 0.997 0.002 0.136 0.067 0.639 0.195 0.721 0.002 0.125 0.473 0.010 0.955 0.277 0.995 0.071 0.449 0.017 0.193 
3 verbalA1 25 0.326 0.014 0.309 0.991 0.002 0.788 0.741 0.226 0.310 0.993 0.115 0.989 0.504 0.072 0.885 0.019 0.093 0.005 0.770 0.929 0.009 0.904 0.013 0.003 0.960 0.002 0.458 0.944 0.998 0.013 0.172 0.009 0.977 0.011 0.046 0.002 0.987 0.574 0.231 0.975 0.059 0.015 0.997 0.002 0.249 0.049 0.449 0.188 0.434 0.002 0.141 0.541 0.024 0.971 0.248 0.987 0.092 0.588 0.043 0.192 
4 verbalA2 25 0.118 0.033 0.090 0.990 0.002 0.573 0.683 0.359 0.590 0.976 0.368 0.997 0.600 0.133 0.933 0.015 0.142 0.014 0.832 0.928 0.025 0.929 0.011 0.005 0.994 0.006 0.371 0.849 0.996 0.009 0.076 0.011 0.968 0.026 0.029 0.002 0.946 0.358 0.115 0.821 0.024 0.004 0.997 0.003 0.088 0.100 0.527 0.150 0.698 0.002 0.059 0.505 0.010 0.900 0.228 0.982 0.211 0.324 0.012 0.423 
5 verbalB1 25 0.179 0.030 0.246 0.963 0.002 0.904 0.268 0.344 0.715 0.995 0.073 0.997 0.413 0.185 0.716 0.024 0.266 0.003 0.908 0.900 0.036 0.948 0.016 0.002 0.989 0.003 0.038 0.488 0.997 0.003 0.064 0.014 0.786 0.017 0.108 0.003 0.992 0.589 0.303 0.966 0.014 0.007 0.998 0.002 0.056 0.076 0.826 0.069 0.647 0.002 0.036 0.883 0.019 0.968 0.417 0.996 0.491 0.133 0.004 0.253 
6 verbalB2 25 0.417 0.027 0.534 0.980 0.002 0.855 0.375 0.155 0.415 0.990 0.076 0.995 0.456 0.022 0.722 0.006 0.133 0.005 0.842 0.865 0.018 0.774 0.013 0.003 0.983 0.002 0.119 0.853 0.997 0.010 0.191 0.008 0.919 0.037 0.028 0.002 0.993 0.497 0.374 0.982 0.017 0.009 0.998 0.002 0.165 0.040 0.527 0.127 0.429 0.002 0.061 0.743 0.008 0.754 0.392 0.987 0.218 0.282 0.033 0.140 
7 verbalC1 25 0.077 0.031 0.311 0.991 0.002 0.857 0.544 0.300 0.447 0.994 0.322 0.994 0.291 0.115 0.904 0.013 0.252 0.013 0.809 0.789 0.045 0.968 0.007 0.003 0.993 0.003 0.691 0.786 0.988 0.009 0.093 0.012 0.978 0.014 0.116 0.003 0.988 0.489 0.136 0.945 0.034 0.005 0.998 0.002 0.152 0.088 0.662 0.216 0.771 0.002 0.068 0.683 0.026 0.973 0.265 0.991 0.236 0.228 0.024 0.147 
8 verbalC2 25 0.119 0.019 0.344 0.988 0.002 0.893 0.432 0.186 0.515 0.991 0.136 0.993 0.221 0.046 0.840 0.011 0.146 0.016 0.950 0.951 0.011 0.945 0.020 0.003 0.995 0.003 0.362 0.928 0.997 0.010 0.194 0.003 0.972 0.020 0.039 0.002 0.994 0.780 0.132 0.920 0.042 0.008 0.996 0.002 0.536 0.079 0.489 0.197 0.379 0.002 0.099 0.465 0.009 0.951 0.334 0.984 0.384 0.388 0.022 0.080 
9 verbalA11 25 0.222 0.020 0.267 0.976 0.002 0.861 0.612 0.246 0.523 0.994 0.176 0.996 0.534 0.119 0.904 0.026 0.196 0.009 0.780 0.924 0.037 0.954 0.016 0.003 0.991 0.003 0.401 0.696 0.997 0.007 0.140 0.008 0.954 0.036 0.110 0.003 0.978 0.619 0.131 0.957 0.036 0.010 0.997 0.002 0.100 0.118 0.689 0.138 0.630 0.002 0.117 0.538 0.031 0.956 0.279 0.992 0.238 0.397 0.030 0.167 
10 verbalA12 25 0.204 0.015 0.280 0.981 0.002 0.827 0.570 0.310 0.594 0.985 0.117 0.997 0.567 0.137 0.856 0.047 0.169 0.006 0.880 0.890 0.013 0.954 0.029 0.003 0.984 0.003 0.329 0.774 0.997 0.006 0.099 0.013 0.959 0.040 0.103 0.003 0.979 0.713 0.138 0.897 0.026 0.008 0.997 0.002 0.099 0.071 0.688 0.099 0.721 0.002 0.069 0.484 0.053 0.937 0.139 0.990 0.317 0.519 0.023 0.128 
11 verbalA21 25 0.085 0.016 0.273 0.983 0.002 0.910 0.629 0.298 0.498 0.993 0.247 0.996 0.353 0.084 0.802 0.021 0.226 0.009 0.823 0.898 0.024 0.939 0.020 0.003 0.992 0.004 0.524 0.874 0.997 0.015 0.180 0.007 0.948 0.022 0.085 0.003 0.986 0.635 0.110 0.939 0.033 0.012 0.997 0.002 0.178 0.058 0.566 0.177 0.598 0.002 0.075 0.604 0.016 0.936 0.249 0.990 0.265 0.338 0.019 0.137 
12 verbalA22 25 0.139 0.011 0.388 0.983 0.002 0.853 0.622 0.194 0.511 0.992 0.153 0.996 0.534 0.101 0.877 0.020 0.226 0.009 0.842 0.909 0.028 0.955 0.025 0.004 0.987 0.003 0.433 0.822 0.997 0.007 0.161 0.007 0.971 0.025 0.107 0.003 0.983 0.716 0.146 0.944 0.022 0.009 0.998 0.002 0.166 0.077 0.637 0.154 0.691 0.002 0.143 0.488 0.030 0.916 0.206 0.991 0.249 0.448 0.026 0.166 
13 verbalB11 25 0.216 0.033 0.299 0.980 0.002 0.800 0.619 0.131 0.503 0.992 0.189 0.996 0.476 0.197 0.841 0.029 0.263 0.011 0.766 0.900 0.033 0.925 0.016 0.003 0.987 0.003 0.413 0.741 0.996 0.009 0.161 0.008 0.966 0.037 0.090 0.002 0.982 0.637 0.211 0.962 0.041 0.013 0.998 0.002 0.124 0.054 0.643 0.128 0.523 0.002 0.142 0.505 0.030 0.945 0.270 0.987 0.228 0.428 0.025 0.159 
14 verbalB12 25 0.302 0.020 0.300 0.980 0.002 0.752 0.576 0.193 0.380 0.991 0.119 0.997 0.566 0.077 0.871 0.023 0.093 0.006 0.879 0.920 0.033 0.937 0.008 0.003 0.988 0.003 0.201 0.783 0.997 0.009 0.179 0.008 0.928 0.033 0.069 0.003 0.985 0.506 0.119 0.941 0.029 0.007 0.998 0.002 0.076 0.038 0.717 0.177 0.541 0.002 0.079 0.771 0.013 0.967 0.228 0.987 0.332 0.322 0.025 0.199 
15 verbalB21 25 0.263 0.014 0.367 0.979 0.002 0.888 0.618 0.154 0.214 0.986 0.137 0.997 0.363 0.074 0.859 0.017 0.103 0.010 0.838 0.889 0.054 0.928 0.012 0.003 0.991 0.004 0.570 0.898 0.996 0.015 0.211 0.006 0.968 0.018 0.089 0.003 0.985 0.559 0.147 0.981 0.048 0.007 0.998 0.002 0.110 0.034 0.556 0.438 0.552 0.002 0.188 0.711 0.021 0.943 0.211 0.983 0.276 0.305 0.029 0.144 
16 verbalB22 25 0.199 0.019 0.328 0.980 0.002 0.833 0.540 0.195 0.479 0.994 0.125 0.997 0.423 0.095 0.880 0.026 0.231 0.009 0.830 0.911 0.032 0.944 0.021 0.003 0.986 0.004 0.349 0.779 0.996 0.007 0.146 0.009 0.948 0.023 0.123 0.003 0.980 0.610 0.126 0.949 0.029 0.009 0.998 0.002 0.127 0.071 0.666 0.127 0.600 0.002 0.072 0.623 0.018 0.940 0.264 0.987 0.279 0.309 0.030 0.189 
17 verbalC11 25 0.300 0.020 0.294 0.984 0.002 0.798 0.513 0.226 0.303 0.993 0.125 0.996 0.467 0.114 0.870 0.019 0.080 0.012 0.867 0.945 0.024 0.929 0.012 0.003 0.983 0.003 0.258 0.813 0.997 0.007 0.213 0.005 0.946 0.014 0.080 0.003 0.991 0.606 0.136 0.966 0.034 0.014 0.998 0.002 0.206 0.076 0.601 0.137 0.396 0.002 0.084 0.550 0.031 0.941 0.356 0.981 0.318 0.407 0.049 0.113 
18 verbalC12 25 0.124 0.011 0.305 0.983 0.002 0.880 0.414 0.229 0.530 0.993 0.170 0.997 0.362 0.117 0.899 0.026 0.219 0.009 0.847 0.909 0.023 0.957 0.015 0.004 0.981 0.003 0.476 0.794 0.996 0.005 0.168 0.005 0.975 0.008 0.127 0.003 0.986 0.753 0.134 0.910 0.033 0.007 0.997 0.002 0.268 0.102 0.732 0.113 0.776 0.002 0.118 0.593 0.040 0.942 0.250 0.988 0.253 0.412 0.034 0.159 
19 verbalC21 25 0.221 0.022 0.324 0.981 0.002 0.841 0.574 0.182 0.464 0.993 0.141 0.996 0.492 0.103 0.886 0.026 0.180 0.009 0.824 0.908 0.029 0.935 0.019 0.003 0.987 0.003 0.384 0.786 0.997 0.008 0.139 0.009 0.959 0.026 0.095 0.003 0.980 0.589 0.136 0.953 0.037 0.009 0.998 0.002 0.140 0.066 0.655 0.135 0.618 0.002 0.106 0.587 0.024 0.931 0.226 0.987 0.224 0.353 0.028 0.176 
20 verbalC22 25 0.284 0.019 0.351 0.980 0.002 0.830 0.575 0.131 0.433 0.993 0.248 0.996 0.460 0.165 0.869 0.022 0.177 0.009 0.859 0.892 0.042 0.939 0.012 0.004 0.985 0.003 0.444 0.728 0.996 0.012 0.159 0.012 0.959 0.037 0.064 0.003 0.990 0.525 0.157 0.968 0.044 0.007 0.998 0.002 0.124 0.120 0.555 0.194 0.547 0.002 0.132 0.549 0.022 0.903 0.324 0.988 0.219 0.454 0.027 0.120 
21 visualA11 25 0.070 0.042 0.768 0.996 0.002 0.448 0.493 0.060 0.932 0.997 0.505 0.997 0.546 0.261 0.688 0.005 0.826 0.002 0.643 0.951 0.103 0.951 0.034 0.018 0.986 0.002 0.191 0.081 0.987 0.003 0.066 0.020 0.994 0.007 0.041 0.002 0.957 0.738 0.520 0.833 0.018 0.005 0.985 0.004 0.661 0.941 0.853 0.102 0.894 0.002 0.494 0.654 0.026 0.852 0.211 0.998 0.096 0.325 0.010 0.913 
22 visualA12 25 0.151 0.081 0.384 0.989 0.002 0.751 0.365 0.064 0.957 0.988 0.434 0.995 0.232 0.293 0.325 0.006 0.793 0.002 0.515 0.962 0.189 0.901 0.011 0.010 0.963 0.002 0.094 0.091 0.995 0.003 0.096 0.053 0.971 0.006 0.030 0.002 0.955 0.584 0.896 0.962 0.028 0.005 0.939 0.003 0.541 0.819 0.847 0.032 0.817 0.002 0.318 0.649 0.014 0.746 0.185 0.998 0.094 0.268 0.006 0.953 
23 visualA21 25 0.120 0.034 0.486 0.997 0.002 0.233 0.787 0.098 0.931 0.997 0.389 0.997 0.453 0.669 0.429 0.004 0.496 0.002 0.807 0.840 0.187 0.898 0.023 0.013 0.988 0.002 0.140 0.131 0.986 0.019 0.067 0.169 0.988 0.016 0.043 0.002 0.962 0.493 0.689 0.784 0.010 0.004 0.995 0.003 0.418 0.839 0.866 0.242 0.842 0.002 0.609 0.324 0.035 0.662 0.049 0.998 0.072 0.461 0.005 0.937 
24 visualA22 25 0.100 0.026 0.410 0.995 0.002 0.300 0.555 0.090 0.942 0.993 0.301 0.996 0.315 0.723 0.291 0.005 0.816 0.003 0.712 0.952 0.089 0.929 0.012 0.009 0.949 0.002 0.198 0.059 0.989 0.010 0.079 0.197 0.991 0.016 0.057 0.002 0.977 0.450 0.787 0.903 0.012 0.003 0.994 0.003 0.496 0.963 0.708 0.140 0.781 0.002 0.735 0.303 0.012 0.692 0.102 0.998 0.047 0.561 0.006 0.786 
25 visualB11 25 0.687 0.020 0.056 0.950 0.002 0.272 0.895 0.152 0.854 0.996 0.015 0.998 0.941 0.056 0.861 0.030 0.020 0.004 0.983 0.926 0.003 0.897 0.032 0.004 0.992 0.002 0.017 0.706 0.998 0.004 0.272 0.013 0.975 0.101 0.141 0.002 0.992 0.464 0.032 0.968 0.020 0.004 0.998 0.002 0.010 0.157 0.824 0.024 0.165 0.002 0.054 0.180 0.004 0.970 0.116 0.983 0.679 0.838 0.040 0.184 
26 visualB12 25 0.447 0.013 0.036 0.980 0.002 0.305 0.556 0.187 0.916 0.996 0.028 0.996 0.908 0.060 0.850 0.012 0.110 0.004 0.976 0.756 0.003 0.877 0.025 0.003 0.995 0.002 0.009 0.437 0.997 0.004 0.078 0.014 0.964 0.057 0.275 0.002 0.988 0.719 0.030 0.925 0.004 0.005 0.998 0.002 0.016 0.138 0.818 0.011 0.471 0.002 0.039 0.259 0.010 0.969 0.115 0.966 0.791 0.865 0.038 0.221 
27 visualB21 25 0.934 0.010 0.447 0.991 0.002 0.704 0.819 0.062 0.675 0.976 0.016 0.998 0.804 0.059 0.820 0.006 0.013 0.003 0.909 0.938 0.004 0.856 0.017 0.035 0.995 0.002 0.010 0.300 0.998 0.006 0.286 0.006 0.991 0.084 0.025 0.002 0.990 0.661 0.028 0.996 0.008 0.010 0.998 0.002 0.073 0.658 0.882 0.074 0.100 0.002 0.373 0.147 0.010 0.968 0.462 0.991 0.383 0.751 0.095 0.047 
28 visualB22 25 0.845 0.007 0.591 0.996 0.002 0.652 0.799 0.176 0.785 0.981 0.023 0.998 0.700 0.078 0.822 0.009 0.016 0.003 0.982 0.882 0.002 0.688 0.027 0.005 0.993 0.002 0.018 0.794 0.997 0.007 0.343 0.005 0.989 0.084 0.020 0.002 0.994 0.802 0.017 0.988 0.027 0.005 0.998 0.002 0.115 0.396 0.705 0.131 0.098 0.002 0.368 0.066 0.009 0.927 0.310 0.992 0.470 0.707 0.089 0.020 
29 visualC11 25 0.030 0.009 0.512 0.995 0.002 0.969 0.119 0.683 0.539 0.997 0.024 0.998 0.391 0.046 0.962 0.018 0.091 0.005 0.935 0.931 0.031 0.987 0.012 0.003 0.995 0.004 0.311 0.946 0.985 0.007 0.060 0.002 0.990 0.005 0.118 0.002 0.995 0.675 0.021 0.952 0.019 0.005 0.998 0.002 0.019 0.025 0.864 0.573 0.875 0.002 0.125 0.940 0.100 0.956 0.090 0.986 0.212 0.093 0.013 0.028 
30 visualC12 25 0.028 0.009 0.344 0.995 0.002 0.986 0.198 0.814 0.462 0.997 0.034 0.998 0.309 0.027 0.972 0.039 0.093 0.007 0.864 0.953 0.061 0.985 0.005 0.002 0.994 0.004 0.472 0.957 0.989 0.006 0.054 0.002 0.981 0.007 0.048 0.002 0.993 0.585 0.026 0.951 0.013 0.003 0.997 0.002 0.014 0.013 0.672 0.672 0.792 0.002 0.056 0.934 0.016 0.981 0.075 0.987 0.347 0.061 0.024 0.027 
31 visualC21 25 0.079 0.066 0.286 0.989 0.002 0.982 0.143 0.440 0.059 0.995 0.386 0.981 0.301 0.028 0.918 0.022 0.240 0.031 0.463 0.971 0.165 0.987 0.002 0.003 0.996 0.003 0.874 0.894 0.993 0.041 0.075 0.003 0.975 0.010 0.033 0.002 0.993 0.295 0.056 0.960 0.019 0.003 0.997 0.002 0.085 0.008 0.306 0.799 0.703 0.002 0.048 0.895 0.004 0.984 0.558 0.942 0.060 0.044 0.008 0.019 
32 visualC22 25 0.041 0.052 0.147 0.991 0.002 0.964 0.278 0.313 0.087 0.988 0.203 0.980 0.365 0.056 0.944 0.021 0.384 0.066 0.321 0.965 0.145 0.942 0.004 0.003 0.995 0.004 0.894 0.906 0.997 0.061 0.137 0.005 0.912 0.027 0.039 0.003 0.977 0.299 0.123 0.965 0.068 0.009 0.997 0.002 0.059 0.010 0.226 0.632 0.507 0.002 0.039 0.797 0.003 0.991 0.570 0.987 0.071 0.071 0.022 0.038 
