0 verbalA 25 0.577 0.008 0.141 0.990 0.002 0.588 0.416 0.456 0.880 0.993 0.590 0.996 0.534 0.439 0.437 0.035 0.423 0.002 0.781 0.770 0.207 0.780 0.173 0.407 0.992 0.002 0.528 0.183 0.995 0.003 0.882 0.053 0.994 0.585 0.579 0.002 0.997 0.768 0.694 0.070 0.421 0.014 0.868 0.002 0.220 0.681 0.974 0.462 0.613 0.002 0.175 0.495 0.291 0.205 0.393 0.998 0.973 0.277 0.665 0.907 
1 verbalB 25 0.823 0.009 0.024 0.986 0.002 0.130 0.534 0.093 0.828 0.994 0.229 0.986 0.831 0.611 0.496 0.014 0.356 0.002 0.882 0.921 0.043 0.478 0.014 0.116 0.992 0.002 0.038 0.045 0.992 0.004 0.715 0.025 0.990 0.844 0.717 0.002 0.998 0.550 0.417 0.364 0.371 0.009 0.861 0.002 0.051 0.041 0.981 0.252 0.027 0.002 0.018 0.525 0.058 0.927 0.920 0.996 0.966 0.301 0.573 0.910 
2 verbalC 25 0.787 0.030 0.159 0.994 0.002 0.466 0.266 0.099 0.594 0.992 0.462 0.992 0.691 0.196 0.536 0.020 0.505 0.004 0.496 0.588 0.209 0.815 0.061 0.276 0.961 0.003 0.472 0.517 0.992 0.012 0.582 0.047 0.981 0.438 0.323 0.003 0.995 0.564 0.310 0.377 0.371 0.013 0.886 0.002 0.125 0.083 0.926 0.564 0.348 0.002 0.117 0.611 0.054 0.681 0.434 0.997 0.568 0.130 0.427 0.540 
3 verbalA1 25 0.622 0.019 0.091 0.996 0.002 0.186 0.758 0.198 0.753 0.996 0.538 0.980 0.734 0.404 0.287 0.013 0.488 0.002 0.385 0.786 0.034 0.321 0.038 0.184 0.920 0.002 0.115 0.268 0.997 0.004 0.799 0.044 0.990 0.389 0.371 0.002 0.996 0.525 0.793 0.333 0.703 0.016 0.449 0.002 0.305 0.151 0.945 0.114 0.134 0.003 0.019 0.853 0.074 0.677 0.522 0.998 0.724 0.334 0.513 0.946 
4 verbalA2 25 0.266 0.059 0.054 0.997 0.002 0.171 0.823 0.412 0.934 0.985 0.944 0.997 0.708 0.421 0.177 0.011 0.433 0.002 0.540 0.741 0.332 0.486 0.034 0.471 0.983 0.003 0.338 0.375 0.993 0.007 0.731 0.019 0.987 0.578 0.096 0.002 0.994 0.358 0.836 0.042 0.264 0.004 0.633 0.003 0.373 0.477 0.812 0.392 0.570 0.002 0.074 0.764 0.019 0.124 0.144 0.997 0.788 0.169 0.248 0.986 
5 verbalB1 25 0.887 0.020 0.015 0.958 0.002 0.045 0.505 0.048 0.921 0.996 0.116 0.995 0.904 0.606 0.487 0.014 0.325 0.002 0.959 0.861 0.060 0.611 0.018 0.065 0.986 0.002 0.007 0.026 0.994 0.002 0.563 0.035 0.955 0.886 0.627 0.002 0.997 0.550 0.386 0.136 0.168 0.007 0.944 0.002 0.022 0.043 0.989 0.230 0.018 0.002 0.033 0.345 0.037 0.936 0.867 0.997 0.987 0.582 0.499 0.970 
6 verbalB2 25 0.968 0.009 0.321 0.996 0.002 0.317 0.320 0.117 0.556 0.982 0.043 0.996 0.602 0.175 0.422 0.003 0.076 0.002 0.865 0.689 0.013 0.039 0.012 0.216 0.991 0.002 0.006 0.146 0.994 0.004 0.778 0.013 0.990 0.890 0.211 0.002 0.998 0.938 0.205 0.405 0.579 0.016 0.914 0.002 0.098 0.167 0.972 0.395 0.022 0.002 0.079 0.296 0.046 0.565 0.944 0.994 0.979 0.456 0.856 0.547 
7 verbalC1 25 0.851 0.005 0.113 0.996 0.002 0.802 0.202 0.466 0.535 0.996 0.357 0.995 0.257 0.219 0.786 0.009 0.222 0.008 0.907 0.297 0.034 0.892 0.026 0.071 0.995 0.002 0.757 0.798 0.973 0.004 0.535 0.014 0.995 0.418 0.634 0.003 0.997 0.572 0.065 0.216 0.662 0.012 0.962 0.002 0.189 0.038 0.969 0.563 0.721 0.002 0.059 0.572 0.329 0.757 0.385 0.997 0.923 0.041 0.502 0.038 
8 verbalC2 25 0.816 0.006 0.086 0.996 0.002 0.826 0.111 0.249 0.270 0.986 0.214 0.990 0.419 0.327 0.465 0.005 0.126 0.004 0.685 0.865 0.040 0.680 0.014 0.099 0.995 0.002 0.734 0.897 0.996 0.019 0.846 0.004 0.989 0.688 0.352 0.002 0.998 0.506 0.073 0.201 0.709 0.011 0.855 0.002 0.354 0.034 0.694 0.714 0.067 0.002 0.092 0.674 0.052 0.792 0.720 0.993 0.767 0.068 0.431 0.066 
9 verbalA11 25 0.559 0.025 0.183 0.991 0.002 0.483 0.807 0.345 0.548 0.994 0.816 0.985 0.699 0.216 0.215 0.015 0.578 0.002 0.081 0.916 0.203 0.428 0.031 0.623 0.985 0.002 0.249 0.077 0.996 0.003 0.846 0.021 0.989 0.693 0.303 0.004 0.996 0.696 0.570 0.354 0.849 0.014 0.321 0.002 0.173 0.636 0.960 0.173 0.358 0.003 0.040 0.837 0.172 0.761 0.811 0.998 0.872 0.184 0.582 0.924 
10 verbalA12 25 0.439 0.013 0.081 0.988 0.002 0.261 0.636 0.193 0.833 0.986 0.440 0.995 0.658 0.514 0.200 0.037 0.537 0.002 0.606 0.783 0.067 0.455 0.072 0.258 0.978 0.003 0.092 0.087 0.996 0.004 0.650 0.058 0.977 0.805 0.515 0.003 0.995 0.726 0.569 0.127 0.503 0.014 0.598 0.002 0.110 0.194 0.977 0.196 0.218 0.002 0.025 0.606 0.097 0.677 0.476 0.997 0.949 0.375 0.438 0.903 
11 verbalA21 25 0.296 0.012 0.111 0.996 0.002 0.582 0.579 0.312 0.671 0.993 0.801 0.996 0.521 0.182 0.166 0.012 0.512 0.002 0.368 0.694 0.110 0.394 0.085 0.329 0.981 0.003 0.420 0.539 0.996 0.012 0.842 0.014 0.980 0.613 0.413 0.003 0.997 0.744 0.439 0.173 0.661 0.019 0.646 0.002 0.303 0.251 0.884 0.419 0.356 0.003 0.040 0.786 0.058 0.367 0.312 0.996 0.895 0.135 0.513 0.687 
12 verbalA22 25 0.545 0.009 0.146 0.995 0.002 0.365 0.694 0.191 0.704 0.993 0.563 0.995 0.676 0.228 0.219 0.014 0.535 0.002 0.525 0.796 0.115 0.436 0.072 0.338 0.985 0.002 0.198 0.337 0.995 0.006 0.758 0.017 0.989 0.644 0.389 0.003 0.997 0.835 0.584 0.175 0.513 0.013 0.811 0.002 0.222 0.223 0.939 0.365 0.263 0.003 0.098 0.634 0.060 0.538 0.406 0.996 0.939 0.193 0.661 0.898 
13 verbalB11 25 0.805 0.015 0.048 0.990 0.002 0.069 0.472 0.068 0.793 0.993 0.268 0.993 0.797 0.705 0.439 0.009 0.364 0.002 0.810 0.810 0.078 0.376 0.015 0.144 0.988 0.002 0.064 0.082 0.986 0.003 0.700 0.025 0.987 0.877 0.605 0.002 0.997 0.644 0.491 0.247 0.455 0.015 0.893 0.002 0.065 0.041 0.981 0.368 0.026 0.002 0.053 0.406 0.074 0.862 0.844 0.996 0.964 0.410 0.480 0.879 
14 verbalB12 25 0.892 0.026 0.039 0.979 0.002 0.031 0.556 0.032 0.891 0.996 0.110 0.996 0.905 0.551 0.474 0.011 0.340 0.002 0.914 0.815 0.060 0.565 0.009 0.062 0.992 0.002 0.010 0.021 0.994 0.003 0.623 0.060 0.959 0.863 0.576 0.002 0.998 0.486 0.630 0.283 0.316 0.014 0.891 0.002 0.028 0.031 0.992 0.246 0.014 0.002 0.036 0.513 0.022 0.908 0.909 0.997 0.981 0.419 0.649 0.967 
15 verbalB21 25 0.962 0.005 0.118 0.994 0.002 0.225 0.546 0.066 0.369 0.983 0.088 0.996 0.617 0.348 0.501 0.004 0.094 0.002 0.873 0.800 0.069 0.152 0.014 0.176 0.993 0.002 0.044 0.208 0.990 0.005 0.797 0.013 0.992 0.783 0.499 0.003 0.997 0.774 0.186 0.503 0.572 0.008 0.953 0.002 0.056 0.067 0.973 0.672 0.025 0.003 0.119 0.380 0.075 0.752 0.836 0.994 0.975 0.374 0.780 0.705 
16 verbalB22 25 0.826 0.009 0.052 0.990 0.002 0.152 0.517 0.074 0.820 0.996 0.126 0.996 0.775 0.410 0.460 0.016 0.425 0.002 0.804 0.777 0.043 0.428 0.042 0.116 0.984 0.002 0.033 0.100 0.993 0.003 0.589 0.029 0.976 0.728 0.635 0.002 0.997 0.772 0.426 0.283 0.384 0.016 0.894 0.002 0.080 0.069 0.983 0.272 0.048 0.002 0.026 0.582 0.028 0.809 0.768 0.996 0.976 0.291 0.662 0.872 
17 verbalC11 25 0.950 0.006 0.070 0.992 0.002 0.365 0.397 0.159 0.545 0.997 0.110 0.996 0.616 0.541 0.817 0.011 0.073 0.003 0.944 0.772 0.036 0.685 0.016 0.040 0.989 0.002 0.094 0.169 0.994 0.003 0.676 0.007 0.990 0.580 0.625 0.003 0.998 0.682 0.128 0.450 0.362 0.025 0.967 0.002 0.152 0.068 0.980 0.302 0.047 0.002 0.046 0.483 0.187 0.857 0.911 0.994 0.959 0.226 0.750 0.410 
18 verbalC12 25 0.833 0.004 0.133 0.994 0.002 0.787 0.210 0.416 0.598 0.996 0.361 0.997 0.324 0.198 0.711 0.018 0.180 0.004 0.822 0.486 0.017 0.695 0.059 0.108 0.986 0.002 0.448 0.650 0.995 0.003 0.722 0.007 0.993 0.206 0.539 0.003 0.997 0.903 0.218 0.221 0.567 0.017 0.906 0.002 0.298 0.077 0.968 0.242 0.503 0.002 0.075 0.653 0.223 0.497 0.428 0.995 0.926 0.143 0.711 0.110 
19 verbalC21 25 0.820 0.012 0.124 0.996 0.002 0.314 0.346 0.130 0.568 0.995 0.321 0.994 0.627 0.336 0.599 0.009 0.220 0.002 0.663 0.832 0.036 0.290 0.028 0.237 0.990 0.002 0.130 0.202 0.994 0.004 0.815 0.014 0.990 0.679 0.453 0.003 0.997 0.776 0.233 0.271 0.582 0.009 0.864 0.002 0.227 0.098 0.968 0.340 0.078 0.002 0.061 0.572 0.076 0.675 0.698 0.993 0.949 0.171 0.641 0.654 
20 verbalC22 25 0.905 0.006 0.195 0.995 0.002 0.381 0.325 0.124 0.259 0.987 0.341 0.994 0.592 0.551 0.559 0.005 0.107 0.002 0.670 0.779 0.076 0.332 0.009 0.251 0.988 0.002 0.336 0.361 0.983 0.011 0.832 0.019 0.984 0.816 0.359 0.003 0.998 0.519 0.127 0.371 0.725 0.008 0.926 0.002 0.104 0.134 0.842 0.604 0.046 0.002 0.075 0.595 0.081 0.615 0.858 0.993 0.882 0.235 0.673 0.217 
21 visualA11 25 0.012 0.029 0.940 0.998 0.002 0.238 0.818 0.497 0.964 0.997 0.933 0.980 0.705 0.107 0.289 0.007 0.953 0.002 0.016 0.604 0.124 0.163 0.164 0.976 0.933 0.002 0.248 0.095 0.998 0.002 0.753 0.028 0.998 0.048 0.235 0.002 0.993 0.985 0.741 0.263 0.800 0.032 0.006 0.008 0.937 0.996 0.905 0.013 0.987 0.002 0.043 0.950 0.487 0.030 0.150 0.998 0.253 0.746 0.282 0.993 
22 visualA12 25 0.010 0.019 0.945 0.998 0.002 0.777 0.785 0.383 0.953 0.990 0.928 0.984 0.222 0.163 0.066 0.014 0.929 0.002 0.020 0.741 0.150 0.113 0.247 0.963 0.880 0.002 0.145 0.085 0.998 0.002 0.815 0.078 0.995 0.077 0.116 0.002 0.968 0.991 0.943 0.654 0.867 0.018 0.004 0.003 0.934 0.995 0.776 0.011 0.977 0.002 0.031 0.927 0.465 0.022 0.070 0.998 0.406 0.676 0.205 0.992 
23 visualA21 25 0.175 0.010 0.038 0.998 0.003 0.019 0.987 0.868 0.990 0.993 0.982 0.997 0.388 0.929 0.094 0.002 0.422 0.002 0.904 0.842 0.716 0.855 0.184 0.702 0.996 0.003 0.858 0.460 0.990 0.067 0.943 0.110 0.997 0.099 0.204 0.002 0.993 0.049 0.738 0.010 0.010 0.004 0.905 0.005 0.627 0.984 0.591 0.934 0.981 0.002 0.892 0.190 0.158 0.009 0.014 0.998 0.068 0.265 0.027 0.995 
24 visualA22 25 0.092 0.010 0.029 0.998 0.004 0.024 0.982 0.796 0.993 0.989 0.984 0.995 0.470 0.922 0.040 0.002 0.755 0.002 0.733 0.950 0.663 0.865 0.094 0.667 0.991 0.003 0.933 0.293 0.988 0.057 0.952 0.089 0.998 0.210 0.254 0.002 0.992 0.052 0.860 0.020 0.019 0.003 0.867 0.004 0.725 0.994 0.400 0.913 0.985 0.002 0.936 0.243 0.063 0.013 0.013 0.998 0.030 0.344 0.059 0.995 
25 visualB11 25 0.950 0.012 0.006 0.969 0.002 0.012 0.898 0.016 0.980 0.995 0.072 0.997 0.991 0.518 0.433 0.029 0.359 0.002 0.980 0.900 0.021 0.611 0.031 0.102 0.996 0.002 0.013 0.015 0.997 0.002 0.747 0.025 0.995 0.959 0.825 0.002 0.998 0.445 0.455 0.157 0.256 0.004 0.953 0.002 0.018 0.035 0.994 0.119 0.005 0.002 0.020 0.257 0.009 0.945 0.595 0.997 0.993 0.687 0.696 0.991 
26 visualB12 25 0.882 0.009 0.005 0.994 0.002 0.013 0.634 0.015 0.981 0.993 0.054 0.994 0.990 0.301 0.504 0.014 0.605 0.002 0.968 0.631 0.022 0.431 0.027 0.083 0.996 0.002 0.007 0.014 0.996 0.002 0.512 0.030 0.995 0.879 0.828 0.002 0.998 0.743 0.266 0.091 0.074 0.007 0.932 0.002 0.025 0.040 0.992 0.072 0.010 0.002 0.015 0.250 0.016 0.942 0.479 0.994 0.992 0.754 0.775 0.986 
27 visualB21 25 0.993 0.003 0.879 0.996 0.002 0.684 0.711 0.047 0.028 0.755 0.009 0.997 0.096 0.084 0.125 0.002 0.016 0.002 0.699 0.895 0.010 0.014 0.023 0.598 0.997 0.002 0.007 0.049 0.996 0.006 0.912 0.006 0.997 0.867 0.032 0.002 0.998 0.983 0.048 0.952 0.478 0.010 0.986 0.002 0.034 0.739 0.856 0.761 0.005 0.002 0.810 0.217 0.133 0.937 0.994 0.996 0.934 0.579 0.960 0.113 
28 visualB22 25 0.991 0.002 0.838 0.997 0.002 0.530 0.643 0.340 0.185 0.870 0.012 0.997 0.108 0.451 0.244 0.002 0.007 0.002 0.967 0.841 0.004 0.029 0.019 0.261 0.996 0.002 0.017 0.446 0.993 0.011 0.953 0.005 0.997 0.939 0.058 0.002 0.998 0.963 0.019 0.685 0.767 0.004 0.971 0.002 0.039 0.506 0.931 0.918 0.005 0.002 0.827 0.079 0.250 0.785 0.991 0.996 0.910 0.541 0.858 0.071 
29 visualC11 25 0.557 0.003 0.778 0.998 0.002 0.846 0.028 0.808 0.730 0.995 0.031 0.998 0.043 0.078 0.690 0.004 0.203 0.004 0.988 0.045 0.034 0.697 0.053 0.177 0.998 0.004 0.091 0.987 0.941 0.002 0.171 0.003 0.994 0.138 0.282 0.002 0.998 0.926 0.008 0.116 0.613 0.017 0.899 0.002 0.348 0.142 0.994 0.856 0.667 0.002 0.681 0.365 0.463 0.288 0.049 0.994 0.886 0.051 0.755 0.006 
30 visualC12 25 0.632 0.003 0.602 0.998 0.002 0.918 0.054 0.780 0.590 0.997 0.027 0.998 0.075 0.087 0.773 0.009 0.163 0.005 0.983 0.098 0.074 0.853 0.013 0.050 0.996 0.004 0.247 0.983 0.938 0.002 0.143 0.003 0.995 0.126 0.364 0.002 0.998 0.821 0.008 0.279 0.543 0.012 0.923 0.002 0.174 0.067 0.992 0.853 0.673 0.002 0.510 0.445 0.209 0.469 0.096 0.995 0.892 0.033 0.903 0.004 
31 visualC21 25 0.910 0.041 0.093 0.995 0.003 0.974 0.019 0.029 0.189 0.990 0.679 0.984 0.788 0.391 0.277 0.007 0.624 0.012 0.131 0.951 0.583 0.828 0.003 0.254 0.996 0.002 0.988 0.881 0.992 0.195 0.515 0.009 0.961 0.648 0.295 0.002 0.998 0.013 0.168 0.404 0.558 0.003 0.890 0.002 0.296 0.006 0.087 0.964 0.177 0.002 0.181 0.914 0.006 0.910 0.937 0.993 0.030 0.010 0.163 0.004 
32 visualC22 25 0.671 0.012 0.027 0.996 0.002 0.811 0.025 0.040 0.177 0.952 0.366 0.971 0.818 0.802 0.378 0.004 0.561 0.017 0.229 0.922 0.443 0.774 0.004 0.188 0.996 0.003 0.988 0.949 0.996 0.275 0.742 0.020 0.865 0.877 0.329 0.002 0.998 0.009 0.187 0.310 0.911 0.010 0.846 0.002 0.113 0.011 0.096 0.954 0.053 0.002 0.100 0.615 0.008 0.882 0.939 0.997 0.043 0.017 0.190 0.005 
