0 verbalA 25 0.150 0.002 0.145 0.998 0.002 0.209 0.800 0.994 0.770 0.997 0.374 0.996 0.022 0.975 0.887 0.008 0.546 0.002 0.989 0.992 0.118 0.994 0.993 0.701 0.994 0.002 0.984 0.795 0.998 0.080 0.993 0.990 0.998 0.390 0.955 0.002 0.994 0.484 0.883 0.030 0.715 0.808 0.855 0.002 0.977 0.995 0.951 0.980 0.995 0.002 0.988 0.080 0.970 0.013 0.041 0.998 0.902 0.002 0.939 0.993 
1 verbalB 25 0.714 0.002 0.055 0.997 0.002 0.282 0.027 0.992 0.948 0.998 0.005 0.917 0.008 0.973 0.714 0.011 0.517 0.002 0.994 0.963 0.028 0.278 0.986 0.352 0.984 0.002 0.299 0.017 0.997 0.230 0.990 0.990 0.998 0.844 0.993 0.003 0.996 0.960 0.881 0.764 0.859 0.295 0.406 0.002 0.975 0.988 0.992 0.268 0.013 0.002 0.743 0.125 0.744 0.991 0.988 0.998 0.989 0.009 0.945 0.993 
2 verbalC 25 0.405 0.003 0.987 0.998 0.002 0.423 0.004 0.974 0.031 0.997 0.790 0.996 0.008 0.989 0.977 0.004 0.979 0.021 0.994 0.014 0.949 0.993 0.988 0.965 0.886 0.002 0.995 0.995 0.996 0.543 0.132 0.724 0.998 0.092 0.916 0.010 0.995 0.184 0.055 0.392 0.989 0.922 0.974 0.002 0.994 0.951 0.975 0.985 0.993 0.002 0.988 0.282 0.984 0.991 0.935 0.998 0.005 0.002 0.256 0.006 
3 verbalA1 25 0.006 0.009 0.979 0.997 0.002 0.962 0.919 0.994 0.516 0.996 0.982 0.990 0.252 0.991 0.986 0.065 0.098 0.002 0.007 0.993 0.008 0.993 0.992 0.993 0.955 0.002 0.831 0.037 0.998 0.003 0.994 0.987 0.998 0.342 0.424 0.002 0.886 0.990 0.967 0.946 0.994 0.833 0.003 0.003 0.383 0.994 0.971 0.006 0.988 0.002 0.008 0.992 0.995 0.008 0.156 0.998 0.900 0.013 0.983 0.995 
4 verbalA2 25 0.173 0.005 0.016 0.998 0.003 0.052 0.995 0.995 0.672 0.994 0.991 0.998 0.520 0.649 0.422 0.013 0.723 0.002 0.940 0.995 0.535 0.991 0.984 0.624 0.995 0.002 0.872 0.814 0.998 0.361 0.993 0.989 0.998 0.017 0.446 0.002 0.988 0.012 0.986 0.013 0.004 0.091 0.993 0.004 0.986 0.985 0.015 0.994 0.995 0.002 0.992 0.956 0.207 0.005 0.005 0.998 0.325 0.002 0.817 0.995 
5 verbalB1 25 0.599 0.008 0.005 0.949 0.002 0.008 0.063 0.477 0.995 0.998 0.009 0.996 0.990 0.960 0.953 0.026 0.333 0.002 0.995 0.990 0.801 0.994 0.988 0.023 0.965 0.002 0.003 0.004 0.996 0.014 0.964 0.985 0.997 0.688 0.991 0.002 0.954 0.590 0.990 0.942 0.004 0.036 0.984 0.002 0.006 0.072 0.994 0.673 0.006 0.002 0.840 0.730 0.573 0.994 0.251 0.998 0.993 0.021 0.050 0.995 
6 verbalB2 25 0.994 0.002 0.987 0.998 0.002 0.985 0.154 0.989 0.888 0.995 0.004 0.997 0.006 0.072 0.178 0.002 0.047 0.002 0.994 0.921 0.042 0.004 0.987 0.032 0.980 0.002 0.005 0.012 0.995 0.219 0.989 0.991 0.998 0.913 0.960 0.002 0.996 0.994 0.754 0.991 0.405 0.153 0.955 0.002 0.055 0.990 0.993 0.799 0.010 0.002 0.993 0.060 0.274 0.936 0.994 0.998 0.993 0.018 0.994 0.959 
7 verbalC1 25 0.389 0.002 0.899 0.998 0.002 0.727 0.004 0.991 0.407 0.998 0.846 0.998 0.004 0.979 0.991 0.003 0.994 0.019 0.994 0.004 0.309 0.992 0.968 0.832 0.776 0.002 0.994 0.995 0.992 0.017 0.005 0.138 0.998 0.101 0.936 0.005 0.996 0.837 0.007 0.013 0.994 0.705 0.991 0.002 0.995 0.615 0.994 0.941 0.995 0.002 0.981 0.140 0.994 0.994 0.567 0.998 0.071 0.002 0.086 0.003 
8 verbalC2 25 0.647 0.003 0.871 0.998 0.002 0.987 0.004 0.562 0.017 0.988 0.039 0.954 0.912 0.990 0.906 0.004 0.524 0.005 0.944 0.718 0.964 0.989 0.855 0.985 0.988 0.002 0.995 0.995 0.998 0.962 0.993 0.158 0.994 0.755 0.927 0.003 0.997 0.005 0.019 0.085 0.990 0.310 0.796 0.002 0.995 0.392 0.005 0.993 0.010 0.002 0.734 0.933 0.023 0.994 0.914 0.998 0.054 0.002 0.013 0.004 
9 verbalA11 25 0.004 0.034 0.988 0.995 0.003 0.589 0.965 0.994 0.046 0.997 0.994 0.988 0.987 0.967 0.837 0.007 0.523 0.002 0.004 0.990 0.547 0.993 0.959 0.994 0.979 0.002 0.927 0.006 0.998 0.003 0.992 0.822 0.998 0.017 0.075 0.002 0.920 0.993 0.910 0.752 0.994 0.466 0.004 0.020 0.389 0.995 0.984 0.005 0.987 0.002 0.019 0.991 0.994 0.033 0.981 0.998 0.014 0.010 0.992 0.995 
10 verbalA12 25 0.004 0.004 0.959 0.994 0.002 0.977 0.966 0.993 0.527 0.985 0.990 0.992 0.021 0.990 0.963 0.102 0.200 0.002 0.007 0.991 0.005 0.992 0.993 0.993 0.943 0.002 0.933 0.007 0.998 0.004 0.992 0.990 0.997 0.992 0.120 0.002 0.670 0.991 0.969 0.905 0.994 0.785 0.004 0.002 0.107 0.994 0.941 0.005 0.992 0.002 0.006 0.972 0.994 0.005 0.008 0.998 0.983 0.013 0.986 0.994 
11 verbalA21 25 0.008 0.005 0.023 0.998 0.004 0.195 0.995 0.994 0.791 0.995 0.993 0.997 0.553 0.307 0.230 0.009 0.912 0.002 0.748 0.994 0.492 0.989 0.992 0.990 0.997 0.002 0.903 0.796 0.998 0.443 0.993 0.984 0.998 0.010 0.846 0.002 0.993 0.014 0.988 0.027 0.004 0.368 0.993 0.006 0.985 0.975 0.007 0.994 0.994 0.002 0.992 0.983 0.541 0.004 0.005 0.998 0.055 0.002 0.498 0.993 
12 verbalA22 25 0.070 0.017 0.080 0.998 0.019 0.016 0.995 0.993 0.482 0.989 0.993 0.995 0.938 0.288 0.099 0.005 0.896 0.002 0.335 0.995 0.905 0.988 0.990 0.964 0.991 0.002 0.922 0.932 0.998 0.619 0.993 0.977 0.998 0.006 0.510 0.002 0.989 0.018 0.982 0.008 0.004 0.232 0.992 0.005 0.983 0.978 0.027 0.994 0.995 0.002 0.994 0.802 0.789 0.005 0.006 0.998 0.009 0.002 0.206 0.994 
13 verbalB11 25 0.285 0.013 0.008 0.989 0.002 0.006 0.410 0.661 0.995 0.998 0.007 0.998 0.982 0.994 0.924 0.020 0.066 0.002 0.994 0.993 0.964 0.994 0.975 0.014 0.985 0.002 0.005 0.004 0.992 0.044 0.981 0.699 0.998 0.990 0.992 0.002 0.952 0.191 0.994 0.962 0.006 0.106 0.951 0.002 0.008 0.013 0.994 0.979 0.005 0.002 0.982 0.798 0.787 0.991 0.060 0.998 0.990 0.020 0.007 0.995 
14 verbalB12 25 0.963 0.005 0.007 0.980 0.002 0.004 0.031 0.286 0.995 0.998 0.007 0.995 0.993 0.924 0.898 0.017 0.891 0.002 0.994 0.960 0.877 0.994 0.909 0.006 0.993 0.002 0.004 0.004 0.995 0.012 0.892 0.991 0.996 0.023 0.988 0.002 0.977 0.928 0.994 0.892 0.005 0.057 0.983 0.002 0.008 0.033 0.995 0.012 0.005 0.002 0.231 0.467 0.074 0.995 0.973 0.998 0.989 0.021 0.841 0.995 
15 verbalB21 25 0.994 0.002 0.993 0.998 0.002 0.993 0.273 0.737 0.094 0.987 0.004 0.998 0.006 0.005 0.639 0.002 0.006 0.002 0.993 0.952 0.932 0.003 0.979 0.961 0.995 0.002 0.004 0.007 0.998 0.117 0.988 0.986 0.998 0.940 0.972 0.002 0.995 0.994 0.878 0.995 0.015 0.301 0.994 0.002 0.006 0.986 0.993 0.847 0.005 0.002 0.993 0.166 0.870 0.922 0.993 0.998 0.993 0.011 0.994 0.898 
16 verbalB22 25 0.988 0.002 0.989 0.998 0.002 0.827 0.244 0.974 0.869 0.997 0.004 0.998 0.005 0.025 0.015 0.002 0.029 0.002 0.994 0.604 0.013 0.004 0.953 0.013 0.936 0.002 0.006 0.058 0.996 0.110 0.952 0.992 0.997 0.970 0.771 0.002 0.996 0.995 0.972 0.991 0.498 0.078 0.959 0.002 0.136 0.988 0.993 0.970 0.006 0.002 0.987 0.089 0.012 0.624 0.980 0.998 0.993 0.053 0.994 0.981 
17 verbalC11 25 0.572 0.002 0.986 0.998 0.002 0.914 0.004 0.991 0.349 0.998 0.846 0.998 0.006 0.968 0.990 0.002 0.961 0.008 0.994 0.005 0.640 0.991 0.950 0.346 0.930 0.002 0.989 0.994 0.988 0.023 0.005 0.126 0.998 0.008 0.903 0.004 0.996 0.979 0.005 0.010 0.992 0.824 0.991 0.002 0.995 0.210 0.995 0.979 0.992 0.002 0.989 0.321 0.994 0.993 0.793 0.998 0.016 0.002 0.219 0.004 
18 verbalC12 25 0.991 0.002 0.014 0.998 0.002 0.977 0.004 0.981 0.928 0.998 0.870 0.998 0.005 0.012 0.993 0.007 0.988 0.036 0.994 0.005 0.014 0.991 0.941 0.830 0.880 0.003 0.994 0.995 0.996 0.004 0.010 0.446 0.998 0.006 0.937 0.003 0.991 0.742 0.008 0.008 0.993 0.796 0.987 0.002 0.995 0.013 0.995 0.030 0.996 0.002 0.178 0.013 0.988 0.986 0.053 0.998 0.863 0.002 0.717 0.004 
19 verbalC21 25 0.906 0.004 0.707 0.998 0.002 0.977 0.004 0.022 0.013 0.994 0.041 0.969 0.771 0.983 0.574 0.005 0.734 0.012 0.814 0.415 0.833 0.978 0.846 0.993 0.785 0.002 0.995 0.994 0.998 0.973 0.978 0.486 0.991 0.970 0.971 0.004 0.996 0.005 0.011 0.135 0.993 0.520 0.755 0.002 0.994 0.370 0.006 0.993 0.006 0.002 0.334 0.867 0.041 0.983 0.744 0.998 0.032 0.002 0.004 0.005 
20 verbalC22 25 0.402 0.003 0.103 0.998 0.002 0.936 0.004 0.221 0.011 0.988 0.203 0.988 0.961 0.992 0.387 0.008 0.571 0.006 0.897 0.030 0.950 0.949 0.101 0.966 0.838 0.002 0.995 0.995 0.997 0.976 0.992 0.738 0.970 0.992 0.388 0.004 0.997 0.004 0.121 0.845 0.994 0.425 0.526 0.002 0.993 0.738 0.004 0.994 0.006 0.002 0.010 0.980 0.013 0.991 0.951 0.998 0.404 0.002 0.083 0.003 
21 visualA11 25 0.003 0.010 0.994 0.997 0.003 0.184 0.985 0.991 0.084 0.998 0.996 0.989 0.995 0.969 0.843 0.005 0.855 0.002 0.003 0.983 0.448 0.986 0.898 0.994 0.993 0.002 0.951 0.005 0.998 0.002 0.991 0.756 0.998 0.006 0.051 0.002 0.933 0.994 0.904 0.273 0.995 0.607 0.003 0.039 0.523 0.996 0.976 0.003 0.997 0.002 0.024 0.995 0.994 0.003 0.941 0.998 0.007 0.004 0.993 0.996 
22 visualA12 25 0.003 0.003 0.976 0.996 0.002 0.995 0.987 0.989 0.518 0.991 0.995 0.988 0.030 0.976 0.923 0.061 0.205 0.002 0.003 0.994 0.006 0.983 0.991 0.995 0.947 0.002 0.890 0.004 0.998 0.003 0.994 0.989 0.997 0.971 0.076 0.002 0.584 0.995 0.984 0.959 0.995 0.782 0.003 0.002 0.190 0.996 0.850 0.003 0.997 0.002 0.003 0.991 0.993 0.003 0.005 0.998 0.983 0.024 0.958 0.996 
23 visualA21 25 0.006 0.012 0.005 0.998 0.006 0.007 0.996 0.993 0.820 0.997 0.987 0.997 0.814 0.974 0.681 0.007 0.332 0.002 0.983 0.993 0.834 0.986 0.992 0.989 0.997 0.003 0.575 0.197 0.998 0.369 0.992 0.986 0.998 0.006 0.987 0.002 0.967 0.004 0.927 0.004 0.003 0.139 0.994 0.003 0.474 0.992 0.031 0.996 0.997 0.002 0.996 0.740 0.891 0.003 0.003 0.998 0.017 0.002 0.171 0.996 
24 visualA22 25 0.021 0.005 0.011 0.998 0.028 0.004 0.995 0.991 0.458 0.996 0.996 0.992 0.986 0.589 0.135 0.002 0.957 0.002 0.256 0.995 0.991 0.992 0.838 0.668 0.990 0.004 0.971 0.509 0.996 0.206 0.994 0.962 0.998 0.141 0.410 0.002 0.967 0.004 0.994 0.005 0.004 0.052 0.994 0.008 0.974 0.996 0.010 0.996 0.997 0.002 0.996 0.180 0.562 0.003 0.003 0.998 0.004 0.002 0.322 0.996 
25 visualB11 25 0.472 0.009 0.003 0.980 0.002 0.003 0.071 0.088 0.997 0.998 0.003 0.998 0.996 0.985 0.838 0.029 0.259 0.002 0.996 0.994 0.976 0.993 0.953 0.020 0.981 0.002 0.004 0.004 0.995 0.022 0.935 0.941 0.997 0.989 0.994 0.002 0.970 0.524 0.987 0.987 0.004 0.052 0.981 0.002 0.003 0.008 0.996 0.786 0.003 0.002 0.863 0.921 0.435 0.994 0.387 0.998 0.995 0.007 0.027 0.996 
26 visualB12 25 0.981 0.004 0.003 0.985 0.002 0.003 0.044 0.384 0.997 0.998 0.003 0.991 0.996 0.954 0.759 0.015 0.806 0.002 0.996 0.805 0.596 0.988 0.961 0.006 0.993 0.002 0.003 0.004 0.997 0.028 0.965 0.992 0.997 0.015 0.988 0.002 0.987 0.971 0.977 0.723 0.003 0.043 0.897 0.002 0.003 0.257 0.996 0.003 0.003 0.002 0.178 0.262 0.087 0.994 0.957 0.998 0.994 0.052 0.909 0.995 
27 visualB21 25 0.996 0.003 0.996 0.998 0.002 0.991 0.069 0.268 0.338 0.988 0.003 0.998 0.004 0.007 0.064 0.002 0.004 0.002 0.992 0.946 0.984 0.003 0.979 0.837 0.995 0.002 0.004 0.003 0.998 0.162 0.989 0.980 0.998 0.947 0.985 0.002 0.996 0.996 0.977 0.996 0.005 0.178 0.994 0.002 0.003 0.969 0.996 0.637 0.003 0.002 0.996 0.717 0.683 0.994 0.995 0.998 0.992 0.003 0.994 0.943 
28 visualB22 25 0.995 0.002 0.992 0.998 0.002 0.896 0.067 0.990 0.933 0.997 0.003 0.998 0.004 0.444 0.028 0.002 0.035 0.002 0.995 0.892 0.020 0.004 0.973 0.008 0.957 0.002 0.009 0.047 0.995 0.293 0.993 0.988 0.998 0.975 0.971 0.002 0.996 0.995 0.957 0.947 0.778 0.078 0.918 0.002 0.081 0.995 0.995 0.977 0.003 0.002 0.996 0.233 0.038 0.910 0.995 0.998 0.993 0.010 0.989 0.985 
29 visualC11 25 0.881 0.002 0.958 0.998 0.002 0.810 0.003 0.993 0.619 0.998 0.721 0.998 0.004 0.646 0.996 0.003 0.989 0.015 0.996 0.004 0.134 0.995 0.976 0.894 0.760 0.002 0.989 0.996 0.992 0.010 0.003 0.114 0.998 0.054 0.910 0.003 0.996 0.779 0.003 0.010 0.992 0.825 0.993 0.002 0.989 0.211 0.995 0.946 0.997 0.002 0.991 0.031 0.995 0.985 0.161 0.998 0.032 0.002 0.054 0.003 
30 visualC12 25 0.985 0.002 0.016 0.998 0.002 0.995 0.003 0.995 0.975 0.998 0.604 0.998 0.004 0.016 0.996 0.004 0.986 0.107 0.996 0.005 0.070 0.994 0.380 0.564 0.881 0.003 0.993 0.996 0.985 0.005 0.004 0.636 0.998 0.131 0.400 0.002 0.990 0.630 0.003 0.188 0.992 0.314 0.989 0.002 0.988 0.008 0.995 0.418 0.997 0.002 0.154 0.027 0.409 0.981 0.024 0.997 0.986 0.002 0.975 0.002 
31 visualC21 25 0.991 0.006 0.498 0.998 0.003 0.996 0.003 0.010 0.008 0.998 0.646 0.991 0.365 0.749 0.392 0.003 0.979 0.010 0.904 0.658 0.984 0.990 0.711 0.992 0.981 0.002 0.996 0.996 0.998 0.965 0.798 0.039 0.995 0.296 0.984 0.002 0.996 0.003 0.028 0.028 0.898 0.052 0.983 0.002 0.989 0.040 0.003 0.996 0.014 0.002 0.921 0.987 0.024 0.995 0.919 0.998 0.005 0.002 0.007 0.002 
32 visualC22 25 0.183 0.004 0.098 0.998 0.002 0.953 0.003 0.378 0.012 0.980 0.049 0.972 0.968 0.995 0.443 0.010 0.620 0.009 0.973 0.024 0.987 0.991 0.171 0.986 0.892 0.003 0.995 0.996 0.998 0.969 0.992 0.566 0.963 0.994 0.193 0.004 0.996 0.003 0.134 0.904 0.994 0.341 0.518 0.002 0.984 0.763 0.003 0.996 0.009 0.002 0.012 0.975 0.004 0.995 0.943 0.998 0.153 0.002 0.079 0.003 
