0 verbalA 25 0.073 0.002 0.158 0.998 0.002 0.160 0.852 0.995 0.820 0.997 0.248 0.996 0.017 0.984 0.924 0.011 0.719 0.002 0.992 0.994 0.073 0.994 0.993 0.758 0.995 0.002 0.990 0.892 0.998 0.264 0.994 0.993 0.998 0.395 0.983 0.002 0.987 0.491 0.960 0.024 0.833 0.923 0.907 0.002 0.989 0.995 0.985 0.989 0.995 0.002 0.992 0.035 0.977 0.009 0.030 0.998 0.931 0.002 0.981 0.994 
1 verbalB 25 0.655 0.002 0.087 0.998 0.002 0.269 0.008 0.994 0.978 0.998 0.004 0.934 0.008 0.987 0.926 0.013 0.663 0.002 0.995 0.980 0.021 0.492 0.992 0.324 0.990 0.002 0.274 0.013 0.997 0.713 0.993 0.993 0.998 0.891 0.994 0.004 0.989 0.983 0.981 0.886 0.880 0.611 0.529 0.002 0.986 0.990 0.993 0.349 0.012 0.002 0.928 0.037 0.613 0.993 0.991 0.998 0.991 0.006 0.983 0.994 
2 verbalC 25 0.055 0.003 0.985 0.998 0.002 0.714 0.004 0.991 0.062 0.996 0.446 0.994 0.009 0.991 0.987 0.007 0.991 0.011 0.995 0.015 0.975 0.994 0.993 0.983 0.904 0.002 0.995 0.995 0.997 0.961 0.825 0.969 0.998 0.436 0.969 0.017 0.987 0.118 0.184 0.846 0.993 0.938 0.977 0.002 0.995 0.988 0.983 0.993 0.993 0.002 0.985 0.737 0.982 0.993 0.944 0.998 0.007 0.002 0.776 0.005 
3 verbalA1 25 0.005 0.008 0.989 0.997 0.002 0.969 0.940 0.995 0.547 0.997 0.978 0.991 0.429 0.992 0.988 0.048 0.086 0.002 0.007 0.994 0.005 0.994 0.993 0.994 0.953 0.002 0.933 0.050 0.998 0.007 0.994 0.992 0.998 0.194 0.901 0.002 0.887 0.991 0.980 0.967 0.994 0.922 0.003 0.003 0.647 0.995 0.987 0.006 0.990 0.002 0.007 0.993 0.996 0.006 0.158 0.998 0.919 0.018 0.985 0.995 
4 verbalA2 25 0.292 0.005 0.013 0.998 0.003 0.039 0.996 0.995 0.515 0.996 0.992 0.998 0.773 0.389 0.702 0.022 0.644 0.002 0.954 0.995 0.465 0.994 0.989 0.771 0.996 0.002 0.876 0.739 0.998 0.489 0.994 0.992 0.998 0.013 0.592 0.002 0.978 0.008 0.989 0.009 0.004 0.314 0.994 0.003 0.989 0.990 0.036 0.994 0.995 0.002 0.993 0.924 0.173 0.004 0.004 0.998 0.401 0.002 0.942 0.995 
5 verbalB1 25 0.789 0.005 0.005 0.958 0.002 0.007 0.024 0.583 0.996 0.998 0.009 0.994 0.992 0.985 0.971 0.018 0.480 0.002 0.995 0.992 0.835 0.994 0.992 0.028 0.961 0.002 0.003 0.004 0.996 0.086 0.987 0.992 0.997 0.700 0.992 0.002 0.815 0.736 0.994 0.963 0.004 0.047 0.984 0.002 0.006 0.193 0.995 0.634 0.005 0.002 0.906 0.283 0.674 0.995 0.274 0.998 0.993 0.029 0.048 0.995 
6 verbalB2 25 0.994 0.002 0.991 0.998 0.002 0.983 0.026 0.992 0.951 0.997 0.004 0.996 0.006 0.409 0.468 0.002 0.124 0.002 0.994 0.929 0.031 0.004 0.992 0.020 0.982 0.002 0.005 0.009 0.996 0.734 0.992 0.993 0.998 0.918 0.987 0.002 0.987 0.995 0.986 0.993 0.644 0.263 0.972 0.002 0.096 0.991 0.993 0.832 0.010 0.002 0.993 0.020 0.240 0.971 0.994 0.998 0.994 0.011 0.994 0.956 
7 verbalC1 25 0.126 0.002 0.849 0.998 0.002 0.872 0.004 0.993 0.607 0.998 0.726 0.998 0.005 0.991 0.993 0.004 0.995 0.014 0.995 0.004 0.524 0.993 0.981 0.400 0.912 0.002 0.995 0.995 0.993 0.118 0.006 0.689 0.998 0.335 0.935 0.007 0.985 0.972 0.007 0.016 0.995 0.831 0.992 0.002 0.995 0.960 0.994 0.978 0.995 0.002 0.980 0.439 0.994 0.995 0.785 0.998 0.131 0.002 0.824 0.003 
8 verbalC2 25 0.692 0.003 0.959 0.998 0.002 0.990 0.004 0.813 0.015 0.989 0.012 0.956 0.946 0.992 0.976 0.005 0.543 0.004 0.974 0.807 0.986 0.991 0.961 0.992 0.991 0.002 0.995 0.995 0.998 0.987 0.994 0.302 0.996 0.866 0.964 0.002 0.990 0.005 0.024 0.025 0.994 0.518 0.654 0.002 0.995 0.886 0.005 0.994 0.006 0.002 0.856 0.955 0.024 0.995 0.956 0.998 0.064 0.002 0.017 0.003 
9 verbalA11 25 0.004 0.031 0.992 0.996 0.003 0.675 0.969 0.994 0.020 0.997 0.994 0.988 0.992 0.975 0.829 0.006 0.421 0.002 0.003 0.993 0.399 0.994 0.990 0.995 0.975 0.002 0.978 0.006 0.998 0.005 0.993 0.929 0.998 0.012 0.265 0.002 0.825 0.993 0.940 0.891 0.994 0.729 0.004 0.016 0.473 0.995 0.992 0.005 0.988 0.002 0.020 0.993 0.995 0.027 0.989 0.998 0.010 0.012 0.993 0.995 
10 verbalA12 25 0.004 0.003 0.979 0.995 0.002 0.979 0.983 0.994 0.582 0.990 0.987 0.991 0.020 0.993 0.965 0.068 0.177 0.002 0.007 0.993 0.004 0.993 0.994 0.994 0.944 0.002 0.977 0.006 0.998 0.009 0.993 0.993 0.998 0.993 0.615 0.002 0.558 0.992 0.977 0.945 0.994 0.915 0.003 0.002 0.167 0.995 0.980 0.005 0.993 0.002 0.005 0.978 0.995 0.004 0.006 0.998 0.987 0.021 0.988 0.995 
11 verbalA21 25 0.006 0.004 0.014 0.998 0.003 0.222 0.995 0.995 0.794 0.997 0.994 0.997 0.715 0.153 0.364 0.009 0.943 0.002 0.774 0.995 0.268 0.993 0.993 0.993 0.997 0.002 0.907 0.726 0.998 0.446 0.994 0.990 0.998 0.008 0.954 0.002 0.984 0.009 0.990 0.018 0.004 0.764 0.994 0.005 0.989 0.985 0.008 0.994 0.994 0.002 0.993 0.986 0.434 0.004 0.004 0.998 0.056 0.002 0.670 0.994 
12 verbalA22 25 0.093 0.020 0.071 0.998 0.020 0.009 0.995 0.994 0.234 0.993 0.994 0.994 0.979 0.065 0.122 0.005 0.944 0.002 0.256 0.995 0.912 0.993 0.992 0.975 0.992 0.002 0.951 0.923 0.998 0.709 0.994 0.987 0.998 0.005 0.633 0.002 0.972 0.012 0.984 0.006 0.004 0.701 0.993 0.004 0.990 0.988 0.047 0.994 0.995 0.002 0.994 0.343 0.754 0.005 0.005 0.998 0.006 0.002 0.324 0.994 
13 verbalB11 25 0.494 0.009 0.007 0.992 0.002 0.005 0.194 0.618 0.995 0.998 0.006 0.997 0.983 0.995 0.944 0.016 0.107 0.002 0.994 0.994 0.979 0.994 0.988 0.014 0.985 0.002 0.005 0.004 0.992 0.189 0.990 0.821 0.998 0.992 0.993 0.002 0.661 0.294 0.995 0.982 0.005 0.217 0.949 0.002 0.008 0.017 0.994 0.984 0.004 0.002 0.990 0.256 0.847 0.993 0.036 0.998 0.992 0.023 0.005 0.995 
14 verbalB12 25 0.984 0.004 0.006 0.985 0.002 0.004 0.017 0.584 0.995 0.998 0.006 0.992 0.995 0.971 0.960 0.012 0.934 0.002 0.994 0.976 0.836 0.994 0.974 0.005 0.994 0.002 0.004 0.004 0.996 0.077 0.982 0.993 0.997 0.008 0.990 0.002 0.901 0.957 0.995 0.904 0.005 0.071 0.983 0.002 0.008 0.103 0.995 0.009 0.004 0.002 0.294 0.038 0.047 0.995 0.977 0.998 0.991 0.037 0.894 0.995 
15 verbalB21 25 0.994 0.002 0.994 0.998 0.002 0.995 0.066 0.820 0.081 0.992 0.004 0.998 0.006 0.005 0.970 0.002 0.006 0.002 0.993 0.950 0.974 0.003 0.988 0.986 0.996 0.002 0.004 0.006 0.998 0.421 0.991 0.992 0.998 0.934 0.986 0.002 0.970 0.994 0.989 0.996 0.011 0.306 0.994 0.002 0.005 0.990 0.994 0.825 0.005 0.002 0.993 0.040 0.940 0.956 0.993 0.998 0.994 0.008 0.994 0.817 
16 verbalB22 25 0.990 0.002 0.991 0.998 0.002 0.803 0.125 0.988 0.922 0.998 0.004 0.998 0.006 0.038 0.036 0.002 0.050 0.002 0.994 0.598 0.008 0.004 0.980 0.010 0.954 0.002 0.006 0.055 0.997 0.615 0.973 0.993 0.997 0.974 0.910 0.002 0.985 0.995 0.993 0.993 0.587 0.110 0.979 0.002 0.149 0.990 0.993 0.986 0.006 0.002 0.989 0.025 0.007 0.678 0.982 0.998 0.994 0.034 0.995 0.987 
17 verbalC11 25 0.471 0.002 0.990 0.998 0.002 0.919 0.004 0.992 0.356 0.998 0.795 0.998 0.006 0.988 0.992 0.003 0.979 0.009 0.994 0.005 0.756 0.992 0.980 0.184 0.959 0.002 0.993 0.995 0.986 0.209 0.005 0.421 0.998 0.008 0.928 0.005 0.985 0.991 0.005 0.007 0.994 0.910 0.993 0.002 0.995 0.789 0.995 0.986 0.992 0.002 0.990 0.649 0.995 0.995 0.955 0.998 0.016 0.002 0.723 0.003 
18 verbalC12 25 0.992 0.002 0.007 0.998 0.002 0.986 0.004 0.988 0.986 0.998 0.843 0.998 0.005 0.009 0.994 0.009 0.991 0.052 0.994 0.005 0.012 0.992 0.979 0.849 0.901 0.003 0.994 0.995 0.997 0.019 0.013 0.872 0.998 0.005 0.972 0.003 0.937 0.852 0.007 0.006 0.994 0.860 0.989 0.002 0.995 0.014 0.995 0.030 0.995 0.002 0.056 0.014 0.990 0.990 0.033 0.998 0.949 0.002 0.976 0.003 
19 verbalC21 25 0.948 0.003 0.911 0.998 0.002 0.990 0.004 0.015 0.012 0.996 0.014 0.968 0.638 0.985 0.924 0.006 0.818 0.014 0.921 0.767 0.889 0.987 0.977 0.994 0.881 0.002 0.995 0.995 0.998 0.987 0.991 0.598 0.994 0.982 0.989 0.004 0.984 0.004 0.009 0.033 0.994 0.727 0.780 0.002 0.995 0.512 0.005 0.994 0.004 0.002 0.659 0.926 0.044 0.988 0.838 0.998 0.025 0.002 0.004 0.004 
20 verbalC22 25 0.515 0.003 0.148 0.998 0.002 0.948 0.004 0.516 0.010 0.991 0.165 0.988 0.987 0.994 0.547 0.015 0.740 0.005 0.931 0.024 0.980 0.969 0.121 0.986 0.868 0.002 0.995 0.995 0.998 0.988 0.994 0.894 0.982 0.993 0.421 0.003 0.992 0.004 0.268 0.875 0.995 0.637 0.294 0.002 0.995 0.977 0.004 0.995 0.004 0.002 0.006 0.989 0.009 0.992 0.977 0.998 0.833 0.002 0.123 0.003 
21 visualA11 25 0.003 0.009 0.995 0.997 0.003 0.179 0.987 0.992 0.035 0.998 0.996 0.990 0.996 0.967 0.708 0.006 0.869 0.002 0.003 0.987 0.274 0.990 0.975 0.995 0.990 0.002 0.981 0.005 0.998 0.004 0.993 0.924 0.998 0.005 0.126 0.002 0.850 0.994 0.929 0.379 0.996 0.808 0.003 0.041 0.589 0.996 0.988 0.003 0.996 0.002 0.031 0.995 0.994 0.003 0.965 0.998 0.006 0.004 0.993 0.996 
22 visualA12 25 0.003 0.003 0.984 0.997 0.002 0.995 0.990 0.990 0.608 0.994 0.995 0.986 0.036 0.977 0.902 0.044 0.226 0.002 0.003 0.994 0.005 0.990 0.992 0.995 0.941 0.002 0.958 0.004 0.998 0.006 0.995 0.992 0.997 0.980 0.418 0.002 0.484 0.995 0.989 0.972 0.996 0.905 0.003 0.002 0.298 0.996 0.923 0.003 0.996 0.002 0.003 0.993 0.994 0.003 0.004 0.998 0.989 0.026 0.937 0.996 
23 visualA21 25 0.005 0.014 0.004 0.998 0.006 0.005 0.996 0.993 0.860 0.998 0.989 0.997 0.936 0.923 0.688 0.006 0.458 0.002 0.985 0.994 0.798 0.990 0.993 0.992 0.997 0.003 0.603 0.074 0.998 0.338 0.993 0.992 0.998 0.006 0.992 0.002 0.911 0.003 0.982 0.004 0.003 0.390 0.995 0.003 0.723 0.996 0.050 0.996 0.996 0.002 0.996 0.579 0.853 0.003 0.003 0.998 0.016 0.002 0.201 0.996 
24 visualA22 25 0.043 0.007 0.060 0.998 0.030 0.004 0.996 0.992 0.156 0.995 0.996 0.990 0.989 0.132 0.015 0.002 0.984 0.002 0.033 0.995 0.992 0.993 0.867 0.740 0.989 0.003 0.960 0.489 0.997 0.244 0.994 0.987 0.998 0.096 0.170 0.002 0.919 0.004 0.995 0.005 0.003 0.262 0.994 0.006 0.994 0.996 0.017 0.996 0.996 0.002 0.996 0.150 0.684 0.003 0.003 0.998 0.004 0.002 0.354 0.996 
25 visualB11 25 0.560 0.005 0.003 0.987 0.002 0.003 0.038 0.070 0.997 0.998 0.003 0.998 0.996 0.990 0.791 0.028 0.565 0.002 0.996 0.995 0.985 0.994 0.986 0.016 0.976 0.002 0.004 0.004 0.995 0.125 0.979 0.971 0.997 0.991 0.994 0.002 0.765 0.716 0.991 0.991 0.004 0.100 0.978 0.002 0.003 0.006 0.996 0.790 0.003 0.002 0.920 0.735 0.547 0.995 0.320 0.998 0.995 0.009 0.017 0.996 
26 visualB12 25 0.991 0.003 0.003 0.988 0.002 0.003 0.026 0.768 0.997 0.998 0.003 0.988 0.997 0.984 0.931 0.015 0.807 0.002 0.996 0.853 0.590 0.991 0.989 0.005 0.995 0.002 0.003 0.004 0.997 0.163 0.992 0.993 0.997 0.007 0.991 0.002 0.944 0.983 0.986 0.814 0.003 0.060 0.921 0.002 0.003 0.544 0.996 0.003 0.003 0.002 0.260 0.019 0.062 0.995 0.971 0.998 0.994 0.086 0.955 0.996 
27 visualB21 25 0.996 0.003 0.996 0.998 0.002 0.992 0.031 0.404 0.287 0.994 0.003 0.998 0.004 0.009 0.823 0.002 0.003 0.002 0.992 0.960 0.990 0.003 0.991 0.911 0.997 0.002 0.004 0.003 0.998 0.478 0.994 0.986 0.998 0.936 0.990 0.002 0.962 0.996 0.987 0.996 0.005 0.333 0.995 0.002 0.003 0.989 0.996 0.545 0.003 0.002 0.996 0.093 0.906 0.995 0.995 0.998 0.993 0.003 0.994 0.943 
28 visualB22 25 0.995 0.002 0.995 0.998 0.002 0.862 0.024 0.993 0.961 0.998 0.003 0.997 0.004 0.750 0.110 0.002 0.096 0.002 0.995 0.882 0.018 0.004 0.988 0.006 0.966 0.002 0.009 0.037 0.996 0.849 0.994 0.991 0.998 0.976 0.987 0.002 0.986 0.995 0.981 0.962 0.851 0.166 0.960 0.002 0.104 0.996 0.996 0.981 0.003 0.002 0.996 0.023 0.023 0.972 0.995 0.998 0.994 0.009 0.991 0.986 
29 visualC11 25 0.256 0.002 0.908 0.998 0.002 0.826 0.003 0.995 0.640 0.998 0.322 0.998 0.004 0.965 0.996 0.004 0.991 0.017 0.996 0.004 0.204 0.995 0.990 0.854 0.808 0.002 0.991 0.996 0.996 0.109 0.003 0.458 0.998 0.558 0.936 0.006 0.984 0.913 0.003 0.007 0.993 0.939 0.993 0.002 0.991 0.865 0.995 0.977 0.996 0.002 0.991 0.064 0.995 0.988 0.337 0.998 0.048 0.002 0.474 0.003 
30 visualC12 25 0.988 0.002 0.010 0.998 0.002 0.996 0.003 0.995 0.991 0.998 0.341 0.998 0.004 0.015 0.996 0.006 0.990 0.084 0.996 0.004 0.090 0.994 0.498 0.434 0.882 0.004 0.994 0.996 0.993 0.015 0.008 0.929 0.998 0.161 0.396 0.002 0.909 0.927 0.003 0.211 0.993 0.192 0.991 0.002 0.991 0.020 0.995 0.478 0.996 0.002 0.115 0.027 0.197 0.985 0.047 0.997 0.994 0.002 0.994 0.002 
31 visualC21 25 0.994 0.004 0.685 0.998 0.003 0.996 0.003 0.009 0.007 0.998 0.462 0.990 0.303 0.812 0.779 0.003 0.981 0.011 0.961 0.794 0.988 0.993 0.911 0.994 0.983 0.002 0.996 0.996 0.998 0.986 0.974 0.044 0.996 0.443 0.993 0.002 0.987 0.003 0.018 0.010 0.967 0.134 0.975 0.002 0.991 0.157 0.003 0.996 0.008 0.002 0.926 0.984 0.039 0.995 0.935 0.998 0.005 0.002 0.005 0.002 
32 visualC22 25 0.117 0.003 0.080 0.998 0.002 0.980 0.003 0.692 0.010 0.984 0.029 0.972 0.989 0.995 0.667 0.020 0.808 0.006 0.981 0.016 0.992 0.993 0.212 0.990 0.901 0.002 0.996 0.996 0.998 0.985 0.994 0.787 0.975 0.995 0.225 0.003 0.990 0.003 0.436 0.975 0.995 0.597 0.355 0.002 0.989 0.948 0.003 0.996 0.006 0.002 0.004 0.994 0.004 0.995 0.981 0.998 0.581 0.002 0.130 0.003 
