0 verbalA 25 0.986 0.839 0.902 0.121 0.142 0.998 0.800 0.774 0.666 0.085 0.980 0.991 0.002 0.966 0.998 0.970 0.795 0.175 0.030 0.002 0.684 0.635 0.131 0.851 0.969 0.792 0.976 0.980 0.948 0.998 0.722 0.877 0.034 0.957 0.023 0.984 0.989 0.656 0.825 0.993 0.991 0.968 0.553 0.663 0.955 0.903 0.959 0.977 0.994 0.998 0.973 0.215 0.964 0.992 0.521 0.993 0.995 0.992 0.574 0.993 
1 verbalB 25 0.942 0.849 0.928 0.992 0.063 0.998 0.329 0.131 0.164 0.407 0.832 0.868 0.002 0.991 0.998 0.923 0.990 0.962 0.738 0.002 0.459 0.461 0.006 0.826 0.989 0.335 0.980 0.584 0.975 0.998 0.587 0.981 0.052 0.994 0.014 0.978 0.977 0.976 0.976 0.991 0.849 0.975 0.979 0.987 0.056 0.918 0.977 0.988 0.980 0.998 0.735 0.332 0.988 0.877 0.277 0.922 0.994 0.917 0.536 0.990 
2 verbalC 25 0.802 0.426 0.992 0.009 0.733 0.998 0.912 0.991 0.010 0.221 0.956 0.857 0.002 0.411 0.979 0.982 0.982 0.017 0.269 0.002 0.786 0.925 0.205 0.953 0.993 0.525 0.990 0.875 0.504 0.997 0.160 0.658 0.974 0.990 0.010 0.991 0.993 0.265 0.573 0.943 0.188 0.617 0.846 0.541 0.981 0.812 0.640 0.963 0.966 0.997 0.909 0.979 0.986 0.992 0.821 0.651 0.947 0.105 0.064 0.994 
3 verbalA1 25 0.630 0.945 0.458 0.012 0.903 0.997 0.634 0.995 0.834 0.008 0.069 0.991 0.002 0.633 0.994 0.988 0.457 0.165 0.005 0.002 0.988 0.870 0.022 0.979 0.274 0.990 0.093 0.993 0.890 0.998 0.839 0.356 0.025 0.144 0.991 0.994 0.843 0.384 0.991 0.390 0.957 0.509 0.016 0.257 0.994 0.958 0.923 0.986 0.994 0.998 0.994 0.034 0.580 0.993 0.259 0.994 0.994 0.357 0.320 0.986 
4 verbalA2 25 0.351 0.276 0.322 0.524 0.013 0.998 0.863 0.057 0.989 0.005 0.914 0.988 0.002 0.994 0.998 0.860 0.005 0.984 0.010 0.002 0.055 0.753 0.991 0.144 0.587 0.973 0.974 0.296 0.993 0.998 0.991 0.989 0.005 0.386 0.005 0.633 0.703 0.035 0.957 0.989 0.995 0.978 0.236 0.395 0.931 0.539 0.981 0.948 0.992 0.998 0.884 0.016 0.994 0.949 0.993 0.994 0.927 0.995 0.902 0.993 
5 verbalB1 25 0.967 0.291 0.835 0.992 0.040 0.998 0.137 0.005 0.702 0.995 0.971 0.010 0.002 0.986 0.998 0.954 0.930 0.670 0.969 0.002 0.907 0.006 0.005 0.257 0.992 0.965 0.994 0.985 0.986 0.991 0.006 0.111 0.057 0.994 0.334 0.982 0.993 0.939 0.734 0.994 0.035 0.937 0.991 0.993 0.728 0.962 0.705 0.667 0.841 0.998 0.965 0.561 0.958 0.915 0.687 0.018 0.993 0.991 0.269 0.574 
6 verbalB2 25 0.941 0.024 0.949 0.995 0.776 0.998 0.676 0.004 0.007 0.015 0.881 0.900 0.002 0.975 0.998 0.833 0.994 0.996 0.956 0.002 0.375 0.973 0.004 0.895 0.961 0.015 0.175 0.987 0.986 0.998 0.348 0.995 0.016 0.992 0.085 0.895 0.957 0.988 0.994 0.992 0.655 0.983 0.620 0.733 0.029 0.992 0.944 0.955 0.011 0.998 0.109 0.994 0.994 0.943 0.009 0.296 0.995 0.988 0.237 0.359 
7 verbalC1 25 0.980 0.969 0.910 0.005 0.136 0.998 0.930 0.991 0.009 0.006 0.993 0.354 0.007 0.184 0.990 0.845 0.981 0.005 0.995 0.002 0.726 0.982 0.784 0.877 0.975 0.127 0.984 0.004 0.749 0.991 0.040 0.369 0.995 0.982 0.004 0.995 0.990 0.728 0.604 0.985 0.280 0.991 0.822 0.786 0.428 0.004 0.972 0.945 0.025 0.998 0.990 0.992 0.005 0.974 0.877 0.027 0.047 0.153 0.307 0.992 
8 verbalC2 25 0.938 0.970 0.994 0.005 0.151 0.998 0.839 0.988 0.052 0.995 0.983 0.992 0.003 0.012 0.998 0.989 0.992 0.005 0.015 0.002 0.835 0.468 0.332 0.751 0.995 0.005 0.959 0.012 0.793 0.998 0.234 0.032 0.993 0.994 0.952 0.031 0.987 0.698 0.553 0.745 0.318 0.980 0.995 0.499 0.017 0.978 0.970 0.688 0.927 0.928 0.005 0.028 0.993 0.992 0.990 0.991 0.005 0.017 0.026 0.988 
9 verbalA11 25 0.077 0.933 0.053 0.009 0.815 0.998 0.119 0.995 0.836 0.005 0.040 0.991 0.002 0.874 0.993 0.989 0.027 0.161 0.004 0.002 0.928 0.949 0.336 0.986 0.554 0.994 0.055 0.993 0.693 0.998 0.950 0.074 0.010 0.007 0.941 0.976 0.694 0.450 0.963 0.006 0.948 0.089 0.010 0.215 0.994 0.895 0.493 0.986 0.993 0.996 0.994 0.194 0.950 0.992 0.507 0.994 0.993 0.242 0.396 0.992 
10 verbalA12 25 0.292 0.197 0.785 0.006 0.990 0.984 0.628 0.995 0.979 0.010 0.008 0.986 0.002 0.066 0.989 0.984 0.335 0.056 0.004 0.002 0.991 0.561 0.323 0.925 0.008 0.988 0.049 0.992 0.746 0.998 0.969 0.362 0.013 0.008 0.993 0.994 0.543 0.230 0.993 0.470 0.852 0.949 0.008 0.153 0.991 0.976 0.821 0.987 0.994 0.998 0.995 0.017 0.008 0.993 0.398 0.995 0.991 0.830 0.266 0.814 
11 verbalA21 25 0.028 0.589 0.140 0.951 0.008 0.998 0.036 0.053 0.985 0.007 0.313 0.961 0.002 0.994 0.997 0.838 0.004 0.994 0.005 0.002 0.824 0.380 0.957 0.169 0.978 0.884 0.987 0.320 0.989 0.998 0.991 0.990 0.007 0.016 0.005 0.905 0.825 0.017 0.984 0.982 0.994 0.985 0.093 0.057 0.993 0.062 0.989 0.992 0.994 0.998 0.307 0.008 0.994 0.053 0.995 0.994 0.018 0.994 0.508 0.984 
12 verbalA22 25 0.010 0.007 0.953 0.148 0.011 0.987 0.865 0.162 0.987 0.011 0.552 0.987 0.005 0.992 0.994 0.559 0.005 0.989 0.005 0.009 0.396 0.741 0.995 0.029 0.033 0.991 0.988 0.527 0.995 0.998 0.995 0.952 0.005 0.020 0.005 0.593 0.098 0.008 0.988 0.987 0.994 0.982 0.140 0.015 0.982 0.080 0.963 0.042 0.990 0.998 0.168 0.007 0.992 0.983 0.990 0.994 0.085 0.995 0.920 0.993 
13 verbalB11 25 0.824 0.304 0.229 0.990 0.021 0.998 0.527 0.005 0.913 0.995 0.944 0.006 0.002 0.970 0.998 0.735 0.989 0.967 0.990 0.002 0.951 0.005 0.005 0.176 0.940 0.995 0.993 0.993 0.995 0.996 0.005 0.021 0.010 0.993 0.927 0.331 0.669 0.198 0.787 0.994 0.011 0.088 0.992 0.993 0.043 0.959 0.752 0.078 0.730 0.998 0.990 0.104 0.550 0.869 0.588 0.004 0.992 0.990 0.351 0.015 
14 verbalB12 25 0.989 0.939 0.005 0.993 0.006 0.998 0.665 0.005 0.735 0.993 0.930 0.005 0.002 0.990 0.998 0.861 0.857 0.991 0.958 0.002 0.865 0.008 0.005 0.943 0.990 0.994 0.993 0.954 0.989 0.998 0.007 0.092 0.039 0.993 0.626 0.676 0.956 0.954 0.238 0.993 0.196 0.286 0.960 0.993 0.025 0.219 0.948 0.674 0.931 0.998 0.933 0.219 0.962 0.089 0.259 0.005 0.994 0.987 0.186 0.861 
15 verbalB21 25 0.963 0.028 0.923 0.994 0.987 0.998 0.655 0.005 0.058 0.052 0.958 0.016 0.002 0.934 0.998 0.613 0.993 0.994 0.970 0.003 0.012 0.982 0.005 0.693 0.240 0.018 0.409 0.990 0.995 0.996 0.032 0.994 0.071 0.991 0.892 0.707 0.944 0.989 0.980 0.981 0.341 0.988 0.837 0.988 0.494 0.994 0.710 0.149 0.007 0.998 0.667 0.995 0.990 0.590 0.006 0.104 0.995 0.945 0.809 0.072 
16 verbalB22 25 0.125 0.266 0.956 0.994 0.965 0.998 0.276 0.005 0.005 0.053 0.703 0.976 0.002 0.979 0.998 0.539 0.995 0.995 0.586 0.002 0.619 0.960 0.005 0.969 0.975 0.016 0.038 0.990 0.926 0.998 0.239 0.995 0.005 0.993 0.431 0.086 0.814 0.993 0.992 0.953 0.072 0.798 0.330 0.600 0.007 0.989 0.875 0.989 0.010 0.998 0.108 0.995 0.995 0.291 0.006 0.930 0.994 0.934 0.029 0.021 
17 verbalC11 25 0.988 0.851 0.985 0.005 0.271 0.998 0.975 0.993 0.106 0.006 0.993 0.025 0.003 0.017 0.980 0.947 0.932 0.004 0.994 0.002 0.189 0.986 0.932 0.820 0.880 0.020 0.990 0.006 0.906 0.990 0.024 0.224 0.995 0.957 0.004 0.995 0.994 0.888 0.254 0.981 0.183 0.994 0.961 0.534 0.944 0.005 0.834 0.874 0.010 0.998 0.989 0.994 0.004 0.587 0.977 0.031 0.006 0.010 0.887 0.992 
18 verbalC12 25 0.994 0.983 0.006 0.005 0.006 0.998 0.911 0.994 0.014 0.005 0.995 0.968 0.005 0.231 0.967 0.137 0.994 0.010 0.994 0.003 0.009 0.956 0.980 0.962 0.987 0.027 0.388 0.004 0.826 0.994 0.820 0.736 0.995 0.471 0.005 0.995 0.991 0.697 0.020 0.892 0.838 0.992 0.991 0.805 0.022 0.005 0.952 0.993 0.027 0.998 0.988 0.978 0.005 0.620 0.009 0.013 0.072 0.010 0.391 0.992 
19 verbalC21 25 0.402 0.552 0.993 0.005 0.430 0.997 0.989 0.972 0.281 0.995 0.982 0.993 0.002 0.006 0.995 0.990 0.956 0.005 0.019 0.002 0.823 0.594 0.071 0.469 0.994 0.005 0.983 0.006 0.081 0.997 0.609 0.007 0.995 0.992 0.943 0.021 0.986 0.415 0.608 0.301 0.089 0.991 0.994 0.097 0.596 0.990 0.205 0.062 0.222 0.777 0.004 0.747 0.993 0.988 0.994 0.978 0.004 0.034 0.061 0.592 
20 verbalC22 25 0.949 0.990 0.992 0.006 0.312 0.998 0.040 0.993 0.023 0.994 0.990 0.992 0.006 0.007 0.997 0.972 0.994 0.006 0.056 0.002 0.979 0.819 0.990 0.662 0.995 0.006 0.044 0.007 0.956 0.998 0.226 0.016 0.983 0.992 0.977 0.090 0.088 0.865 0.474 0.149 0.084 0.755 0.995 0.204 0.005 0.681 0.988 0.987 0.795 0.988 0.005 0.006 0.994 0.949 0.990 0.989 0.005 0.033 0.031 0.983 
21 visualA11 25 0.111 0.272 0.696 0.005 0.902 0.991 0.137 0.995 0.983 0.006 0.010 0.995 0.002 0.964 0.989 0.979 0.016 0.664 0.003 0.002 0.920 0.865 0.608 0.936 0.046 0.993 0.017 0.992 0.982 0.998 0.995 0.873 0.004 0.003 0.137 0.987 0.916 0.009 0.977 0.009 0.989 0.524 0.025 0.016 0.995 0.991 0.608 0.989 0.996 0.998 0.996 0.012 0.989 0.995 0.545 0.996 0.995 0.610 0.564 0.989 
22 visualA12 25 0.067 0.020 0.980 0.003 0.984 0.936 0.406 0.995 0.996 0.300 0.016 0.995 0.003 0.191 0.995 0.984 0.482 0.830 0.003 0.002 0.993 0.143 0.864 0.606 0.003 0.984 0.018 0.994 0.977 0.998 0.981 0.921 0.004 0.003 0.996 0.992 0.186 0.040 0.995 0.891 0.962 0.988 0.007 0.007 0.991 0.994 0.914 0.960 0.995 0.998 0.996 0.004 0.005 0.995 0.809 0.996 0.853 0.970 0.190 0.296 
23 visualA21 25 0.009 0.679 0.019 0.738 0.010 0.998 0.051 0.615 0.995 0.013 0.115 0.986 0.002 0.995 0.998 0.804 0.004 0.996 0.003 0.002 0.914 0.408 0.960 0.210 0.963 0.988 0.846 0.179 0.995 0.998 0.989 0.996 0.004 0.003 0.005 0.878 0.480 0.005 0.802 0.924 0.997 0.892 0.017 0.012 0.994 0.027 0.986 0.992 0.996 0.998 0.758 0.006 0.994 0.065 0.995 0.996 0.018 0.995 0.411 0.993 
24 visualA22 25 0.007 0.006 0.960 0.263 0.015 0.988 0.961 0.085 0.996 0.005 0.431 0.992 0.003 0.995 0.991 0.510 0.006 0.996 0.003 0.008 0.416 0.803 0.995 0.010 0.011 0.991 0.991 0.597 0.995 0.998 0.991 0.958 0.004 0.008 0.005 0.523 0.106 0.004 0.985 0.994 0.997 0.951 0.035 0.010 0.957 0.129 0.980 0.047 0.996 0.998 0.189 0.006 0.985 0.984 0.994 0.996 0.220 0.996 0.923 0.994 
25 visualB11 25 0.813 0.014 0.088 0.996 0.089 0.998 0.576 0.004 0.984 0.995 0.992 0.002 0.002 0.850 0.998 0.900 0.983 0.908 0.995 0.005 0.619 0.004 0.003 0.158 0.929 0.984 0.993 0.996 0.994 0.995 0.004 0.062 0.024 0.996 0.993 0.257 0.840 0.660 0.430 0.995 0.016 0.576 0.995 0.994 0.648 0.993 0.125 0.011 0.050 0.998 0.992 0.763 0.257 0.708 0.232 0.007 0.996 0.992 0.730 0.003 
26 visualB12 25 0.668 0.891 0.171 0.996 0.008 0.998 0.539 0.004 0.530 0.988 0.912 0.005 0.002 0.982 0.998 0.552 0.983 0.992 0.993 0.002 0.978 0.005 0.003 0.212 0.987 0.995 0.993 0.992 0.994 0.996 0.007 0.106 0.015 0.995 0.936 0.364 0.447 0.561 0.641 0.995 0.015 0.114 0.993 0.993 0.007 0.821 0.904 0.300 0.909 0.998 0.956 0.081 0.977 0.601 0.680 0.007 0.996 0.994 0.046 0.009 
27 visualB21 25 0.996 0.056 0.574 0.996 0.961 0.998 0.807 0.003 0.006 0.422 0.942 0.004 0.002 0.990 0.998 0.247 0.994 0.996 0.989 0.003 0.016 0.953 0.003 0.856 0.400 0.016 0.730 0.995 0.997 0.995 0.010 0.991 0.009 0.995 0.584 0.427 0.986 0.994 0.972 0.993 0.118 0.963 0.512 0.992 0.178 0.982 0.722 0.081 0.003 0.998 0.699 0.996 0.980 0.243 0.005 0.006 0.996 0.986 0.186 0.042 
28 visualB22 25 0.295 0.789 0.982 0.996 0.522 0.998 0.195 0.007 0.003 0.198 0.443 0.768 0.002 0.992 0.998 0.820 0.995 0.995 0.777 0.003 0.907 0.420 0.003 0.762 0.982 0.007 0.475 0.990 0.929 0.998 0.071 0.992 0.004 0.995 0.031 0.591 0.741 0.996 0.993 0.993 0.085 0.936 0.466 0.703 0.005 0.965 0.879 0.992 0.045 0.998 0.153 0.987 0.992 0.465 0.034 0.772 0.995 0.991 0.008 0.063 
29 visualC11 25 0.964 0.856 0.992 0.003 0.068 0.998 0.982 0.995 0.071 0.004 0.990 0.064 0.005 0.007 0.942 0.956 0.947 0.003 0.996 0.002 0.357 0.993 0.925 0.540 0.827 0.022 0.995 0.005 0.839 0.989 0.007 0.100 0.996 0.844 0.004 0.996 0.991 0.517 0.276 0.976 0.121 0.988 0.943 0.338 0.939 0.004 0.867 0.821 0.006 0.997 0.987 0.996 0.003 0.930 0.961 0.019 0.003 0.008 0.883 0.995 
30 visualC12 25 0.995 0.953 0.005 0.003 0.008 0.998 0.878 0.996 0.010 0.004 0.989 0.972 0.006 0.018 0.938 0.169 0.993 0.003 0.996 0.003 0.009 0.991 0.995 0.957 0.989 0.021 0.417 0.003 0.853 0.992 0.568 0.275 0.996 0.533 0.003 0.995 0.978 0.788 0.022 0.490 0.608 0.986 0.992 0.769 0.056 0.004 0.952 0.988 0.009 0.998 0.989 0.979 0.003 0.354 0.006 0.006 0.003 0.007 0.605 0.996 
31 visualC21 25 0.523 0.284 0.995 0.004 0.687 0.998 0.992 0.896 0.254 0.996 0.977 0.995 0.002 0.004 0.995 0.991 0.944 0.003 0.096 0.002 0.320 0.978 0.318 0.653 0.994 0.004 0.987 0.003 0.398 0.996 0.635 0.004 0.996 0.993 0.929 0.013 0.994 0.716 0.468 0.088 0.051 0.992 0.995 0.148 0.839 0.996 0.101 0.026 0.043 0.873 0.003 0.928 0.995 0.955 0.994 0.980 0.003 0.015 0.276 0.876 
32 visualC22 25 0.988 0.983 0.993 0.003 0.057 0.998 0.020 0.990 0.006 0.996 0.986 0.992 0.023 0.013 0.997 0.977 0.996 0.003 0.604 0.002 0.978 0.935 0.995 0.447 0.995 0.006 0.016 0.003 0.981 0.997 0.205 0.017 0.973 0.991 0.785 0.568 0.090 0.784 0.192 0.316 0.294 0.936 0.994 0.205 0.004 0.186 0.990 0.991 0.416 0.992 0.004 0.004 0.994 0.988 0.973 0.986 0.003 0.036 0.069 0.995 
