0 verbalA 25 0.002 0.003 0.950 0.863 0.984 0.926 0.170 0.968 0.313 0.021 0.993 0.955 0.086 0.002 0.843 0.137 0.004 0.232 0.476 0.003 0.803 0.722 0.509 0.882 0.974 0.571 0.638 0.152 0.972 0.913 0.960 0.971 0.931 0.990 0.976 0.993 0.987 0.876 0.966 0.990 0.421 0.349 0.199 0.974 0.895 0.452 0.003 0.002 0.987 0.958 0.163 0.561 0.851 0.113 0.941 0.948 0.941 0.953 0.966 0.889 
1 verbalB 25 0.002 0.005 0.006 0.269 0.929 0.405 0.975 0.994 0.985 0.958 0.037 0.993 0.178 0.002 0.976 0.012 0.002 0.058 0.727 0.002 0.992 0.094 0.656 0.992 0.969 0.972 0.490 0.019 0.986 0.816 0.988 0.422 0.841 0.980 0.931 0.743 0.900 0.993 0.903 0.084 0.145 0.115 0.992 0.992 0.913 0.968 0.003 0.003 0.591 0.040 0.058 0.523 0.989 0.020 0.993 0.027 0.045 0.991 0.010 0.994 
2 verbalC 25 0.018 0.003 0.990 0.069 0.986 0.976 0.026 0.987 0.072 0.981 0.994 0.154 0.061 0.002 0.976 0.005 0.012 0.538 0.964 0.002 0.507 0.043 0.994 0.010 0.660 0.926 0.990 0.906 0.960 0.436 0.996 0.923 0.986 0.840 0.472 0.989 0.970 0.993 0.136 0.903 0.994 0.213 0.048 0.989 0.021 0.532 0.003 0.002 0.184 0.410 0.988 0.912 0.932 0.376 0.022 0.005 0.906 0.148 0.928 0.947 
3 verbalA1 25 0.002 0.003 0.802 0.695 0.966 0.981 0.045 0.613 0.032 0.004 0.963 0.986 0.906 0.002 0.574 0.108 0.003 0.013 0.960 0.002 0.494 0.825 0.004 0.020 0.947 0.007 0.847 0.990 0.979 0.994 0.984 0.996 0.992 0.986 0.994 0.984 0.769 0.005 0.494 0.988 0.720 0.993 0.533 0.923 0.988 0.025 0.002 0.002 0.982 0.991 0.034 0.851 0.284 0.544 0.984 0.988 0.925 0.151 0.991 0.012 
4 verbalA2 25 0.002 0.002 0.967 0.868 0.960 0.208 0.259 0.896 0.955 0.005 0.990 0.052 0.775 0.002 0.990 0.060 0.002 0.038 0.976 0.003 0.048 0.845 0.005 0.993 0.852 0.726 0.884 0.007 0.155 0.715 0.958 0.974 0.100 0.981 0.984 0.993 0.958 0.027 0.994 0.995 0.014 0.018 0.945 0.899 0.743 0.993 0.002 0.002 0.979 0.991 0.047 0.776 0.431 0.157 0.983 0.994 0.991 0.608 0.622 0.598 
5 verbalB1 25 0.002 0.024 0.004 0.893 0.901 0.973 0.992 0.992 0.989 0.989 0.010 0.994 0.005 0.002 0.985 0.003 0.002 0.089 0.182 0.002 0.992 0.034 0.688 0.995 0.988 0.977 0.006 0.007 0.035 0.778 0.927 0.988 0.664 0.949 0.993 0.428 0.930 0.994 0.359 0.007 0.976 0.016 0.927 0.992 0.069 0.901 0.003 0.004 0.237 0.005 0.005 0.007 0.875 0.007 0.994 0.005 0.008 0.993 0.008 0.992 
6 verbalB2 25 0.002 0.003 0.004 0.146 0.961 0.005 0.481 0.985 0.994 0.980 0.007 0.991 0.977 0.002 0.973 0.016 0.002 0.722 0.580 0.002 0.991 0.071 0.016 0.975 0.927 0.994 0.950 0.350 0.994 0.023 0.998 0.424 0.846 0.975 0.034 0.881 0.939 0.991 0.984 0.057 0.008 0.793 0.994 0.992 0.987 0.957 0.002 0.003 0.526 0.009 0.033 0.916 0.992 0.977 0.988 0.010 0.006 0.983 0.005 0.988 
7 verbalC1 25 0.024 0.002 0.993 0.003 0.984 0.992 0.058 0.981 0.255 0.989 0.972 0.010 0.028 0.002 0.985 0.002 0.044 0.023 0.964 0.002 0.022 0.007 0.995 0.008 0.380 0.891 0.992 0.992 0.989 0.179 0.997 0.291 0.974 0.054 0.107 0.992 0.973 0.993 0.064 0.282 0.958 0.015 0.008 0.983 0.009 0.010 0.004 0.002 0.007 0.226 0.995 0.954 0.730 0.136 0.004 0.013 0.421 0.005 0.754 0.943 
8 verbalC2 25 0.816 0.003 0.409 0.199 0.762 0.965 0.029 0.990 0.005 0.878 0.994 0.005 0.992 0.002 0.013 0.004 0.002 0.758 0.249 0.003 0.991 0.894 0.995 0.010 0.330 0.228 0.978 0.006 0.020 0.315 0.996 0.105 0.877 0.655 0.005 0.848 0.061 0.764 0.055 0.896 0.977 0.007 0.006 0.646 0.677 0.319 0.008 0.002 0.887 0.991 0.991 0.461 0.932 0.804 0.007 0.005 0.984 0.994 0.993 0.992 
9 verbalA11 25 0.002 0.002 0.828 0.623 0.972 0.990 0.032 0.248 0.042 0.006 0.971 0.982 0.953 0.002 0.755 0.098 0.003 0.009 0.916 0.002 0.563 0.320 0.005 0.017 0.968 0.007 0.863 0.992 0.991 0.994 0.992 0.996 0.987 0.986 0.993 0.984 0.658 0.005 0.479 0.991 0.952 0.993 0.734 0.431 0.955 0.138 0.002 0.002 0.984 0.992 0.008 0.962 0.448 0.529 0.981 0.983 0.954 0.040 0.989 0.007 
10 verbalA12 25 0.002 0.002 0.699 0.295 0.820 0.930 0.107 0.092 0.071 0.004 0.704 0.967 0.992 0.002 0.928 0.019 0.002 0.005 0.985 0.002 0.796 0.989 0.005 0.009 0.251 0.006 0.767 0.992 0.802 0.993 0.979 0.996 0.988 0.984 0.993 0.984 0.342 0.004 0.807 0.986 0.723 0.993 0.861 0.918 0.991 0.032 0.002 0.002 0.990 0.992 0.284 0.993 0.057 0.219 0.936 0.985 0.934 0.007 0.991 0.007 
11 verbalA21 25 0.002 0.002 0.969 0.768 0.988 0.038 0.037 0.240 0.658 0.005 0.990 0.012 0.006 0.002 0.347 0.042 0.002 0.967 0.991 0.002 0.012 0.853 0.004 0.992 0.921 0.990 0.538 0.006 0.010 0.982 0.924 0.990 0.010 0.982 0.989 0.993 0.979 0.008 0.994 0.995 0.011 0.006 0.942 0.498 0.184 0.994 0.002 0.002 0.948 0.993 0.011 0.205 0.014 0.667 0.926 0.989 0.990 0.021 0.409 0.821 
12 verbalA22 25 0.002 0.002 0.944 0.942 0.856 0.444 0.023 0.705 0.971 0.005 0.989 0.007 0.145 0.002 0.993 0.162 0.002 0.217 0.781 0.004 0.026 0.619 0.005 0.994 0.768 0.801 0.738 0.005 0.131 0.718 0.912 0.931 0.059 0.985 0.987 0.993 0.906 0.007 0.993 0.995 0.006 0.010 0.965 0.187 0.507 0.993 0.002 0.002 0.980 0.990 0.020 0.856 0.749 0.029 0.928 0.993 0.990 0.140 0.599 0.698 
13 verbalB11 25 0.002 0.032 0.005 0.923 0.911 0.986 0.991 0.958 0.990 0.990 0.008 0.994 0.004 0.004 0.986 0.002 0.003 0.015 0.028 0.002 0.992 0.057 0.726 0.995 0.989 0.929 0.007 0.008 0.019 0.646 0.903 0.995 0.691 0.699 0.991 0.102 0.960 0.993 0.069 0.005 0.985 0.047 0.793 0.991 0.085 0.800 0.002 0.003 0.160 0.007 0.004 0.007 0.748 0.009 0.994 0.004 0.007 0.993 0.005 0.994 
14 verbalB12 25 0.002 0.085 0.004 0.915 0.978 0.850 0.994 0.985 0.992 0.986 0.005 0.994 0.005 0.002 0.958 0.002 0.002 0.007 0.029 0.002 0.992 0.099 0.568 0.995 0.988 0.379 0.005 0.009 0.072 0.174 0.331 0.992 0.599 0.962 0.985 0.071 0.915 0.993 0.388 0.006 0.976 0.253 0.907 0.992 0.970 0.077 0.005 0.004 0.421 0.009 0.007 0.008 0.946 0.006 0.993 0.005 0.007 0.994 0.005 0.994 
15 verbalB21 25 0.002 0.003 0.006 0.045 0.939 0.005 0.709 0.976 0.993 0.942 0.007 0.993 0.964 0.002 0.859 0.003 0.002 0.919 0.952 0.002 0.988 0.929 0.016 0.834 0.291 0.995 0.960 0.244 0.993 0.017 0.997 0.419 0.799 0.986 0.008 0.754 0.459 0.992 0.983 0.015 0.005 0.691 0.994 0.991 0.984 0.691 0.003 0.002 0.353 0.006 0.005 0.673 0.963 0.991 0.993 0.012 0.006 0.975 0.010 0.951 
16 verbalB22 25 0.002 0.003 0.004 0.018 0.779 0.006 0.717 0.978 0.994 0.984 0.005 0.993 0.935 0.002 0.980 0.007 0.002 0.647 0.215 0.003 0.991 0.012 0.007 0.902 0.971 0.995 0.729 0.662 0.993 0.010 0.997 0.053 0.847 0.951 0.024 0.495 0.972 0.993 0.965 0.027 0.008 0.936 0.993 0.987 0.975 0.850 0.002 0.002 0.423 0.012 0.036 0.946 0.988 0.986 0.980 0.017 0.007 0.977 0.006 0.983 
17 verbalC11 25 0.024 0.002 0.993 0.003 0.984 0.993 0.317 0.985 0.016 0.992 0.921 0.015 0.018 0.002 0.986 0.005 0.023 0.036 0.705 0.002 0.008 0.061 0.994 0.009 0.026 0.966 0.992 0.992 0.978 0.249 0.995 0.051 0.977 0.017 0.264 0.981 0.847 0.992 0.013 0.109 0.993 0.006 0.006 0.785 0.008 0.009 0.014 0.002 0.008 0.390 0.994 0.982 0.982 0.058 0.005 0.010 0.429 0.004 0.276 0.964 
18 verbalC12 25 0.083 0.006 0.990 0.002 0.950 0.991 0.083 0.957 0.382 0.989 0.396 0.016 0.011 0.003 0.648 0.002 0.018 0.054 0.984 0.004 0.009 0.009 0.994 0.007 0.968 0.788 0.993 0.992 0.939 0.279 0.994 0.629 0.607 0.060 0.035 0.985 0.981 0.993 0.034 0.200 0.993 0.030 0.007 0.986 0.007 0.008 0.002 0.002 0.011 0.049 0.994 0.208 0.051 0.083 0.005 0.007 0.026 0.005 0.940 0.871 
19 verbalC21 25 0.899 0.003 0.353 0.056 0.839 0.443 0.014 0.991 0.006 0.983 0.992 0.005 0.992 0.002 0.008 0.016 0.002 0.991 0.015 0.002 0.988 0.795 0.993 0.006 0.599 0.049 0.954 0.006 0.019 0.131 0.996 0.007 0.948 0.872 0.007 0.382 0.013 0.551 0.283 0.180 0.968 0.005 0.007 0.314 0.916 0.059 0.012 0.002 0.937 0.988 0.992 0.247 0.992 0.513 0.013 0.006 0.980 0.992 0.993 0.973 
20 verbalC22 25 0.934 0.002 0.113 0.044 0.014 0.986 0.012 0.992 0.005 0.918 0.993 0.006 0.987 0.002 0.005 0.002 0.002 0.784 0.890 0.002 0.981 0.931 0.993 0.014 0.326 0.122 0.962 0.007 0.007 0.311 0.997 0.025 0.919 0.121 0.004 0.809 0.012 0.975 0.027 0.456 0.985 0.006 0.005 0.929 0.122 0.824 0.016 0.002 0.832 0.992 0.992 0.843 0.197 0.967 0.006 0.006 0.989 0.994 0.991 0.993 
21 visualA11 25 0.002 0.003 0.670 0.571 0.972 0.992 0.095 0.067 0.018 0.003 0.959 0.987 0.946 0.002 0.640 0.022 0.002 0.003 0.993 0.002 0.298 0.761 0.003 0.017 0.911 0.006 0.380 0.995 0.980 0.994 0.972 0.997 0.987 0.982 0.993 0.986 0.177 0.003 0.267 0.994 0.749 0.994 0.728 0.199 0.985 0.615 0.002 0.002 0.968 0.990 0.004 0.910 0.058 0.681 0.967 0.996 0.935 0.007 0.996 0.004 
22 visualA12 25 0.002 0.002 0.916 0.061 0.507 0.952 0.024 0.087 0.099 0.002 0.765 0.882 0.993 0.002 0.983 0.030 0.002 0.003 0.992 0.002 0.549 0.993 0.003 0.024 0.062 0.005 0.630 0.996 0.843 0.994 0.987 0.997 0.990 0.992 0.993 0.980 0.134 0.003 0.947 0.990 0.162 0.995 0.913 0.816 0.996 0.010 0.002 0.002 0.993 0.990 0.712 0.995 0.012 0.099 0.854 0.996 0.991 0.004 0.996 0.004 
23 visualA21 25 0.002 0.002 0.987 0.656 0.991 0.006 0.149 0.305 0.871 0.003 0.995 0.006 0.006 0.002 0.643 0.036 0.002 0.965 0.995 0.002 0.003 0.918 0.003 0.992 0.848 0.994 0.157 0.003 0.023 0.973 0.818 0.989 0.008 0.975 0.989 0.992 0.986 0.003 0.995 0.996 0.004 0.006 0.919 0.500 0.628 0.988 0.002 0.002 0.919 0.992 0.005 0.314 0.006 0.677 0.698 0.996 0.995 0.035 0.673 0.552 
24 visualA22 25 0.002 0.002 0.793 0.895 0.076 0.867 0.391 0.936 0.992 0.003 0.995 0.004 0.771 0.002 0.993 0.089 0.002 0.006 0.784 0.002 0.017 0.866 0.003 0.996 0.495 0.084 0.168 0.003 0.127 0.970 0.948 0.814 0.375 0.971 0.989 0.992 0.555 0.003 0.995 0.995 0.003 0.011 0.884 0.059 0.915 0.986 0.002 0.002 0.989 0.992 0.010 0.965 0.531 0.009 0.977 0.996 0.995 0.121 0.823 0.250 
25 visualB11 25 0.002 0.019 0.002 0.848 0.602 0.987 0.986 0.984 0.995 0.996 0.003 0.996 0.003 0.002 0.994 0.002 0.002 0.305 0.126 0.002 0.996 0.021 0.473 0.995 0.990 0.991 0.006 0.006 0.016 0.816 0.973 0.996 0.542 0.918 0.995 0.371 0.940 0.996 0.325 0.005 0.990 0.010 0.929 0.991 0.027 0.939 0.002 0.003 0.395 0.004 0.004 0.005 0.928 0.003 0.995 0.004 0.004 0.995 0.003 0.997 
26 visualB12 25 0.002 0.073 0.003 0.674 0.990 0.364 0.992 0.974 0.995 0.994 0.003 0.995 0.003 0.002 0.979 0.002 0.002 0.024 0.040 0.002 0.995 0.063 0.297 0.996 0.992 0.834 0.006 0.004 0.465 0.161 0.401 0.978 0.625 0.965 0.989 0.033 0.979 0.996 0.292 0.004 0.981 0.560 0.992 0.991 0.993 0.236 0.003 0.002 0.241 0.003 0.006 0.005 0.961 0.003 0.995 0.004 0.003 0.996 0.003 0.997 
27 visualB21 25 0.002 0.002 0.002 0.024 0.931 0.005 0.717 0.960 0.996 0.827 0.003 0.996 0.981 0.002 0.874 0.003 0.002 0.909 0.724 0.002 0.995 0.958 0.005 0.980 0.259 0.995 0.960 0.269 0.994 0.008 0.997 0.455 0.886 0.991 0.006 0.523 0.503 0.996 0.994 0.049 0.003 0.862 0.996 0.986 0.995 0.285 0.003 0.002 0.442 0.005 0.006 0.829 0.985 0.990 0.986 0.053 0.010 0.931 0.003 0.919 
28 visualB22 25 0.002 0.002 0.002 0.016 0.731 0.098 0.678 0.956 0.996 0.968 0.003 0.996 0.990 0.002 0.993 0.012 0.002 0.189 0.135 0.003 0.996 0.010 0.005 0.973 0.977 0.964 0.895 0.582 0.994 0.017 0.997 0.028 0.927 0.866 0.146 0.505 0.984 0.996 0.992 0.057 0.004 0.897 0.996 0.988 0.993 0.814 0.002 0.002 0.630 0.174 0.197 0.989 0.991 0.968 0.972 0.136 0.003 0.911 0.003 0.985 
29 visualC11 25 0.028 0.002 0.995 0.003 0.987 0.994 0.212 0.994 0.016 0.993 0.981 0.003 0.005 0.002 0.992 0.004 0.016 0.092 0.828 0.002 0.007 0.005 0.996 0.004 0.029 0.992 0.991 0.995 0.990 0.181 0.995 0.109 0.985 0.018 0.374 0.987 0.954 0.988 0.004 0.108 0.988 0.004 0.003 0.846 0.004 0.005 0.009 0.002 0.003 0.367 0.995 0.984 0.988 0.089 0.003 0.004 0.564 0.003 0.438 0.961 
30 visualC12 25 0.328 0.003 0.995 0.002 0.736 0.994 0.013 0.994 0.014 0.974 0.982 0.003 0.005 0.002 0.028 0.002 0.003 0.257 0.971 0.002 0.056 0.004 0.996 0.003 0.970 0.962 0.992 0.995 0.963 0.754 0.996 0.751 0.338 0.039 0.005 0.988 0.922 0.990 0.004 0.016 0.990 0.004 0.003 0.990 0.004 0.005 0.002 0.002 0.003 0.236 0.994 0.039 0.011 0.479 0.003 0.003 0.142 0.004 0.985 0.985 
31 visualC21 25 0.965 0.002 0.877 0.076 0.897 0.788 0.068 0.995 0.004 0.987 0.995 0.003 0.996 0.002 0.007 0.009 0.002 0.989 0.011 0.002 0.991 0.919 0.996 0.003 0.333 0.152 0.988 0.008 0.056 0.059 0.997 0.005 0.977 0.667 0.003 0.388 0.004 0.711 0.044 0.127 0.993 0.003 0.004 0.161 0.929 0.049 0.009 0.002 0.808 0.984 0.989 0.166 0.993 0.686 0.003 0.003 0.989 0.996 0.987 0.994 
32 visualC22 25 0.960 0.002 0.445 0.023 0.011 0.992 0.008 0.995 0.004 0.618 0.995 0.004 0.995 0.002 0.004 0.002 0.002 0.213 0.949 0.002 0.995 0.962 0.996 0.006 0.245 0.133 0.992 0.033 0.011 0.381 0.997 0.111 0.943 0.031 0.003 0.855 0.008 0.981 0.004 0.574 0.993 0.005 0.004 0.970 0.150 0.820 0.011 0.002 0.706 0.993 0.978 0.853 0.032 0.987 0.010 0.003 0.992 0.996 0.989 0.997 
