1431655766
1904
1
20000
-2
-2
-2
-2
-2
-2
-2
-2
-2
-2
-2
-2
-2
-2
-2
-2
-2
-2
-2
-2
-2
-2
-2
-2
-2
-2
-2
-2
-2
-2
-2
-2
-2
-2
-2
-2
-2
-2
-2
-2
-2
-2
-2
-2
-2
-2
-2
-2
5
0.457856
1.09338
-2.48043
-0.156632
-8.33005
9.12564
-7.19564
2.79276
-0.764347
3.87579
-2.30439
-7.28104
8.2585
5.58519
-8.3767
0.26441
5
2.38774
0.186853
-3.48414
-1.76551
-4.83262
0.718746
-4.44649
5.5035
-1.09077
5.66403
-3.02136
-8.3697
11.6924
-2.33266
-5.52095
2.22995
5
0.785939
-2.54818
-0.690423
-4.68393
0.0614154
3.12056
-0.206303
-2.83694
-0.0749632
7.34685
-5.52621
-8.59449
11.1614
3.03631
-0.511667
1.91316
5
0.909879
-3.30115
0.304202
-4.58089
-0.267287
3.56263
0.667922
-3.5487
-0.0268911
7.90188
-5.27584
-8.38308
11.0799
1.69166
-0.440488
1.90039
5
0.766417
0.0410146
-1.15353
1.18661
2.69968
-0.43274
-5.01635
-15.6949
-0.675719
4.15679
-8.21233
-2.25145
6.36556
9.5789
0.322014
-0.661638
5
4.19159
-1.41247
0.00496795
-0.463709
-1.62374
-7.74902
-9.21039
-3.89484
-0.198353
7.61194
-4.31141
-5.44228
9.74948
-6.68051
1.75367
4.36895
5
-0.476415
-0.478166
-1.39347
-4.92009
-9.33168
12.4298
-0.658002
7.27451
0.566111
-0.36378
-2.80536
-5.82919
5.99301
1.26969
-5.19418
-0.873006
5
-3.02289
-7.15001
-4.43746
-2.48099
5.17372
6.64309
4.87239
-0.806631
2.64203
3.3382
-3.08699
-2.85297
2.7134
5.86277
-9.02657
-2.92181
5
2.6661
-1.19097
-3.78223
0.976271
4.36659
-11.8582
-3.28395
-6.7422
-0.68144
7.60255
-3.65328
-3.03724
7.64202
-1.95236
-1.62398
1.98461
5
1.89195
-6.22419
-2.80512
-4.95204
3.32252
-7.19319
3.72565
-3.43968
1.18717
2.50832
-3.26865
-2.05392
5.25555
-4.09064
2.66537
1.35537
5
-0.645842
-5.98972
-1.5073
-3.4142
1.15069
2.24447
1.25246
-6.11523
-0.330142
1.43955
-2.09063
-1.2645
0.848803
2.59212
-0.467303
-0.359828
5
1.5666
-6.36139
-3.24593
-5.08968
3.89277
-6.75188
3.15541
-3.19852
0.942598
2.5598
-3.71863
-1.51444
5.51293
-4.02377
2.99436
1.24453
5
1.93981
-1.37371
2.03027
-0.139979
-4.13893
1.39944
-14.1407
-6.55599
-0.757294
6.23863
-3.66174
-3.20332
7.57363
-0.556863
-0.247214
2.51673
5
1.00286
-3.46327
0.759077
-5.36304
-12.6323
9.12186
-4.88446
1.22314
-0.57883
-0.712786
-4.39391
-2.3323
6.62438
0.0133269
3.97591
1.50359
5
-1.07489
-6.60531
-1.22166
-2.39357
0.791274
2.06366
1.62838
-5.20522
-0.792577
1.33369
-2.47233
-1.6879
1.26516
2.83662
0.285905
-0.814465
5
1.18547
-3.31456
2.07415
-3.10035
-7.46947
2.84989
-8.86356
3.40703
0.58258
1.48995
-2.45179
-0.739594
3.91661
-7.46274
0.987777
1.99011
5
-1.8268
-2.13813
-4.94067
3.77374
6.45437
-6.05948
-3.3479
7.7278
1.84189
-4.57344
0.155831
3.2983
-3.83379
-8.25637
-0.701782
-1.10104
5
-1.1317
-2.95794
-4.86613
-0.0971456
0.11139
-6.14983
-3.3044
12.7632
-1.96039
-3.80707
4.3474
5.78749
-9.09584
5.22958
-1.21069
-0.598272
5
2.98055
-1.42369
-3.80612
-2.83965
-1.71447
-4.57387
-10.35
4.77351
5.14305
-16.9838
2.5041
6.11619
-4.02962
3.90083
6.55762
1.98229
5
-0.0323907
-0.0862441
-3.045
0.218546
4.89882
-2.08982
0.807563
9.68818
-3.07793
-5.38552
4.24129
7.21273
-12.6213
-0.921176
-4.04152
-1.8415
5
-2.19844
-0.587732
-0.819567
-0.712758
-0.77262
-1.50862
-0.475243
-1.59318
-0.0611594
-1.46949
-1.12208
-1.64277
-0.773667
-0.951373
-1.42324
-2.48401
5
-0.651474
3.49492
-1.99541
4.54432
-12.1433
-7.41805
-3.98183
3.57094
-3.8563
1.33637
1.32464
5.73251
-5.97373
4.82696
-0.917572
-1.23555
5
-0.522719
11.5826
4.32098
6.14431
-7.43241
-1.20916
0.00844424
-2.30712
-7.87973
-12.0114
-2.17918
3.86058
-5.06801
-1.40281
-0.839607
-1.17894
5
1.23603
6.07218
3.13942
6.31268
-14.3181
-0.344952
-1.72007
-8.72331
-1.5082
-1.03124
2.99443
8.44473
-10.186
0.380146
-3.06891
-0.277817
5
0.814202
-0.114913
-4.46818
-2.81473
2.16507
-4.33928
-5.82966
10.8037
1.64288
-15.2316
1.94225
2.50276
-4.78389
2.45182
3.24508
1.28912
5
0.237473
3.90534
-1.31743
5.52035
4.86909
-2.26712
-3.55632
-6.34214
0.730158
-7.27262
2.18254
5.65267
-5.13365
-12.1613
-0.474576
1.068
5
-2.38447
-2.17688
-0.204647
-1.14495
-0.0656663
-1.2891
-0.102367
-1.32536
-0.519327
-1.76308
-0.997435
-0.845418
-1.19601
-0.795243
0.066264
-3.17304
5
-1.54763
-2.04944
-5.60825
3.98024
5.9737
-5.82043
-3.31385
7.45933
0.832097
-4.88053
1.01515
3.18298
-3.37403
-8.52532
-0.252007
-1.19545
5
-0.340991
7.3503
-0.177195
-7.46052
1.93626
7.44487
-2.38078
-6.66848
-0.738503
-8.07944
3.78271
5.66329
-10.0282
1.85856
-3.36501
-0.279387
5
0.125255
2.67656
-0.71583
5.00372
6.07574
-1.95936
-1.38581
-3.70661
1.51072
-7.28215
1.51585
4.37564
-4.71337
-12.2066
-1.06958
-0.533677
5
-0.193812
6.71378
1.70507
1.06652
0.0762531
2.79449
-0.937672
-9.63012
-1.08591
-6.4764
0.400233
4.34284
-4.76951
-5.45875
-2.55968
-0.599591
5
-0.745164
-2.51983
-4.39381
-0.445774
-0.53918
-5.81228
-3.31913
13.4823
-1.95699
-4.202
3.7389
5.34928
-9.57897
4.33941
-0.449709
-0.294274
5
0.505224
8.77917
-0.290082
-1.69704
13.7945
3.72637
-2.12337
0.866603
0.265709
-11.8315
-7.45695
-7.70183
2.74117
-0.761076
-3.63509
-0.458898
5
1.70233
9.92134
1.27565
-5.69545
-2.4791
-5.92132
-10.2535
7.09119
2.95589
-11.1826
3.84004
-6.76502
-1.25563
6.45798
0.705225
1.83407
5
0.785351
10.5872
-0.136496
-6.5662
1.1527
-0.657833
-3.72011
7.94691
0.323056
-4.23906
-1.19432
-10.1327
4.06471
0.2391
0.482276
-0.067951
5
1.08165
6.45452
-5.0482
-4.27847
3.05321
-3.30526
-0.456855
5.15649
-0.918757
-3.19158
-14.0246
-6.87325
9.08259
7.30943
-0.86738
-0.0491976
5
0.480066
4.85145
-1.69509
-3.01896
-0.754243
-5.90445
-4.95836
3.70784
-0.176769
-9.58044
-8.36903
-4.477
5.95046
15.0475
0.41898
0.355805
5
0.458632
5.66351
-2.60243
-4.42622
-13.9771
-5.85564
-4.73416
5.52687
0.502321
6.29587
3.14232
-3.56622
0.628542
-1.72793
1.59745
0.546669
5
-0.582726
2.67109
-4.9035
-1.46297
3.65483
2.21983
1.96518
0.485583
0.987248
6.96231
-8.5685
-3.52825
4.36209
-9.40937
-3.76756
-1.49666
5
0.209396
1.66652
1.3228
-1.53192
-5.13292
-17.3805
-2.75705
5.29933
1.79376
-0.51054
0.00215336
-3.55315
3.95259
6.23707
-0.79103
0.76912
5
0.641536
-7.86075
-1.05909
12.2304
-10.1024
8.27324
-2.66033
-6.97048
-2.21162
3.57235
-4.61908
5.47359
-1.20517
-2.22104
-2.5511
1.9608
5
0.245968
-10.8056
-0.977415
6.21535
-1.30072
-0.100997
0.923861
-6.67879
-1.66324
3.60265
1.01688
11.3112
-4.16208
-1.4844
-1.69023
1.70032
5
2.31292
-5.23724
-0.549451
2.60561
-2.4997
1.07096
-4.51127
-16.1824
-1.18764
10.4175
-2.73771
6.7186
-1.29333
-0.889684
-0.999441
2.82902
5
0.620584
-6.11193
-9.11735
-3.12968
12.1249
-7.86992
3.8182
-2.03129
-0.937105
3.04241
1.11098
6.78112
-5.48399
-1.55492
-0.896532
0.326686
5
-0.258417
-0.997493
-0.0482121
5.43302
-8.39768
2.18787
-12.0868
-9.75076
0.979703
6.64729
-4.72501
4.20597
3.45526
4.45861
-2.34328
-0.897491
5
-0.458486
-2.37241
-6.4253
-3.853
11.1023
-5.06086
0.426681
-9.5266
0.660749
8.70257
-2.71199
4.32212
-2.63953
-0.947683
-1.87843
-0.123041
5
-1.44174
-1.51143
0.205421
-1.71823
-1.65889
-1.95352
-1.0952
-1.56422
0.105452
-1.04545
-1.33031
-0.544733
-0.257352
-0.765592
-1.29875
-2.91287
5
-2.69288
-2.6341
-0.706005
4.51783
-7.1706
1.68646
1.64942
9.73534
0.0191165
-6.19617
-2.27844
2.34544
-3.02532
4.41755
-6.08198
-3.28097
0.773373
-0.603326
0.178843
1.17077
-0.544201
1.20975
0.312798
0.885106
0.414215
-0.716703
0.222513
0.328196
0.356771
-0.180846
1.04609
0.413301
1.00766
0.602046
0.266773
0.971382
-0.13975
-0.227566
-0.187233
-0.368711
-0.0411846
0.40475
0.321723
-0.60974
-0.22495
0.960557
-0.37717
0.598774
-0.604459
1.01824
0.621039
0.728098
-0.632142
0.997021
-0.611663
0.60865
-0.572118
0.838738
-0.205859
-0.557367
0.767927
0.303838
0.894533
0.576259
-0.740525
0.923851
-0.480511
-0.399388
-0.302015
0.518179
0.911982
0.543595
0.636966
-0.188081
0.173445
0.436367
0.603646
-0.248832
0.226212
0.797415
1.14166
-0.734334
2.47914
4.09249
3.74139
1.81968
-0.245326
1.8866
2.17663
1.4329
1.92841
1.03039
0.712647
0.964308
0.556605
1.90889
1.50063
-0.133278
-1.31764
-4.43441
-2.57537
-2.35894
1.01489
-2.10345
-1.68605
-2.39109
-1.92777
-1.03554
0.646319
0.0473486
1.07598
-0.978546
0.399081
-3.07886
2.00182
-4.56412
-2.69628
-3.89374
-5.58054
-1.22906
3.74858
2.99234
-7.55089
3.25015
4.41434
-2.57766
1.23417
-1.05101
0.0955271
1.59371
0.452371
3.11576
0.543972
0.580767
0.009373
1.40297
2.32543
1.85563
0.524346
-1.84523
1.2871
-1.08132
-1.02205
-0.0047817
-1.37526
-0.615113
-0.663477
0.603364
0.871668
1.24383
2.18121
-2.44877
-1.90952
1.68225
-0.987916
-2.10985
0.00423236
-0.280389
-0.970675
-1.7421
0.219589
-1.87764
-1.45808
-2.43278
-1.04364
0.866993
-1.22673
-1.55568
2.69131
-0.179674
2.33639
-0.361858
-1.81211
-2.0026
-1.44168
-0.838851
-2.11123
-0.756838
0.484804
-0.776146
0.63566
1.09384
-2.50458
-1.07753
1.08722
-0.940473
-3.91613
-4.08854
1.55239
3.50759
-4.50204
1.22006
0.321076
-2.12917
-0.156476
2.84561
1.27425
2.21553
0.670772
-1.97296
2.13514
1.67789
-1.75779
-0.694642
-0.499469
1.98581
0.413501
1.22025
1.1215
0.660331
3.52637
-0.962153
0.433283
-1.3426
-0.609249
-0.980245
-0.619132
-1.71303
-0.980215
-2.43083
-1.813
-2.17729
-0.81008
-0.991921
0.115285
0.38653
-0.570535
-1.21897
0.857432
1.0605
4.50399
-1.89156
-0.88923
5.15994
-1.29783
3.16547
0.28246
-0.574385
-0.367971
0.763648
-4.94745
-2.22078
-1.03898
2.44107
0.81694
-6.60688
-1.3916
0.148844
-1.97882
-2.7438
2.96936
0.310232
4.74841
1.05083
8.08806
-4.58186
2.25349
2.18068
0.212835
1.92894
1.02141
1.95489
1.81745
2.08394
-0.99947
-0.445647
0.402513
-1.33423
0.117059
-0.77114
-1.64399
-0.764633
1.47019
-0.616509
0.642794
0.561779
0.130881
3.18742
-1.38459
1.48707
1.51319
7.87727
-5.88453
0.139104
0.660399
0.851414
-3.20837
-0.750788
-3.24916
-0.632014
-0.501323
-0.991815
-6.30369
0.207086
0.90303
-2.77323
3.70858
-2.59727
-8.59374
-1.20923
-4.03683
1.32797
1.739
-1.43552
0.0660303
4.81522
3.85954
1.3146
-0.241168
-1.47623
-3.77486
-2.38851
6.64917
6.45957
-3.68624
-2.3682
2.39716
-3.51942
1.52753
-1.71244
10.6793
-3.69438
6.29804
-2.58072
-3.60891
1.79496
0.286779
-2.56868
-1.97541
5.24869
-0.256431
0.0858882
-1.83149
-2.76106
-0.314904
-1.65526
0.52751
0.478399
-3.93069
-1.59812
2.21938
-0.43526
0.0773677
-2.04036
0.335314
0.516667
5.84568
-1.185
-3.61413
-2.87176
-0.0435291
-3.32578
1.07522
-2.96849
2.25125
4.20722
0.527794
-1.07736
0.636835
-0.159732
1.55582
-2.29032
0.877524
4.96676
-0.741559
3.07599
-1.55393
-0.163597
-0.636919
0.440411
-5.21792
-1.17055
-0.882029
0.598318
9.47512
7.7292
2.1342
-9.56849
-4.29799
-6.63342
-6.4019
0.614065
-9.90317
0.444824
-1.23053
0.623294
3.20434
1.57859
0.629234
-0.216374
1.3172
0.0952111
-2.76363
0.319428
-0.412455
6.49827
1.5647
0.736207
0.582433
1.76465
-0.613754
2.05518
0.0021592
-4.78755
-1.62346
2.90218
-0.352652
-0.33307
-0.619745
-0.830557
-0.796754
0.0106312
-0.399492
-2.56892
-2.04224
1.85344
-1.59147
-1.88521
-2.58755
0.727543
-1.84213
-1.81538
-3.64303
-0.298517
2.60093
-1.6555
4.73916
-2.04143
-3.23784
-1.78473
-0.351843
0.282714
-4.00487
-1.54063
-1.6403
1.54081
-1.1108
-0.0213913
2.09866
2.34384
2.74578
-2.76088
0.357832
4.15143
-7.02561
-7.00027
6.5431
-2.9275
2.9866
-0.125897
-1.23879
-2.46472
1.26757
-1.32752
3.58209
2.10143
0.184193
-0.726433
-1.13198
1.681
2.09091
6.45037
3.83034
-0.65502
-1.9793
1.29339
2.91854
-0.685576
-2.36879
-0.49615
2.03651
0.107368
1.07921
2.01357
2.52591
3.19183
-1.13809
1.30262
2.36273
1.57827
1.37004
1.26447
1.28903
1.85015
0.492732
-0.0342466
0.0385548
0.876881
-2.32206
2.6164
-5.38285
2.71925
0.723539
-1.00227
-4.21679
-1.8167
-1.79387
-6.05182
-0.0898034
-1.71297
1.3524
-3.10614
-2.74255
3.43442
0.689602
2.90269
0.481423
-7.55212
-5.01983
-2.7585
-3.55715
10.84
11.7235
1.15277
-9.80368
4.69221
-12.029
-2.67503
-0.147094
2.32083
-0.624629
-1.10382
-2.78646
0.272253
-0.768744
-0.732322
0.538312
8.22591
-0.701328
-1.41534
0.343752
-1.07379
-0.0185898
-0.255182
-0.410982
1.04294
0.215116
-0.810569
-0.723804
0.892748
-0.391335
-0.903582
-0.526482
-0.481771
1.03667
0.244193
0.768502
-0.70368
0.350639
0.577279
-0.127803
0.642413
0.178896
0.261529
-1.474
0.673692
-0.19855
-0.722665
-0.27826
-0.671126
-0.421228
-1.26228
0.214778
0.433528
0.0657326
-0.896285
0.871486
-0.844234
0.365019
-1.2454
-0.580731
0.166708
-0.92403
0.223671
-0.808782
-0.768717
-0.955302
3.39091
0.300865
1.14941
1.50825
5.8391
0.129152
-0.513467
-1.72306
-0.605877
-1.0041
-0.435127
1.04761
0.572497
-1.21568
-1.86628
-0.86613
0.679098
-1.61171
-0.477817
0.485542
0.291948
-1.77318
-0.519367
-0.583511
-0.811392
-1.12494
1.46808
-0.452714
-0.393401
-2.41949
4.27987
-5.57389
-5.56283
1.20382
-2.96485
-1.36651
-2.7279
3.06688
-2.19243
-2.50826
1.89501
1.67859
-1.35896
3.3307
-0.897213
-1.2516
-2.42889
1.45137
0.778137
-0.795121
5.24681
-0.639319
1.0977
-0.274008
3.44896
1.78956
-3.29156
-1.00943
-1.63989
3.98684
6.20471
1.77273
2.85189
2.49304
-0.403654
0.159309
-1.50784
-7.7859
-7.36596
-2.95087
-1.14783
-2.13736
8.00475
3.4115
-0.392217
-3.21686
0.861959
0.230419
-1.08601
-1.46544
-5.09283
-2.65577
8.15857
0.887945
2.4802
0.162088
-1.52319
-3.20612
4.85698
0.635267
-1.95561
0.961994
1.37292
0.817386
-4.92776
-0.428665
1.43351
-4.50828
-4.21097
-0.92392
-0.1111
-2.35129
-2.27941
6.31963
-0.488461
2.40709
-1.86158
-0.754143
-0.959063
1.11176
-2.04511
-1.78304
-0.637688
-1.01105
0.642453
-2.61359
-2.02303
-0.528346
1.41603
-0.514916
-0.929871
0.65406
-1.10262
-1.97197
-2.01316
-2.40576
-0.924588
-3.60562
-1.91524
3.32729
4.13503
4.4764
0.700699
2.70113
0.00940152
-1.62606
-1.9128
1.16727
1.6013
-0.0219592
-0.903312
-0.939788
2.02818
1.017
1.59861
0.825723
-1.7984
1.91861
1.41659
0.0275419
-0.24423
1.76244
-1.22553
2.99889
-0.985705
-1.67243
-3.43025
-3.95296
-2.42549
-2.00545
-1.5519
-2.25825
-2.88581
-1.31932
-1.13846
0.6748
-1.92582
-0.314805
0.665417
0.204569
1.04002
0.876217
2.83953
3.93445
3.24954
0.30557
1.8148
1.94522
3.43568
2.10458
2.38378
1.1772
0.577534
1.35949
1.67242
2.24282
2.00376
-3.90384
-6.02931
-5.40712
-3.91845
-0.903451
-3.75779
-0.962835
-0.687925
5.72411
5.81212
4.43173
3.15664
2.47296
1.68901
0.0699373
1.14201
-0.797386
0.216604
0.633323
0.0454819
0.0979991
-0.333448
-0.549686
0.803789
-0.315294
0.410708
0.021254
1.21649
-0.334968
0.571204
0.33238
0.0657486
-0.417419
0.0218181
1.01993
0.474743
0.845886
2.74422
1.00886
-0.968576
2.56901
4.62642
2.07789
-0.810738
0.667204
-0.718918
-5.74032
0.0376241
-1.81561
-0.612048
-1.11882
1.2431
-4.7681
-0.73595
0.997527
0.849029
0.327026
-1.92641
-0.53501
-0.0958303
-0.262941
0.0503856
-1.60693
-1.42423
-3.45332
3.96456
5.70418
6.38592
5.27948
2.49794
3.81036
2.84275
0.451788
-4.6036
-5.51181
-3.66647
-4.5153
-1.12808
-1.84799
0.934856
-0.838239
1.40089
-1.88888
-1.101
0.413286
-2.05341
-1.17312
-0.90862
-2.61968
0.823912
1.63425
-4.01148
0.128488
1.74179
1.05064
-0.580853
1.21796
0.706106
-3.12752
-3.8955
1.03576
1.08149
0.20369
-1.52895
-0.114252
7.53655
0.0776094
6.47619
0.323417
5.65772
-3.97523
-2.99398
0.538768
-0.99769
-1.28695
-2.51384
-2.01453
-0.73231
0.413033
-0.0493151
-2.09382
0.130749
-1.59469
1.58401
-0.221997
-1.7962
-1.09085
0.550359
0.34867
-1.2768
7.7802
-0.693934
-1.09433
1.00307
2.35425
-7.57588
-0.222661
-4.14882
0.291006
3.27853
-4.8112
-1.52354
-3.92561
-10.1614
0.330539
1.73411
0.290929
1.83734
0.430612
1.80413
-2.3497
-3.07508
-3.0337
0.246393
-0.953803
0.856372
1.45713
3.01299
-0.089258
7.53803
0.0904166
1.96812
0.279219
-1.0774
-0.166672
0.180499
1.08896
0.394742
1.09201
0.0294075
-1.72064
-0.0439401
1.01229
0.323718
1.80122
-0.584265
1.65661
-0.655239
-0.658723
-0.95815
-0.0757528
1.62117
1.50714
-1.48016
-2.15833
-0.136205
-0.970781
2.71403
-1.72713
-0.811579
-1.02735
0.495484
-1.73951
-1.88225
-0.450399
-3.96171
2.53393
1.88457
-0.591241
1.67499
2.37912
-2.68283
-6.35386
3.07787
1.86548
1.26056
0.707739
0.500506
-3.24405
-1.54298
-3.76602
2.47129
-1.43189
0.81627
-1.64882
-0.34318
-0.712262
-1.36686
-1.27661
0.172877
-0.391837
-1.30942
-0.360227
1.04775
-0.325339
3.49455
1.70089
0.742452
0.251407
-0.66262
0.640089
0.303309
0.0185183
0.764596
-0.843992
-0.70299
0.296068
0.555674
-0.755414
0.632022
0.9805
-0.573064
0.414301
0.573848
0.673119
-0.278846
0.924829
0.831534
-0.25741
0.852039
0.830336
-0.257819
-0.0452531
0.62213
0.166438
-0.0167117
0.262142
0.337744
-0.69999
0.858554
0.0796178
0.0417193
1.24464
0.754911
0.0129267
-0.137424
-0.00528992
1.03175
-0.210586
0.707363
-0.357682
-0.809653
0.127259
0.355007
-0.585711
-0.51685
1.24334
-0.518844
0.698523
0.664132
0.901137
1.10965
-0.245346
0.424028
-0.528228
-0.134635
0.364401
0.380376
0.198539
0.170975
-0.210098
-0.184832
