0 0 0.500 0.500 0.500 0.500 0.500 0.500 0.500 0.500 0.500 0.500 0.500 0.500 0.500 0.500 0.500 0.500 
0 1 0.400 0.400 0.401 0.400 0.400 0.531 0.400 0.400 0.600 0.401 0.400 0.581 0.400 0.400 0.400 0.600 
0 2 0.332 0.324 0.330 0.329 0.329 0.522 0.335 0.327 0.680 0.329 0.324 0.572 0.329 0.329 0.341 0.672 
0 3 0.308 0.291 0.279 0.327 0.406 0.464 0.372 0.285 0.744 0.371 0.279 0.497 0.405 0.405 0.390 0.624 
0 4 0.294 0.281 0.230 0.424 0.520 0.383 0.452 0.266 0.795 0.493 0.278 0.417 0.517 0.516 0.494 0.526 
0 5 0.261 0.254 0.184 0.530 0.616 0.306 0.560 0.235 0.836 0.594 0.309 0.374 0.613 0.610 0.595 0.425 
0 6 0.219 0.230 0.147 0.615 0.693 0.245 0.648 0.206 0.869 0.675 0.336 0.388 0.691 0.687 0.676 0.341 
0 7 0.180 0.213 0.118 0.666 0.754 0.196 0.718 0.188 0.895 0.740 0.323 0.453 0.753 0.748 0.741 0.273 
0 8 0.147 0.211 0.094 0.666 0.803 0.157 0.775 0.189 0.916 0.792 0.282 0.541 0.802 0.798 0.793 0.218 
0 9 0.121 0.226 0.075 0.604 0.843 0.125 0.820 0.220 0.933 0.834 0.235 0.626 0.842 0.838 0.834 0.175 
0 10 0.100 0.265 0.060 0.507 0.874 0.100 0.856 0.290 0.946 0.867 0.192 0.697 0.873 0.870 0.867 0.140 
0 11 0.084 0.333 0.048 0.411 0.899 0.080 0.885 0.388 0.957 0.894 0.155 0.757 0.899 0.896 0.894 0.112 
0 12 0.072 0.424 0.039 0.330 0.919 0.064 0.908 0.488 0.965 0.915 0.124 0.805 0.919 0.916 0.915 0.089 
0 13 0.065 0.523 0.031 0.265 0.936 0.051 0.926 0.579 0.972 0.932 0.100 0.843 0.935 0.933 0.932 0.071 
0 14 0.061 0.612 0.025 0.212 0.948 0.041 0.941 0.655 0.978 0.946 0.080 0.875 0.948 0.946 0.946 0.057 
0 15 0.059 0.688 0.020 0.170 0.959 0.033 0.953 0.719 0.982 0.956 0.064 0.900 0.958 0.957 0.957 0.046 
0 16 0.059 0.749 0.016 0.136 0.967 0.026 0.962 0.770 0.985 0.965 0.051 0.920 0.967 0.966 0.965 0.037 
0 17 0.060 0.799 0.013 0.109 0.974 0.021 0.970 0.813 0.988 0.972 0.041 0.936 0.973 0.972 0.972 0.029 
0 18 0.063 0.839 0.010 0.087 0.979 0.017 0.976 0.847 0.990 0.978 0.033 0.949 0.979 0.978 0.978 0.023 
0 19 0.069 0.871 0.008 0.070 0.983 0.013 0.981 0.874 0.992 0.982 0.026 0.959 0.983 0.982 0.982 0.019 
0 20 0.078 0.897 0.006 0.056 0.986 0.011 0.985 0.897 0.994 0.986 0.021 0.967 0.986 0.986 0.986 0.015 
0 21 0.093 0.917 0.005 0.046 0.989 0.009 0.988 0.915 0.995 0.989 0.017 0.974 0.989 0.989 0.989 0.012 
0 22 0.118 0.934 0.004 0.037 0.991 0.007 0.990 0.929 0.996 0.991 0.014 0.979 0.991 0.991 0.991 0.010 
0 23 0.156 0.947 0.003 0.031 0.993 0.006 0.992 0.940 0.996 0.993 0.011 0.983 0.993 0.993 0.993 0.008 
0 24 0.213 0.957 0.003 0.026 0.994 0.004 0.994 0.949 0.997 0.994 0.009 0.986 0.994 0.994 0.994 0.006 
0 25 0.293 0.966 0.002 0.023 0.996 0.004 0.995 0.957 0.997 0.995 0.007 0.989 0.996 0.995 0.995 0.005 
1 0 0.500 0.500 0.500 0.500 0.500 0.500 0.500 0.500 0.500 0.500 0.500 0.500 0.500 0.500 0.500 0.500 
1 1 0.400 0.400 0.401 0.400 0.400 0.531 0.400 0.400 0.600 0.401 0.400 0.581 0.400 0.400 0.400 0.600 
1 2 0.332 0.324 0.330 0.329 0.329 0.522 0.335 0.327 0.680 0.329 0.324 0.572 0.329 0.329 0.341 0.672 
1 3 0.396 0.287 0.279 0.323 0.408 0.468 0.380 0.322 0.744 0.286 0.276 0.486 0.388 0.399 0.359 0.693 
1 4 0.511 0.277 0.230 0.412 0.523 0.389 0.477 0.428 0.795 0.273 0.265 0.395 0.496 0.511 0.433 0.731 
1 5 0.607 0.259 0.184 0.524 0.618 0.311 0.581 0.538 0.836 0.249 0.303 0.323 0.597 0.607 0.528 0.770 
1 6 0.686 0.239 0.147 0.618 0.695 0.249 0.665 0.629 0.869 0.212 0.373 0.267 0.678 0.686 0.600 0.808 
1 7 0.748 0.228 0.118 0.695 0.756 0.199 0.732 0.703 0.895 0.174 0.468 0.220 0.742 0.749 0.644 0.842 
1 8 0.799 0.239 0.094 0.756 0.805 0.159 0.785 0.762 0.916 0.140 0.564 0.180 0.794 0.799 0.666 0.870 
1 9 0.839 0.282 0.076 0.804 0.844 0.127 0.828 0.810 0.933 0.112 0.648 0.147 0.835 0.839 0.667 0.893 
1 10 0.871 0.360 0.060 0.844 0.875 0.102 0.863 0.848 0.946 0.090 0.717 0.119 0.868 0.871 0.649 0.913 
1 11 0.897 0.458 0.048 0.875 0.900 0.082 0.890 0.878 0.957 0.072 0.773 0.096 0.894 0.897 0.613 0.930 
1 12 0.917 0.554 0.039 0.900 0.920 0.065 0.912 0.903 0.966 0.058 0.818 0.078 0.915 0.918 0.560 0.943 
1 13 0.934 0.638 0.031 0.920 0.936 0.052 0.930 0.922 0.972 0.046 0.855 0.063 0.932 0.934 0.497 0.954 
1 14 0.947 0.708 0.025 0.936 0.949 0.042 0.944 0.938 0.978 0.037 0.884 0.051 0.946 0.947 0.429 0.963 
1 15 0.958 0.765 0.020 0.949 0.959 0.033 0.955 0.950 0.982 0.029 0.907 0.041 0.957 0.958 0.365 0.970 
1 16 0.966 0.811 0.016 0.959 0.967 0.027 0.964 0.960 0.986 0.024 0.925 0.033 0.965 0.966 0.305 0.976 
1 17 0.973 0.848 0.013 0.967 0.974 0.021 0.971 0.968 0.989 0.019 0.940 0.027 0.972 0.973 0.254 0.981 
1 18 0.978 0.878 0.010 0.974 0.979 0.017 0.977 0.974 0.991 0.015 0.952 0.022 0.978 0.978 0.209 0.985 
1 19 0.983 0.902 0.008 0.979 0.983 0.014 0.982 0.980 0.993 0.012 0.962 0.018 0.982 0.983 0.172 0.988 
1 20 0.986 0.921 0.006 0.983 0.987 0.011 0.985 0.984 0.994 0.010 0.969 0.014 0.986 0.986 0.140 0.990 
1 21 0.989 0.937 0.005 0.987 0.989 0.009 0.988 0.987 0.995 0.008 0.976 0.011 0.989 0.989 0.115 0.992 
1 22 0.991 0.949 0.004 0.989 0.991 0.007 0.991 0.990 0.996 0.006 0.980 0.009 0.991 0.991 0.096 0.994 
1 23 0.993 0.959 0.003 0.991 0.993 0.006 0.992 0.992 0.997 0.005 0.984 0.007 0.993 0.993 0.080 0.995 
1 24 0.994 0.967 0.003 0.993 0.994 0.004 0.994 0.993 0.998 0.004 0.987 0.006 0.994 0.994 0.067 0.996 
1 25 0.995 0.974 0.002 0.994 0.996 0.004 0.995 0.995 0.998 0.003 0.990 0.005 0.995 0.995 0.057 0.997 
2 0 0.500 0.500 0.500 0.500 0.500 0.500 0.500 0.500 0.500 0.500 0.500 0.500 0.500 0.500 0.500 0.500 
2 1 0.400 0.400 0.401 0.400 0.400 0.531 0.400 0.400 0.600 0.401 0.400 0.581 0.400 0.400 0.400 0.600 
2 2 0.332 0.324 0.330 0.329 0.329 0.522 0.335 0.327 0.680 0.329 0.324 0.572 0.329 0.329 0.341 0.672 
2 3 0.284 0.297 0.285 0.307 0.406 0.480 0.350 0.309 0.744 0.362 0.284 0.486 0.406 0.317 0.409 0.686 
2 4 0.233 0.291 0.243 0.365 0.519 0.408 0.390 0.379 0.795 0.483 0.307 0.396 0.518 0.295 0.521 0.710 
2 5 0.187 0.261 0.195 0.464 0.615 0.327 0.508 0.466 0.836 0.586 0.423 0.342 0.614 0.242 0.617 0.723 
2 6 0.150 0.227 0.156 0.563 0.692 0.262 0.607 0.556 0.869 0.668 0.538 0.350 0.692 0.194 0.693 0.723 
2 7 0.120 0.201 0.125 0.646 0.754 0.209 0.685 0.638 0.895 0.734 0.630 0.408 0.753 0.155 0.755 0.720 
2 8 0.096 0.186 0.100 0.714 0.803 0.168 0.748 0.707 0.916 0.788 0.704 0.488 0.803 0.124 0.804 0.719 
2 9 0.077 0.183 0.080 0.770 0.842 0.134 0.799 0.764 0.933 0.830 0.763 0.570 0.842 0.099 0.843 0.720 
2 10 0.061 0.192 0.064 0.814 0.874 0.107 0.839 0.811 0.946 0.864 0.811 0.645 0.874 0.080 0.874 0.724 
2 11 0.049 0.212 0.051 0.851 0.899 0.086 0.871 0.848 0.957 0.891 0.848 0.709 0.899 0.064 0.899 0.730 
2 12 0.039 0.244 0.041 0.879 0.919 0.069 0.897 0.878 0.965 0.913 0.879 0.763 0.919 0.051 0.920 0.742 
2 13 0.031 0.285 0.033 0.903 0.935 0.055 0.918 0.903 0.972 0.930 0.903 0.807 0.935 0.041 0.936 0.759 
2 14 0.025 0.335 0.026 0.921 0.948 0.044 0.934 0.922 0.978 0.944 0.922 0.843 0.948 0.033 0.949 0.782 
2 15 0.020 0.393 0.021 0.936 0.959 0.035 0.947 0.938 0.982 0.955 0.938 0.872 0.959 0.026 0.959 0.808 
2 16 0.016 0.458 0.017 0.947 0.967 0.028 0.958 0.950 0.986 0.964 0.950 0.895 0.967 0.021 0.967 0.834 
2 17 0.013 0.527 0.013 0.956 0.974 0.022 0.966 0.960 0.989 0.971 0.960 0.915 0.974 0.017 0.974 0.859 
2 18 0.010 0.594 0.011 0.963 0.979 0.018 0.973 0.968 0.991 0.977 0.968 0.930 0.979 0.013 0.979 0.881 
2 19 0.008 0.656 0.009 0.969 0.983 0.014 0.978 0.974 0.993 0.982 0.975 0.943 0.983 0.011 0.983 0.901 
2 20 0.007 0.711 0.007 0.973 0.986 0.012 0.983 0.979 0.994 0.985 0.980 0.953 0.986 0.009 0.987 0.917 
2 21 0.005 0.758 0.005 0.978 0.989 0.009 0.986 0.984 0.995 0.988 0.984 0.962 0.989 0.007 0.989 0.930 
2 22 0.004 0.797 0.004 0.982 0.991 0.007 0.989 0.987 0.996 0.991 0.987 0.969 0.991 0.005 0.991 0.941 
2 23 0.003 0.830 0.004 0.985 0.993 0.006 0.991 0.989 0.997 0.992 0.990 0.975 0.993 0.004 0.993 0.949 
2 24 0.003 0.856 0.003 0.988 0.994 0.005 0.993 0.992 0.998 0.994 0.992 0.980 0.994 0.003 0.994 0.956 
2 25 0.002 0.877 0.002 0.990 0.996 0.004 0.994 0.993 0.998 0.995 0.993 0.984 0.996 0.003 0.996 0.962 
3 0 0.500 0.500 0.500 0.500 0.500 0.500 0.500 0.500 0.500 0.500 0.500 0.500 0.500 0.500 0.500 0.500 
3 1 0.400 0.400 0.401 0.400 0.400 0.531 0.400 0.400 0.600 0.401 0.400 0.581 0.400 0.400 0.400 0.600 
3 2 0.332 0.324 0.330 0.329 0.329 0.522 0.335 0.327 0.680 0.329 0.324 0.572 0.329 0.329 0.341 0.672 
3 3 0.305 0.289 0.276 0.304 0.405 0.468 0.364 0.296 0.744 0.338 0.285 0.487 0.391 0.358 0.391 0.697 
3 4 0.291 0.275 0.225 0.347 0.519 0.388 0.441 0.340 0.795 0.449 0.318 0.396 0.502 0.424 0.497 0.734 
3 5 0.254 0.244 0.180 0.433 0.615 0.311 0.552 0.405 0.836 0.554 0.437 0.329 0.601 0.436 0.597 0.765 
3 6 0.210 0.210 0.144 0.532 0.692 0.248 0.642 0.476 0.869 0.641 0.549 0.293 0.681 0.385 0.678 0.782 
3 7 0.170 0.180 0.115 0.621 0.754 0.199 0.713 0.555 0.895 0.711 0.639 0.291 0.745 0.317 0.742 0.779 
3 8 0.137 0.157 0.092 0.695 0.803 0.159 0.771 0.633 0.916 0.767 0.711 0.320 0.796 0.256 0.794 0.750 
3 9 0.110 0.143 0.074 0.755 0.842 0.127 0.817 0.701 0.933 0.813 0.769 0.379 0.837 0.205 0.835 0.702 
3 10 0.089 0.141 0.059 0.804 0.874 0.102 0.853 0.758 0.946 0.849 0.815 0.460 0.869 0.164 0.868 0.644 
3 11 0.071 0.150 0.047 0.843 0.899 0.081 0.883 0.805 0.957 0.878 0.852 0.545 0.896 0.132 0.894 0.592 
3 12 0.057 0.170 0.038 0.874 0.919 0.065 0.906 0.844 0.966 0.901 0.882 0.624 0.916 0.105 0.915 0.558 
3 13 0.046 0.194 0.030 0.899 0.935 0.052 0.925 0.875 0.972 0.920 0.905 0.693 0.933 0.084 0.932 0.554 
3 14 0.037 0.211 0.024 0.919 0.948 0.042 0.940 0.899 0.978 0.934 0.924 0.750 0.947 0.067 0.946 0.587 
3 15 0.029 0.211 0.019 0.935 0.959 0.033 0.952 0.919 0.982 0.944 0.939 0.797 0.957 0.054 0.957 0.647 
3 16 0.023 0.193 0.015 0.948 0.967 0.027 0.962 0.935 0.986 0.951 0.952 0.834 0.966 0.043 0.965 0.711 
3 17 0.019 0.167 0.012 0.958 0.974 0.021 0.969 0.948 0.989 0.954 0.961 0.864 0.973 0.035 0.972 0.767 
3 18 0.015 0.140 0.010 0.966 0.979 0.017 0.975 0.958 0.991 0.954 0.969 0.887 0.978 0.028 0.978 0.813 
3 19 0.012 0.115 0.008 0.973 0.983 0.014 0.980 0.967 0.993 0.949 0.975 0.906 0.982 0.022 0.982 0.850 
3 20 0.010 0.094 0.006 0.978 0.986 0.011 0.984 0.973 0.994 0.941 0.980 0.921 0.986 0.018 0.986 0.880 
3 21 0.008 0.078 0.005 0.982 0.989 0.009 0.987 0.979 0.995 0.944 0.984 0.932 0.989 0.014 0.989 0.904 
3 22 0.006 0.067 0.004 0.986 0.991 0.007 0.990 0.983 0.996 0.951 0.987 0.942 0.991 0.011 0.991 0.923 
3 23 0.005 0.060 0.003 0.989 0.993 0.006 0.992 0.986 0.997 0.959 0.990 0.950 0.993 0.009 0.993 0.938 
3 24 0.004 0.055 0.003 0.991 0.994 0.004 0.994 0.989 0.998 0.966 0.992 0.956 0.994 0.007 0.994 0.951 
3 25 0.003 0.053 0.002 0.992 0.996 0.004 0.995 0.991 0.998 0.971 0.993 0.961 0.995 0.006 0.995 0.960 
4 0 0.500 0.500 0.500 0.500 0.500 0.500 0.500 0.500 0.500 0.500 0.500 0.500 0.500 0.500 0.500 0.500 
4 1 0.400 0.400 0.401 0.400 0.400 0.531 0.400 0.400 0.600 0.401 0.400 0.581 0.400 0.400 0.400 0.600 
4 2 0.332 0.324 0.330 0.329 0.329 0.522 0.335 0.327 0.680 0.329 0.324 0.572 0.329 0.329 0.341 0.672 
4 3 0.312 0.300 0.288 0.302 0.411 0.486 0.371 0.338 0.744 0.299 0.290 0.477 0.394 0.309 0.402 0.686 
4 4 0.311 0.319 0.251 0.340 0.524 0.423 0.456 0.457 0.795 0.322 0.344 0.384 0.505 0.276 0.511 0.712 
4 5 0.288 0.340 0.203 0.433 0.619 0.340 0.564 0.564 0.836 0.323 0.468 0.311 0.604 0.225 0.608 0.741 
4 6 0.251 0.396 0.162 0.536 0.695 0.272 0.651 0.651 0.869 0.301 0.574 0.264 0.683 0.180 0.686 0.782 
4 7 0.216 0.490 0.130 0.626 0.756 0.218 0.721 0.721 0.895 0.272 0.659 0.247 0.746 0.144 0.749 0.823 
4 8 0.190 0.585 0.104 0.699 0.805 0.174 0.777 0.777 0.916 0.242 0.727 0.266 0.797 0.115 0.799 0.858 
4 9 0.173 0.667 0.083 0.759 0.844 0.139 0.821 0.821 0.933 0.215 0.782 0.320 0.838 0.092 0.839 0.886 
4 10 0.166 0.733 0.066 0.806 0.875 0.111 0.857 0.857 0.946 0.192 0.825 0.401 0.870 0.074 0.872 0.909 
4 11 0.171 0.787 0.053 0.845 0.900 0.089 0.886 0.886 0.957 0.175 0.860 0.493 0.896 0.059 0.897 0.927 
4 12 0.188 0.829 0.043 0.876 0.920 0.071 0.909 0.909 0.965 0.165 0.888 0.580 0.917 0.047 0.918 0.941 
4 13 0.212 0.863 0.034 0.900 0.936 0.057 0.927 0.927 0.972 0.162 0.911 0.657 0.934 0.038 0.934 0.953 
4 14 0.237 0.891 0.027 0.920 0.949 0.046 0.941 0.941 0.978 0.169 0.929 0.721 0.947 0.030 0.947 0.962 
4 15 0.260 0.913 0.022 0.936 0.959 0.036 0.953 0.953 0.982 0.188 0.943 0.774 0.957 0.024 0.958 0.970 
4 16 0.277 0.930 0.017 0.948 0.967 0.029 0.963 0.963 0.986 0.219 0.954 0.818 0.966 0.019 0.966 0.976 
4 17 0.288 0.944 0.014 0.958 0.974 0.023 0.970 0.970 0.989 0.262 0.963 0.853 0.973 0.015 0.973 0.981 
4 18 0.296 0.955 0.011 0.967 0.979 0.019 0.976 0.976 0.991 0.318 0.971 0.881 0.978 0.012 0.978 0.985 
4 19 0.302 0.964 0.009 0.973 0.983 0.015 0.981 0.981 0.993 0.385 0.977 0.904 0.983 0.010 0.983 0.988 
4 20 0.308 0.971 0.007 0.978 0.987 0.012 0.985 0.985 0.994 0.458 0.981 0.923 0.986 0.008 0.986 0.990 
4 21 0.313 0.977 0.006 0.983 0.989 0.010 0.988 0.988 0.995 0.533 0.985 0.938 0.989 0.006 0.989 0.992 
4 22 0.312 0.982 0.005 0.986 0.991 0.008 0.990 0.990 0.996 0.603 0.988 0.950 0.991 0.005 0.991 0.994 
4 23 0.296 0.985 0.004 0.989 0.993 0.006 0.992 0.992 0.997 0.666 0.990 0.960 0.993 0.004 0.993 0.995 
4 24 0.259 0.988 0.003 0.991 0.995 0.005 0.994 0.994 0.998 0.719 0.992 0.968 0.994 0.003 0.994 0.996 
4 25 0.214 0.991 0.002 0.993 0.996 0.004 0.995 0.995 0.998 0.764 0.994 0.974 0.995 0.003 0.995 0.997 
5 0 0.500 0.500 0.500 0.500 0.500 0.500 0.500 0.500 0.500 0.500 0.500 0.500 0.500 0.500 0.500 0.500 
5 1 0.400 0.400 0.401 0.400 0.400 0.531 0.400 0.400 0.600 0.401 0.400 0.581 0.400 0.400 0.400 0.600 
5 2 0.332 0.324 0.330 0.329 0.329 0.522 0.335 0.327 0.680 0.329 0.324 0.572 0.329 0.329 0.341 0.672 
5 3 0.328 0.328 0.292 0.301 0.405 0.491 0.382 0.338 0.744 0.319 0.305 0.477 0.386 0.325 0.400 0.644 
5 4 0.377 0.429 0.256 0.326 0.517 0.433 0.479 0.455 0.795 0.406 0.404 0.385 0.492 0.327 0.507 0.572 
5 5 0.441 0.536 0.206 0.375 0.613 0.348 0.583 0.561 0.836 0.506 0.522 0.309 0.593 0.284 0.605 0.483 
5 6 0.527 0.626 0.165 0.424 0.691 0.278 0.666 0.649 0.869 0.600 0.617 0.247 0.674 0.231 0.684 0.401 
5 7 0.614 0.700 0.132 0.461 0.753 0.222 0.733 0.719 0.895 0.679 0.694 0.198 0.740 0.186 0.747 0.332 
5 8 0.689 0.760 0.106 0.487 0.802 0.178 0.786 0.775 0.916 0.743 0.755 0.158 0.792 0.149 0.798 0.276 
5 9 0.750 0.807 0.084 0.501 0.842 0.142 0.829 0.820 0.932 0.794 0.804 0.127 0.833 0.119 0.838 0.231 
5 10 0.800 0.846 0.068 0.506 0.873 0.114 0.863 0.856 0.946 0.835 0.843 0.101 0.867 0.095 0.871 0.195 
5 11 0.840 0.877 0.054 0.502 0.899 0.091 0.891 0.885 0.956 0.868 0.875 0.081 0.893 0.076 0.897 0.166 
5 12 0.872 0.901 0.043 0.491 0.919 0.073 0.913 0.908 0.965 0.894 0.900 0.065 0.915 0.061 0.917 0.142 
5 13 0.897 0.921 0.035 0.474 0.935 0.058 0.930 0.926 0.972 0.915 0.920 0.052 0.932 0.049 0.934 0.123 
5 14 0.918 0.937 0.028 0.452 0.948 0.047 0.944 0.941 0.977 0.932 0.936 0.041 0.945 0.039 0.947 0.107 
5 15 0.934 0.949 0.022 0.426 0.958 0.037 0.955 0.953 0.981 0.946 0.949 0.033 0.956 0.031 0.958 0.094 
5 16 0.947 0.959 0.018 0.397 0.967 0.030 0.964 0.962 0.985 0.957 0.959 0.027 0.965 0.025 0.966 0.084 
5 17 0.958 0.968 0.014 0.366 0.973 0.024 0.971 0.970 0.988 0.965 0.967 0.021 0.972 0.020 0.973 0.075 
5 18 0.966 0.974 0.011 0.335 0.979 0.019 0.977 0.976 0.990 0.972 0.974 0.017 0.978 0.016 0.978 0.068 
5 19 0.973 0.979 0.009 0.304 0.983 0.015 0.982 0.981 0.992 0.978 0.979 0.014 0.982 0.013 0.983 0.062 
5 20 0.978 0.983 0.007 0.274 0.986 0.012 0.985 0.985 0.993 0.982 0.983 0.011 0.986 0.010 0.986 0.057 
5 21 0.983 0.987 0.006 0.246 0.989 0.010 0.988 0.988 0.994 0.986 0.987 0.009 0.989 0.008 0.989 0.052 
5 22 0.986 0.989 0.005 0.220 0.991 0.008 0.991 0.990 0.995 0.989 0.989 0.007 0.991 0.007 0.991 0.048 
5 23 0.989 0.991 0.004 0.196 0.993 0.006 0.992 0.992 0.996 0.991 0.991 0.006 0.993 0.005 0.993 0.045 
5 24 0.991 0.993 0.003 0.175 0.994 0.005 0.994 0.994 0.996 0.993 0.993 0.004 0.994 0.004 0.994 0.042 
5 25 0.993 0.995 0.002 0.156 0.996 0.004 0.995 0.995 0.997 0.994 0.994 0.004 0.995 0.003 0.995 0.040 
6 0 0.500 0.500 0.500 0.500 0.500 0.500 0.500 0.500 0.500 0.500 0.500 0.500 0.500 0.500 0.500 0.500 
6 1 0.400 0.400 0.401 0.400 0.400 0.531 0.400 0.400 0.600 0.401 0.400 0.581 0.400 0.400 0.400 0.600 
6 2 0.332 0.324 0.330 0.329 0.329 0.522 0.335 0.327 0.680 0.329 0.324 0.572 0.329 0.329 0.341 0.672 
6 3 0.298 0.295 0.287 0.310 0.403 0.478 0.345 0.315 0.744 0.344 0.282 0.488 0.392 0.335 0.398 0.699 
6 4 0.264 0.290 0.248 0.374 0.516 0.406 0.379 0.399 0.795 0.460 0.300 0.399 0.502 0.353 0.508 0.739 
6 5 0.216 0.260 0.200 0.479 0.613 0.326 0.498 0.495 0.836 0.565 0.415 0.348 0.601 0.310 0.606 0.772 
6 6 0.174 0.229 0.160 0.579 0.690 0.260 0.598 0.586 0.869 0.652 0.531 0.372 0.681 0.251 0.685 0.787 
6 7 0.140 0.210 0.128 0.661 0.752 0.208 0.679 0.665 0.895 0.721 0.625 0.446 0.745 0.201 0.748 0.788 
6 8 0.112 0.206 0.102 0.728 0.802 0.167 0.743 0.731 0.916 0.777 0.700 0.534 0.796 0.161 0.798 0.785 
6 9 0.089 0.215 0.082 0.781 0.841 0.133 0.794 0.784 0.933 0.821 0.760 0.616 0.837 0.129 0.839 0.784 
6 10 0.071 0.238 0.065 0.824 0.873 0.107 0.836 0.827 0.946 0.857 0.808 0.687 0.869 0.103 0.871 0.787 
6 11 0.057 0.272 0.052 0.859 0.899 0.085 0.868 0.861 0.957 0.886 0.846 0.746 0.895 0.082 0.897 0.793 
6 12 0.046 0.317 0.042 0.886 0.919 0.068 0.895 0.889 0.965 0.909 0.877 0.795 0.916 0.066 0.917 0.804 
6 13 0.037 0.370 0.034 0.908 0.935 0.055 0.916 0.911 0.972 0.927 0.902 0.834 0.933 0.053 0.934 0.820 
6 14 0.029 0.430 0.027 0.925 0.948 0.044 0.933 0.929 0.978 0.941 0.921 0.866 0.946 0.042 0.947 0.839 
6 15 0.023 0.494 0.021 0.939 0.958 0.035 0.946 0.943 0.982 0.953 0.937 0.892 0.957 0.034 0.958 0.859 
6 16 0.019 0.559 0.017 0.950 0.967 0.028 0.957 0.954 0.986 0.962 0.950 0.913 0.966 0.027 0.966 0.878 
6 17 0.015 0.621 0.014 0.959 0.973 0.022 0.966 0.963 0.989 0.970 0.960 0.929 0.973 0.022 0.973 0.897 
6 18 0.012 0.676 0.011 0.965 0.979 0.018 0.972 0.971 0.991 0.976 0.968 0.943 0.978 0.017 0.978 0.913 
6 19 0.010 0.722 0.009 0.971 0.983 0.014 0.978 0.977 0.993 0.981 0.974 0.954 0.982 0.014 0.983 0.927 
6 20 0.008 0.761 0.007 0.976 0.986 0.011 0.982 0.981 0.994 0.985 0.979 0.963 0.986 0.011 0.986 0.938 
6 21 0.006 0.795 0.006 0.980 0.989 0.009 0.986 0.985 0.995 0.988 0.983 0.970 0.989 0.009 0.989 0.948 
6 22 0.005 0.824 0.005 0.983 0.991 0.007 0.989 0.988 0.996 0.990 0.987 0.976 0.991 0.007 0.991 0.956 
6 23 0.004 0.848 0.004 0.986 0.993 0.006 0.991 0.990 0.997 0.992 0.989 0.981 0.993 0.006 0.993 0.962 
6 24 0.003 0.869 0.003 0.989 0.994 0.005 0.993 0.992 0.998 0.994 0.992 0.984 0.994 0.005 0.994 0.966 
6 25 0.003 0.886 0.002 0.991 0.996 0.004 0.994 0.994 0.998 0.995 0.993 0.987 0.995 0.004 0.995 0.970 
7 0 0.500 0.500 0.500 0.500 0.500 0.500 0.500 0.500 0.500 0.500 0.500 0.500 0.500 0.500 0.500 0.500 
7 1 0.400 0.400 0.401 0.400 0.400 0.531 0.400 0.400 0.600 0.401 0.400 0.581 0.400 0.400 0.400 0.600 
7 2 0.332 0.324 0.330 0.329 0.329 0.522 0.335 0.327 0.680 0.329 0.324 0.572 0.329 0.329 0.341 0.672 
7 3 0.362 0.316 0.285 0.307 0.404 0.482 0.391 0.315 0.744 0.297 0.296 0.476 0.382 0.383 0.391 0.616 
7 4 0.461 0.401 0.241 0.346 0.517 0.413 0.494 0.406 0.795 0.321 0.371 0.383 0.486 0.486 0.494 0.515 
7 5 0.563 0.506 0.193 0.399 0.614 0.332 0.595 0.510 0.836 0.344 0.484 0.307 0.588 0.583 0.594 0.415 
7 6 0.649 0.596 0.155 0.467 0.691 0.265 0.676 0.600 0.869 0.363 0.583 0.246 0.670 0.666 0.675 0.332 
7 7 0.719 0.669 0.124 0.545 0.753 0.212 0.741 0.674 0.895 0.382 0.663 0.197 0.736 0.733 0.740 0.266 
7 8 0.775 0.725 0.099 0.621 0.802 0.170 0.793 0.734 0.916 0.402 0.727 0.157 0.789 0.786 0.792 0.213 
7 9 0.820 0.768 0.079 0.689 0.842 0.136 0.834 0.783 0.932 0.425 0.779 0.126 0.831 0.829 0.834 0.170 
7 10 0.856 0.798 0.063 0.747 0.873 0.109 0.867 0.822 0.946 0.449 0.821 0.101 0.865 0.863 0.867 0.136 
7 11 0.885 0.818 0.051 0.795 0.899 0.087 0.894 0.853 0.956 0.476 0.854 0.080 0.892 0.891 0.894 0.109 
7 12 0.908 0.827 0.041 0.834 0.919 0.070 0.915 0.878 0.965 0.505 0.881 0.064 0.914 0.912 0.915 0.087 
7 13 0.926 0.827 0.032 0.866 0.935 0.056 0.932 0.897 0.972 0.535 0.903 0.052 0.931 0.930 0.932 0.070 
7 14 0.941 0.818 0.026 0.892 0.948 0.045 0.946 0.913 0.977 0.566 0.920 0.041 0.945 0.944 0.946 0.056 
7 15 0.953 0.797 0.021 0.913 0.959 0.036 0.957 0.924 0.982 0.598 0.934 0.033 0.956 0.955 0.956 0.045 
7 16 0.962 0.765 0.017 0.930 0.967 0.028 0.965 0.933 0.985 0.631 0.945 0.026 0.965 0.964 0.965 0.036 
7 17 0.970 0.718 0.013 0.943 0.973 0.023 0.972 0.940 0.988 0.664 0.954 0.021 0.972 0.971 0.972 0.029 
7 18 0.976 0.657 0.011 0.954 0.979 0.018 0.978 0.944 0.990 0.696 0.961 0.017 0.977 0.977 0.978 0.023 
7 19 0.981 0.583 0.008 0.963 0.983 0.015 0.982 0.946 0.992 0.727 0.966 0.014 0.982 0.982 0.982 0.018 
7 20 0.985 0.503 0.007 0.970 0.986 0.012 0.986 0.946 0.993 0.756 0.970 0.011 0.986 0.985 0.986 0.015 
7 21 0.988 0.426 0.005 0.976 0.989 0.009 0.989 0.947 0.995 0.786 0.973 0.009 0.988 0.988 0.989 0.012 
7 22 0.990 0.355 0.004 0.981 0.991 0.007 0.991 0.948 0.996 0.814 0.975 0.007 0.991 0.991 0.991 0.009 
7 23 0.992 0.293 0.003 0.984 0.993 0.006 0.993 0.947 0.996 0.839 0.977 0.006 0.993 0.992 0.993 0.007 
7 24 0.994 0.241 0.003 0.987 0.994 0.005 0.994 0.946 0.997 0.861 0.977 0.004 0.994 0.994 0.994 0.006 
7 25 0.995 0.197 0.002 0.990 0.996 0.004 0.995 0.943 0.997 0.880 0.976 0.004 0.995 0.995 0.995 0.005 
8 0 0.500 0.500 0.500 0.500 0.500 0.500 0.500 0.500 0.500 0.500 0.500 0.500 0.500 0.500 0.500 0.500 
8 1 0.400 0.400 0.401 0.400 0.400 0.531 0.400 0.400 0.600 0.401 0.400 0.581 0.400 0.400 0.400 0.600 
8 2 0.332 0.324 0.330 0.329 0.329 0.522 0.335 0.327 0.680 0.329 0.324 0.572 0.329 0.329 0.341 0.672 
8 3 0.389 0.305 0.388 0.297 0.351 0.566 0.288 0.288 0.744 0.386 0.286 0.530 0.273 0.359 0.381 0.642 
8 4 0.503 0.375 0.499 0.302 0.437 0.626 0.239 0.261 0.795 0.503 0.331 0.489 0.220 0.452 0.487 0.564 
8 5 0.602 0.484 0.598 0.330 0.520 0.693 0.192 0.220 0.836 0.602 0.419 0.421 0.176 0.554 0.587 0.515 
8 6 0.682 0.580 0.678 0.384 0.606 0.752 0.153 0.177 0.868 0.682 0.513 0.343 0.141 0.642 0.669 0.517 
8 7 0.745 0.660 0.743 0.460 0.682 0.800 0.123 0.142 0.894 0.745 0.600 0.276 0.113 0.713 0.735 0.566 
8 8 0.796 0.725 0.794 0.547 0.745 0.839 0.098 0.114 0.915 0.796 0.675 0.221 0.090 0.771 0.788 0.634 
8 9 0.837 0.776 0.835 0.628 0.796 0.870 0.079 0.091 0.932 0.837 0.737 0.177 0.072 0.817 0.830 0.700 
8 10 0.870 0.818 0.868 0.699 0.837 0.895 0.063 0.073 0.945 0.870 0.788 0.141 0.058 0.853 0.864 0.758 
8 11 0.896 0.851 0.895 0.757 0.869 0.915 0.050 0.058 0.955 0.896 0.829 0.113 0.046 0.883 0.891 0.805 
8 12 0.917 0.878 0.916 0.804 0.896 0.931 0.040 0.047 0.964 0.917 0.863 0.090 0.037 0.906 0.913 0.843 
8 13 0.933 0.899 0.933 0.843 0.916 0.944 0.032 0.037 0.971 0.933 0.890 0.072 0.030 0.925 0.930 0.874 
8 14 0.947 0.916 0.946 0.874 0.933 0.954 0.026 0.030 0.976 0.947 0.912 0.058 0.024 0.940 0.944 0.899 
8 15 0.957 0.930 0.957 0.899 0.947 0.963 0.021 0.024 0.981 0.957 0.929 0.046 0.019 0.952 0.956 0.919 
8 16 0.966 0.941 0.965 0.919 0.957 0.969 0.016 0.019 0.984 0.966 0.943 0.037 0.015 0.962 0.964 0.935 
8 17 0.973 0.949 0.972 0.935 0.966 0.974 0.013 0.015 0.987 0.973 0.954 0.030 0.012 0.969 0.972 0.948 
8 18 0.978 0.956 0.978 0.948 0.973 0.979 0.011 0.012 0.989 0.978 0.963 0.024 0.010 0.975 0.977 0.958 
8 19 0.982 0.962 0.982 0.958 0.978 0.982 0.008 0.010 0.991 0.983 0.970 0.019 0.008 0.980 0.982 0.967 
8 20 0.986 0.966 0.986 0.966 0.982 0.985 0.007 0.008 0.992 0.986 0.976 0.015 0.006 0.984 0.985 0.973 
8 21 0.989 0.970 0.989 0.973 0.986 0.987 0.005 0.006 0.993 0.989 0.981 0.012 0.005 0.987 0.988 0.978 
8 22 0.991 0.972 0.991 0.978 0.989 0.989 0.004 0.005 0.994 0.991 0.984 0.010 0.004 0.990 0.991 0.983 
8 23 0.993 0.975 0.993 0.982 0.991 0.990 0.003 0.004 0.995 0.993 0.987 0.008 0.003 0.992 0.993 0.986 
8 24 0.994 0.976 0.994 0.986 0.993 0.991 0.003 0.003 0.996 0.994 0.990 0.006 0.003 0.994 0.994 0.989 
8 25 0.995 0.978 0.995 0.988 0.994 0.992 0.002 0.003 0.996 0.995 0.992 0.005 0.002 0.995 0.995 0.991 
9 0 0.500 0.500 0.500 0.500 0.500 0.500 0.500 0.500 0.500 0.500 0.500 0.500 0.500 0.500 0.500 0.500 
9 1 0.400 0.400 0.401 0.400 0.400 0.531 0.400 0.400 0.600 0.401 0.400 0.581 0.400 0.400 0.400 0.600 
9 2 0.332 0.324 0.330 0.329 0.329 0.522 0.335 0.327 0.680 0.329 0.324 0.572 0.329 0.329 0.341 0.672 
9 3 0.351 0.309 0.339 0.367 0.298 0.572 0.296 0.356 0.744 0.301 0.286 0.557 0.277 0.384 0.335 0.620 
9 4 0.445 0.391 0.411 0.484 0.259 0.648 0.255 0.467 0.795 0.297 0.326 0.583 0.225 0.496 0.341 0.507 
9 5 0.551 0.510 0.508 0.586 0.209 0.718 0.205 0.572 0.836 0.317 0.412 0.610 0.180 0.596 0.304 0.412 
9 6 0.639 0.608 0.598 0.668 0.167 0.774 0.164 0.657 0.868 0.305 0.509 0.631 0.144 0.676 0.249 0.339 
9 7 0.711 0.686 0.675 0.734 0.134 0.819 0.131 0.726 0.895 0.264 0.598 0.647 0.115 0.741 0.200 0.285 
9 8 0.769 0.749 0.738 0.787 0.107 0.855 0.105 0.781 0.916 0.216 0.674 0.656 0.092 0.793 0.160 0.251 
9 9 0.815 0.799 0.789 0.829 0.086 0.884 0.084 0.824 0.932 0.174 0.737 0.654 0.074 0.834 0.128 0.240 
9 10 0.852 0.839 0.830 0.863 0.068 0.907 0.067 0.860 0.946 0.140 0.789 0.638 0.059 0.867 0.103 0.256 
9 11 0.881 0.872 0.864 0.891 0.055 0.926 0.054 0.888 0.957 0.112 0.831 0.608 0.047 0.894 0.082 0.303 
9 12 0.905 0.897 0.890 0.912 0.044 0.941 0.043 0.910 0.965 0.090 0.864 0.567 0.038 0.915 0.066 0.375 
9 13 0.924 0.918 0.912 0.930 0.035 0.953 0.034 0.928 0.972 0.072 0.891 0.522 0.030 0.932 0.053 0.457 
9 14 0.939 0.934 0.929 0.944 0.028 0.962 0.027 0.942 0.978 0.057 0.913 0.472 0.024 0.946 0.042 0.539 
9 15 0.951 0.947 0.943 0.955 0.022 0.970 0.022 0.954 0.982 0.046 0.930 0.421 0.019 0.957 0.034 0.613 
9 16 0.961 0.958 0.955 0.964 0.018 0.976 0.018 0.963 0.986 0.037 0.944 0.369 0.015 0.965 0.027 0.677 
9 17 0.969 0.966 0.963 0.971 0.014 0.981 0.014 0.971 0.988 0.029 0.955 0.320 0.012 0.972 0.022 0.730 
9 18 0.975 0.973 0.971 0.977 0.011 0.984 0.011 0.976 0.991 0.024 0.964 0.274 0.010 0.978 0.017 0.773 
9 19 0.980 0.978 0.976 0.982 0.009 0.988 0.009 0.981 0.993 0.019 0.971 0.234 0.008 0.982 0.014 0.807 
9 20 0.984 0.983 0.981 0.985 0.007 0.990 0.007 0.985 0.994 0.015 0.977 0.199 0.006 0.986 0.011 0.834 
9 21 0.987 0.986 0.985 0.988 0.006 0.992 0.006 0.988 0.995 0.012 0.981 0.170 0.005 0.989 0.009 0.859 
9 22 0.990 0.989 0.988 0.991 0.005 0.994 0.005 0.990 0.996 0.010 0.985 0.148 0.004 0.991 0.007 0.881 
9 23 0.992 0.991 0.990 0.992 0.004 0.995 0.004 0.992 0.997 0.008 0.988 0.130 0.003 0.993 0.006 0.899 
9 24 0.993 0.993 0.992 0.994 0.003 0.996 0.003 0.994 0.997 0.006 0.990 0.115 0.003 0.994 0.005 0.913 
9 25 0.995 0.994 0.994 0.995 0.002 0.997 0.002 0.995 0.998 0.005 0.992 0.104 0.002 0.995 0.004 0.924 
10 0 0.500 0.500 0.500 0.500 0.500 0.500 0.500 0.500 0.500 0.500 0.500 0.500 0.500 0.500 0.500 0.500 
10 1 0.400 0.400 0.401 0.400 0.400 0.531 0.400 0.400 0.600 0.401 0.400 0.581 0.400 0.400 0.400 0.600 
10 2 0.332 0.324 0.330 0.329 0.329 0.522 0.335 0.327 0.680 0.329 0.324 0.572 0.329 0.329 0.341 0.672 
10 3 0.392 0.290 0.370 0.365 0.295 0.576 0.283 0.347 0.744 0.357 0.289 0.567 0.268 0.379 0.370 0.604 
10 4 0.505 0.307 0.467 0.484 0.259 0.646 0.231 0.457 0.795 0.458 0.344 0.613 0.215 0.492 0.464 0.492 
10 5 0.604 0.410 0.565 0.586 0.209 0.715 0.185 0.561 0.836 0.564 0.442 0.660 0.172 0.592 0.556 0.404 
10 6 0.683 0.525 0.646 0.669 0.167 0.772 0.148 0.648 0.868 0.651 0.544 0.701 0.138 0.674 0.638 0.340 
10 7 0.746 0.620 0.711 0.735 0.134 0.818 0.118 0.718 0.895 0.721 0.633 0.735 0.110 0.739 0.707 0.298 
10 8 0.797 0.696 0.762 0.788 0.107 0.854 0.094 0.775 0.915 0.777 0.705 0.756 0.088 0.791 0.764 0.277 
10 9 0.838 0.757 0.798 0.831 0.086 0.883 0.076 0.820 0.932 0.821 0.764 0.753 0.071 0.833 0.811 0.276 
10 10 0.870 0.805 0.815 0.864 0.069 0.906 0.060 0.856 0.945 0.857 0.811 0.713 0.056 0.866 0.848 0.300 
10 11 0.896 0.844 0.811 0.892 0.055 0.925 0.048 0.885 0.956 0.886 0.848 0.639 0.045 0.893 0.879 0.351 
10 12 0.917 0.875 0.792 0.913 0.044 0.940 0.039 0.908 0.965 0.908 0.879 0.553 0.036 0.914 0.903 0.426 
10 13 0.933 0.900 0.776 0.931 0.035 0.952 0.031 0.926 0.972 0.927 0.903 0.476 0.029 0.932 0.922 0.511 
10 14 0.947 0.920 0.766 0.944 0.028 0.962 0.025 0.941 0.977 0.941 0.922 0.415 0.023 0.945 0.938 0.593 
10 15 0.957 0.936 0.758 0.956 0.022 0.969 0.020 0.953 0.981 0.953 0.938 0.377 0.018 0.956 0.950 0.666 
10 16 0.966 0.949 0.745 0.964 0.018 0.975 0.016 0.962 0.985 0.963 0.950 0.374 0.015 0.965 0.960 0.728 
10 17 0.973 0.959 0.723 0.972 0.014 0.980 0.013 0.970 0.988 0.970 0.960 0.419 0.012 0.972 0.968 0.779 
10 18 0.978 0.967 0.698 0.977 0.012 0.984 0.010 0.976 0.990 0.976 0.968 0.501 0.009 0.978 0.974 0.821 
10 19 0.983 0.974 0.673 0.982 0.009 0.987 0.008 0.981 0.992 0.981 0.975 0.589 0.008 0.982 0.980 0.854 
10 20 0.986 0.979 0.653 0.985 0.007 0.989 0.006 0.984 0.993 0.985 0.980 0.667 0.006 0.986 0.984 0.880 
10 21 0.989 0.983 0.628 0.988 0.006 0.990 0.005 0.988 0.994 0.988 0.984 0.731 0.005 0.989 0.987 0.901 
10 22 0.991 0.987 0.596 0.991 0.005 0.991 0.004 0.990 0.995 0.990 0.987 0.783 0.004 0.991 0.990 0.916 
10 23 0.993 0.989 0.554 0.993 0.004 0.992 0.003 0.992 0.996 0.992 0.990 0.825 0.003 0.993 0.992 0.928 
10 24 0.994 0.991 0.499 0.994 0.003 0.991 0.003 0.994 0.997 0.994 0.992 0.859 0.002 0.994 0.993 0.937 
10 25 0.995 0.993 0.435 0.995 0.002 0.991 0.002 0.995 0.997 0.995 0.993 0.885 0.002 0.995 0.995 0.943 
11 0 0.500 0.500 0.500 0.500 0.500 0.500 0.500 0.500 0.500 0.500 0.500 0.500 0.500 0.500 0.500 0.500 
11 1 0.400 0.400 0.401 0.400 0.400 0.531 0.400 0.400 0.600 0.401 0.400 0.581 0.400 0.400 0.400 0.600 
11 2 0.332 0.324 0.330 0.329 0.329 0.522 0.335 0.327 0.680 0.329 0.324 0.572 0.329 0.329 0.341 0.672 
11 3 0.396 0.294 0.383 0.301 0.322 0.575 0.288 0.289 0.744 0.356 0.284 0.566 0.272 0.333 0.358 0.633 
11 4 0.511 0.328 0.496 0.301 0.306 0.653 0.241 0.255 0.795 0.448 0.296 0.624 0.218 0.335 0.397 0.529 
11 5 0.609 0.430 0.597 0.304 0.252 0.722 0.193 0.211 0.836 0.555 0.335 0.686 0.175 0.319 0.401 0.437 
11 6 0.687 0.530 0.677 0.307 0.202 0.777 0.155 0.170 0.869 0.644 0.395 0.737 0.140 0.272 0.346 0.357 
11 7 0.749 0.616 0.742 0.309 0.161 0.822 0.124 0.136 0.895 0.715 0.470 0.782 0.112 0.221 0.280 0.289 
11 8 0.799 0.688 0.794 0.309 0.129 0.858 0.099 0.109 0.916 0.772 0.547 0.819 0.089 0.177 0.225 0.233 
11 9 0.840 0.746 0.835 0.305 0.103 0.886 0.079 0.087 0.932 0.817 0.618 0.849 0.072 0.142 0.180 0.187 
11 10 0.872 0.794 0.868 0.294 0.083 0.909 0.063 0.070 0.946 0.854 0.680 0.871 0.057 0.113 0.144 0.150 
11 11 0.897 0.833 0.894 0.275 0.066 0.927 0.051 0.056 0.956 0.883 0.733 0.885 0.046 0.091 0.115 0.121 
11 12 0.918 0.864 0.915 0.251 0.053 0.942 0.041 0.045 0.965 0.907 0.776 0.887 0.037 0.073 0.092 0.097 
11 13 0.934 0.890 0.932 0.225 0.042 0.953 0.032 0.036 0.972 0.925 0.812 0.875 0.029 0.058 0.074 0.078 
11 14 0.947 0.910 0.946 0.199 0.034 0.963 0.026 0.028 0.977 0.940 0.842 0.845 0.023 0.046 0.059 0.063 
11 15 0.958 0.926 0.957 0.176 0.027 0.970 0.021 0.023 0.982 0.952 0.867 0.796 0.019 0.037 0.047 0.050 
11 16 0.966 0.938 0.965 0.155 0.022 0.976 0.017 0.018 0.985 0.962 0.888 0.731 0.015 0.030 0.038 0.041 
11 17 0.973 0.947 0.972 0.137 0.017 0.981 0.013 0.015 0.988 0.969 0.905 0.659 0.012 0.024 0.030 0.033 
11 18 0.978 0.954 0.978 0.122 0.014 0.985 0.011 0.012 0.990 0.976 0.920 0.591 0.010 0.019 0.024 0.027 
11 19 0.983 0.958 0.982 0.110 0.011 0.988 0.008 0.009 0.992 0.980 0.932 0.537 0.008 0.015 0.019 0.022 
11 20 0.986 0.960 0.986 0.099 0.009 0.990 0.007 0.007 0.993 0.984 0.942 0.499 0.006 0.012 0.015 0.018 
11 21 0.989 0.962 0.989 0.087 0.007 0.992 0.005 0.006 0.994 0.987 0.950 0.428 0.005 0.010 0.012 0.014 
11 22 0.991 0.962 0.991 0.074 0.006 0.994 0.004 0.005 0.995 0.990 0.956 0.353 0.004 0.008 0.010 0.011 
11 23 0.993 0.960 0.993 0.061 0.005 0.995 0.003 0.004 0.995 0.992 0.960 0.286 0.003 0.006 0.008 0.009 
11 24 0.994 0.957 0.994 0.049 0.004 0.996 0.003 0.003 0.996 0.994 0.962 0.231 0.003 0.005 0.006 0.007 
11 25 0.995 0.955 0.995 0.040 0.003 0.997 0.002 0.002 0.996 0.995 0.963 0.186 0.002 0.004 0.005 0.006 
12 0 0.500 0.500 0.500 0.500 0.500 0.500 0.500 0.500 0.500 0.500 0.500 0.500 0.500 0.500 0.500 0.500 
12 1 0.400 0.400 0.401 0.400 0.400 0.531 0.400 0.400 0.600 0.401 0.400 0.581 0.400 0.400 0.400 0.600 
12 2 0.332 0.324 0.330 0.329 0.329 0.522 0.335 0.327 0.680 0.329 0.324 0.572 0.329 0.329 0.341 0.672 
12 3 0.369 0.332 0.363 0.298 0.305 0.577 0.348 0.295 0.744 0.338 0.284 0.496 0.281 0.326 0.335 0.620 
12 4 0.472 0.448 0.476 0.285 0.265 0.657 0.425 0.272 0.795 0.397 0.316 0.423 0.229 0.317 0.310 0.510 
12 5 0.574 0.557 0.580 0.255 0.215 0.726 0.449 0.237 0.836 0.484 0.398 0.346 0.183 0.308 0.260 0.411 
12 6 0.654 0.646 0.664 0.212 0.172 0.781 0.383 0.192 0.868 0.564 0.491 0.278 0.147 0.294 0.208 0.329 
12 7 0.716 0.716 0.731 0.172 0.138 0.824 0.310 0.154 0.894 0.627 0.578 0.223 0.117 0.277 0.167 0.264 
12 8 0.762 0.773 0.785 0.138 0.110 0.860 0.248 0.123 0.914 0.675 0.655 0.178 0.094 0.255 0.133 0.211 
12 9 0.796 0.819 0.828 0.111 0.088 0.888 0.199 0.099 0.931 0.717 0.718 0.142 0.075 0.229 0.107 0.169 
12 10 0.821 0.855 0.862 0.089 0.071 0.910 0.159 0.079 0.943 0.754 0.770 0.114 0.060 0.200 0.085 0.135 
12 11 0.841 0.884 0.890 0.071 0.056 0.928 0.127 0.063 0.953 0.789 0.811 0.091 0.048 0.169 0.068 0.108 
12 12 0.856 0.907 0.912 0.057 0.045 0.942 0.102 0.050 0.962 0.819 0.844 0.073 0.038 0.140 0.055 0.086 
12 13 0.868 0.926 0.930 0.046 0.036 0.954 0.081 0.040 0.968 0.845 0.869 0.058 0.031 0.114 0.044 0.069 
12 14 0.879 0.940 0.944 0.037 0.029 0.963 0.065 0.032 0.973 0.867 0.887 0.047 0.025 0.093 0.035 0.055 
12 15 0.888 0.952 0.955 0.029 0.023 0.971 0.052 0.026 0.977 0.884 0.901 0.038 0.020 0.075 0.028 0.044 
12 16 0.895 0.962 0.964 0.023 0.019 0.976 0.042 0.021 0.981 0.898 0.910 0.030 0.016 0.060 0.022 0.035 
12 17 0.902 0.969 0.971 0.019 0.015 0.981 0.033 0.017 0.984 0.908 0.916 0.025 0.013 0.049 0.018 0.028 
12 18 0.908 0.975 0.977 0.015 0.012 0.985 0.027 0.013 0.986 0.916 0.919 0.021 0.010 0.039 0.014 0.023 
12 19 0.914 0.980 0.982 0.012 0.009 0.988 0.021 0.011 0.988 0.921 0.921 0.018 0.008 0.032 0.011 0.018 
12 20 0.919 0.983 0.985 0.010 0.008 0.990 0.017 0.008 0.989 0.924 0.921 0.017 0.006 0.025 0.009 0.014 
12 21 0.925 0.986 0.988 0.008 0.006 0.992 0.014 0.007 0.991 0.927 0.924 0.017 0.005 0.021 0.007 0.012 
12 22 0.933 0.988 0.991 0.006 0.005 0.994 0.011 0.005 0.991 0.929 0.928 0.020 0.004 0.017 0.006 0.009 
12 23 0.940 0.989 0.992 0.005 0.004 0.995 0.009 0.004 0.992 0.931 0.933 0.024 0.003 0.014 0.005 0.007 
12 24 0.947 0.990 0.994 0.004 0.003 0.996 0.007 0.003 0.993 0.933 0.938 0.030 0.003 0.011 0.004 0.006 
12 25 0.953 0.990 0.995 0.003 0.002 0.997 0.006 0.003 0.993 0.934 0.942 0.037 0.002 0.010 0.003 0.005 
13 0 0.500 0.500 0.500 0.500 0.500 0.500 0.500 0.500 0.500 0.500 0.500 0.500 0.500 0.500 0.500 0.500 
13 1 0.400 0.400 0.401 0.400 0.400 0.531 0.400 0.400 0.600 0.401 0.400 0.581 0.400 0.400 0.400 0.600 
13 2 0.332 0.324 0.330 0.329 0.329 0.522 0.335 0.327 0.680 0.329 0.324 0.572 0.329 0.329 0.341 0.672 
13 3 0.395 0.282 0.305 0.342 0.300 0.544 0.296 0.330 0.744 0.399 0.284 0.506 0.277 0.367 0.401 0.618 
13 4 0.508 0.254 0.275 0.456 0.274 0.571 0.250 0.427 0.795 0.516 0.318 0.443 0.225 0.474 0.512 0.519 
13 5 0.606 0.238 0.241 0.564 0.232 0.610 0.201 0.529 0.836 0.612 0.403 0.389 0.180 0.577 0.609 0.454 
13 6 0.684 0.244 0.203 0.651 0.188 0.641 0.160 0.614 0.868 0.690 0.502 0.361 0.144 0.661 0.687 0.469 
13 7 0.748 0.290 0.168 0.721 0.151 0.647 0.128 0.682 0.894 0.752 0.594 0.387 0.115 0.729 0.750 0.546 
13 8 0.798 0.384 0.138 0.777 0.121 0.627 0.103 0.736 0.915 0.802 0.672 0.471 0.092 0.783 0.800 0.627 
13 9 0.838 0.496 0.114 0.821 0.097 0.587 0.082 0.782 0.932 0.841 0.736 0.569 0.074 0.827 0.840 0.697 
13 10 0.871 0.595 0.094 0.857 0.077 0.529 0.066 0.820 0.945 0.873 0.787 0.653 0.059 0.861 0.872 0.754 
13 11 0.897 0.675 0.076 0.886 0.062 0.458 0.053 0.852 0.956 0.898 0.829 0.722 0.047 0.889 0.898 0.801 
13 12 0.917 0.740 0.061 0.908 0.049 0.384 0.042 0.877 0.964 0.919 0.863 0.777 0.038 0.911 0.918 0.840 
13 13 0.934 0.792 0.049 0.927 0.040 0.316 0.034 0.898 0.971 0.935 0.890 0.821 0.030 0.929 0.934 0.871 
13 14 0.947 0.833 0.039 0.941 0.032 0.257 0.027 0.914 0.976 0.948 0.911 0.856 0.024 0.943 0.948 0.896 
13 15 0.958 0.867 0.032 0.953 0.025 0.208 0.022 0.927 0.981 0.958 0.928 0.884 0.019 0.955 0.958 0.916 
13 16 0.966 0.893 0.025 0.963 0.020 0.167 0.017 0.938 0.984 0.967 0.942 0.907 0.015 0.964 0.966 0.932 
13 17 0.973 0.915 0.020 0.970 0.016 0.135 0.014 0.946 0.987 0.973 0.953 0.925 0.012 0.971 0.973 0.946 
13 18 0.978 0.932 0.016 0.976 0.013 0.109 0.011 0.953 0.989 0.979 0.962 0.939 0.010 0.977 0.979 0.956 
13 19 0.983 0.945 0.013 0.981 0.010 0.087 0.009 0.958 0.991 0.983 0.969 0.950 0.008 0.981 0.983 0.965 
13 20 0.986 0.956 0.010 0.985 0.008 0.070 0.007 0.962 0.992 0.986 0.975 0.959 0.006 0.985 0.986 0.972 
13 21 0.989 0.965 0.008 0.988 0.007 0.057 0.006 0.966 0.994 0.989 0.979 0.967 0.005 0.988 0.989 0.977 
13 22 0.991 0.972 0.007 0.990 0.005 0.045 0.005 0.970 0.994 0.991 0.983 0.973 0.004 0.990 0.991 0.981 
13 23 0.993 0.978 0.005 0.992 0.004 0.037 0.004 0.973 0.995 0.993 0.985 0.977 0.003 0.992 0.993 0.985 
13 24 0.994 0.982 0.004 0.994 0.003 0.029 0.003 0.976 0.996 0.994 0.988 0.981 0.003 0.994 0.994 0.988 
13 25 0.995 0.986 0.003 0.995 0.003 0.024 0.002 0.979 0.996 0.996 0.990 0.984 0.002 0.995 0.995 0.990 
14 0 0.500 0.500 0.500 0.500 0.500 0.500 0.500 0.500 0.500 0.500 0.500 0.500 0.500 0.500 0.500 0.500 
14 1 0.400 0.400 0.401 0.400 0.400 0.531 0.400 0.400 0.600 0.401 0.400 0.581 0.400 0.400 0.400 0.600 
14 2 0.332 0.324 0.330 0.329 0.329 0.522 0.335 0.327 0.680 0.329 0.324 0.572 0.329 0.329 0.341 0.672 
14 3 0.339 0.328 0.348 0.369 0.304 0.564 0.313 0.358 0.744 0.285 0.294 0.568 0.284 0.379 0.331 0.634 
14 4 0.414 0.443 0.440 0.484 0.278 0.633 0.310 0.469 0.795 0.251 0.363 0.609 0.236 0.488 0.332 0.527 
14 5 0.517 0.554 0.543 0.585 0.225 0.705 0.258 0.573 0.836 0.216 0.467 0.653 0.189 0.589 0.287 0.434 
14 6 0.609 0.643 0.632 0.667 0.180 0.764 0.207 0.659 0.868 0.177 0.566 0.691 0.151 0.671 0.232 0.369 
14 7 0.685 0.715 0.704 0.732 0.144 0.811 0.166 0.727 0.895 0.142 0.650 0.722 0.121 0.737 0.186 0.334 
14 8 0.747 0.772 0.763 0.785 0.115 0.849 0.133 0.781 0.916 0.114 0.719 0.740 0.097 0.790 0.149 0.332 
14 9 0.797 0.817 0.810 0.828 0.092 0.879 0.106 0.825 0.932 0.091 0.774 0.743 0.077 0.832 0.119 0.362 
14 10 0.837 0.854 0.848 0.862 0.074 0.903 0.085 0.860 0.946 0.073 0.819 0.728 0.062 0.865 0.095 0.421 
14 11 0.870 0.883 0.878 0.889 0.059 0.923 0.068 0.888 0.957 0.058 0.855 0.702 0.049 0.892 0.076 0.494 
14 12 0.896 0.906 0.902 0.911 0.047 0.938 0.054 0.910 0.965 0.047 0.884 0.675 0.040 0.914 0.061 0.570 
14 13 0.916 0.925 0.922 0.929 0.038 0.950 0.043 0.928 0.972 0.037 0.907 0.650 0.032 0.931 0.049 0.640 
14 14 0.933 0.940 0.937 0.943 0.030 0.960 0.035 0.943 0.978 0.030 0.926 0.628 0.025 0.945 0.039 0.701 
14 15 0.946 0.952 0.950 0.955 0.024 0.968 0.028 0.954 0.982 0.024 0.940 0.610 0.020 0.956 0.031 0.753 
14 16 0.957 0.962 0.960 0.964 0.019 0.975 0.022 0.963 0.986 0.019 0.952 0.594 0.016 0.965 0.025 0.796 
14 17 0.966 0.969 0.968 0.971 0.015 0.980 0.018 0.971 0.988 0.015 0.962 0.583 0.013 0.972 0.020 0.831 
14 18 0.972 0.975 0.974 0.977 0.012 0.984 0.014 0.977 0.991 0.012 0.969 0.576 0.010 0.977 0.016 0.859 
14 19 0.978 0.980 0.979 0.981 0.010 0.987 0.011 0.981 0.993 0.010 0.975 0.573 0.008 0.982 0.013 0.882 
14 20 0.982 0.984 0.984 0.985 0.008 0.990 0.009 0.985 0.994 0.008 0.980 0.575 0.007 0.986 0.010 0.899 
14 21 0.986 0.987 0.987 0.988 0.006 0.992 0.007 0.988 0.995 0.006 0.984 0.572 0.005 0.988 0.008 0.914 
14 22 0.989 0.990 0.989 0.990 0.005 0.993 0.006 0.990 0.996 0.005 0.987 0.565 0.004 0.991 0.007 0.927 
14 23 0.991 0.992 0.991 0.992 0.004 0.995 0.005 0.992 0.997 0.004 0.990 0.557 0.003 0.993 0.005 0.938 
14 24 0.993 0.994 0.993 0.994 0.003 0.996 0.004 0.994 0.997 0.003 0.992 0.546 0.003 0.994 0.004 0.947 
14 25 0.994 0.995 0.994 0.995 0.003 0.997 0.003 0.995 0.998 0.003 0.994 0.535 0.002 0.995 0.003 0.954 
15 0 0.500 0.500 0.500 0.500 0.500 0.500 0.500 0.500 0.500 0.500 0.500 0.500 0.500 0.500 0.500 0.500 
15 1 0.400 0.400 0.401 0.400 0.400 0.531 0.400 0.400 0.600 0.401 0.400 0.581 0.400 0.400 0.400 0.600 
15 2 0.332 0.324 0.330 0.329 0.329 0.522 0.335 0.327 0.680 0.329 0.324 0.572 0.329 0.329 0.341 0.672 
15 3 0.384 0.302 0.383 0.360 0.291 0.587 0.292 0.344 0.744 0.318 0.290 0.571 0.270 0.361 0.345 0.605 
15 4 0.498 0.375 0.496 0.476 0.242 0.667 0.249 0.447 0.795 0.322 0.347 0.629 0.217 0.450 0.356 0.490 
15 5 0.598 0.496 0.596 0.579 0.194 0.733 0.200 0.554 0.836 0.352 0.445 0.689 0.173 0.552 0.316 0.395 
15 6 0.678 0.597 0.677 0.662 0.155 0.787 0.160 0.642 0.869 0.348 0.545 0.744 0.139 0.640 0.257 0.319 
15 7 0.743 0.678 0.741 0.729 0.124 0.829 0.128 0.714 0.895 0.309 0.631 0.789 0.111 0.712 0.207 0.258 
15 8 0.794 0.742 0.793 0.783 0.099 0.863 0.102 0.771 0.916 0.260 0.703 0.824 0.089 0.769 0.166 0.210 
15 9 0.835 0.794 0.834 0.826 0.079 0.891 0.082 0.817 0.933 0.213 0.761 0.847 0.071 0.815 0.132 0.173 
15 10 0.868 0.835 0.867 0.860 0.063 0.913 0.065 0.853 0.946 0.173 0.808 0.857 0.057 0.852 0.106 0.146 
15 11 0.895 0.868 0.894 0.887 0.051 0.930 0.052 0.883 0.957 0.140 0.846 0.850 0.045 0.882 0.085 0.130 
15 12 0.916 0.894 0.915 0.909 0.041 0.944 0.042 0.906 0.965 0.112 0.876 0.825 0.036 0.905 0.068 0.129 
15 13 0.932 0.915 0.932 0.926 0.032 0.955 0.034 0.925 0.972 0.090 0.901 0.780 0.029 0.924 0.054 0.148 
15 14 0.946 0.932 0.945 0.939 0.026 0.964 0.027 0.940 0.978 0.072 0.920 0.718 0.023 0.939 0.043 0.193 
15 15 0.957 0.946 0.956 0.951 0.021 0.971 0.021 0.952 0.982 0.058 0.936 0.645 0.019 0.952 0.035 0.265 
15 16 0.965 0.957 0.965 0.960 0.017 0.977 0.017 0.962 0.986 0.046 0.949 0.579 0.015 0.961 0.028 0.350 
15 17 0.972 0.965 0.972 0.967 0.013 0.982 0.014 0.969 0.988 0.037 0.959 0.538 0.012 0.969 0.022 0.431 
15 18 0.978 0.972 0.977 0.974 0.011 0.985 0.011 0.975 0.991 0.030 0.967 0.521 0.010 0.975 0.018 0.497 
15 19 0.982 0.978 0.982 0.979 0.009 0.988 0.009 0.980 0.993 0.024 0.974 0.528 0.008 0.980 0.014 0.542 
15 20 0.986 0.982 0.986 0.983 0.007 0.991 0.007 0.984 0.994 0.019 0.979 0.552 0.006 0.984 0.011 0.563 
15 21 0.989 0.986 0.988 0.986 0.005 0.992 0.006 0.987 0.995 0.015 0.983 0.562 0.005 0.987 0.009 0.610 
15 22 0.991 0.989 0.991 0.989 0.004 0.994 0.004 0.990 0.996 0.012 0.986 0.555 0.004 0.990 0.007 0.667 
15 23 0.993 0.991 0.992 0.991 0.003 0.995 0.004 0.992 0.997 0.010 0.989 0.536 0.003 0.992 0.006 0.723 
15 24 0.994 0.993 0.994 0.993 0.003 0.996 0.003 0.994 0.997 0.008 0.991 0.509 0.002 0.993 0.005 0.772 
15 25 0.995 0.994 0.995 0.994 0.002 0.997 0.002 0.995 0.998 0.006 0.993 0.477 0.002 0.995 0.004 0.814 
16 0 0.500 0.500 0.500 0.500 0.500 0.500 0.500 0.500 0.500 0.500 0.500 0.500 0.500 0.500 0.500 0.500 
16 1 0.400 0.400 0.401 0.400 0.400 0.531 0.400 0.400 0.600 0.401 0.400 0.581 0.400 0.400 0.400 0.600 
16 2 0.332 0.324 0.330 0.329 0.329 0.522 0.335 0.327 0.680 0.329 0.324 0.572 0.329 0.329 0.341 0.672 
16 3 0.317 0.332 0.285 0.289 0.395 0.469 0.429 0.316 0.744 0.297 0.285 0.619 0.385 0.328 0.439 0.634 
16 4 0.357 0.448 0.247 0.284 0.504 0.393 0.539 0.410 0.795 0.358 0.288 0.692 0.491 0.362 0.549 0.526 
16 5 0.396 0.556 0.199 0.288 0.603 0.315 0.631 0.518 0.836 0.478 0.312 0.753 0.592 0.403 0.639 0.423 
16 6 0.426 0.643 0.159 0.293 0.682 0.252 0.705 0.607 0.869 0.582 0.308 0.802 0.674 0.485 0.711 0.339 
16 7 0.454 0.714 0.127 0.294 0.746 0.202 0.764 0.678 0.895 0.665 0.279 0.841 0.739 0.579 0.769 0.271 
16 8 0.488 0.770 0.102 0.289 0.797 0.161 0.811 0.734 0.916 0.732 0.238 0.873 0.791 0.662 0.815 0.217 
16 9 0.529 0.816 0.081 0.275 0.837 0.129 0.849 0.778 0.933 0.786 0.196 0.898 0.833 0.729 0.852 0.173 
16 10 0.577 0.852 0.065 0.252 0.870 0.103 0.879 0.815 0.946 0.829 0.159 0.919 0.866 0.783 0.882 0.139 
16 11 0.630 0.881 0.052 0.225 0.896 0.083 0.903 0.843 0.957 0.863 0.128 0.935 0.893 0.826 0.905 0.111 
16 12 0.684 0.905 0.042 0.198 0.917 0.066 0.923 0.866 0.965 0.890 0.103 0.948 0.915 0.861 0.924 0.089 
16 13 0.735 0.923 0.033 0.172 0.933 0.053 0.938 0.882 0.972 0.912 0.083 0.958 0.932 0.889 0.939 0.071 
16 14 0.781 0.938 0.027 0.150 0.947 0.042 0.951 0.891 0.978 0.930 0.066 0.965 0.945 0.911 0.952 0.057 
16 15 0.820 0.949 0.021 0.131 0.957 0.034 0.960 0.893 0.982 0.944 0.053 0.970 0.956 0.929 0.961 0.045 
16 16 0.853 0.957 0.017 0.116 0.966 0.027 0.968 0.886 0.985 0.955 0.042 0.969 0.965 0.943 0.969 0.036 
16 17 0.880 0.962 0.014 0.104 0.973 0.022 0.975 0.871 0.988 0.964 0.034 0.961 0.972 0.955 0.975 0.029 
16 18 0.903 0.965 0.011 0.094 0.978 0.017 0.980 0.845 0.991 0.971 0.027 0.941 0.978 0.964 0.980 0.023 
16 19 0.921 0.964 0.009 0.086 0.983 0.014 0.984 0.809 0.992 0.977 0.022 0.905 0.982 0.971 0.984 0.019 
16 20 0.935 0.957 0.007 0.080 0.986 0.011 0.987 0.760 0.994 0.982 0.017 0.849 0.986 0.977 0.987 0.015 
16 21 0.947 0.941 0.006 0.083 0.989 0.009 0.990 0.691 0.995 0.985 0.014 0.752 0.989 0.981 0.990 0.012 
16 22 0.956 0.897 0.004 0.092 0.991 0.007 0.992 0.603 0.996 0.988 0.011 0.631 0.991 0.985 0.992 0.010 
16 23 0.963 0.800 0.004 0.103 0.993 0.006 0.993 0.509 0.996 0.991 0.009 0.513 0.993 0.988 0.993 0.008 
16 24 0.968 0.673 0.003 0.107 0.994 0.005 0.995 0.423 0.997 0.992 0.007 0.412 0.994 0.990 0.995 0.006 
16 25 0.972 0.550 0.002 0.099 0.995 0.004 0.996 0.353 0.997 0.994 0.006 0.330 0.995 0.992 0.996 0.005 
17 0 0.500 0.500 0.500 0.500 0.500 0.500 0.500 0.500 0.500 0.500 0.500 0.500 0.500 0.500 0.500 0.500 
17 1 0.400 0.400 0.401 0.400 0.400 0.531 0.400 0.400 0.600 0.401 0.400 0.581 0.400 0.400 0.400 0.600 
17 2 0.332 0.324 0.330 0.329 0.329 0.522 0.335 0.327 0.680 0.329 0.324 0.572 0.329 0.329 0.341 0.672 
17 3 0.320 0.312 0.276 0.354 0.412 0.450 0.444 0.294 0.744 0.283 0.307 0.610 0.432 0.366 0.322 0.635 
17 4 0.375 0.413 0.226 0.473 0.523 0.368 0.553 0.341 0.795 0.283 0.384 0.684 0.544 0.457 0.277 0.562 
17 5 0.477 0.522 0.181 0.577 0.618 0.294 0.643 0.440 0.836 0.308 0.476 0.747 0.635 0.559 0.233 0.484 
17 6 0.579 0.612 0.145 0.662 0.694 0.236 0.714 0.544 0.869 0.290 0.534 0.797 0.708 0.647 0.190 0.457 
17 7 0.663 0.686 0.116 0.729 0.755 0.188 0.771 0.633 0.895 0.253 0.522 0.836 0.767 0.718 0.155 0.459 
17 8 0.731 0.745 0.093 0.784 0.804 0.151 0.817 0.707 0.916 0.211 0.453 0.865 0.813 0.774 0.126 0.489 
17 9 0.784 0.793 0.074 0.827 0.844 0.121 0.854 0.765 0.933 0.171 0.374 0.876 0.851 0.819 0.102 0.547 
17 10 0.828 0.832 0.059 0.861 0.875 0.096 0.883 0.812 0.946 0.138 0.303 0.866 0.881 0.855 0.082 0.617 
17 11 0.862 0.864 0.048 0.889 0.900 0.077 0.906 0.850 0.957 0.110 0.245 0.859 0.904 0.884 0.066 0.684 
17 12 0.890 0.889 0.038 0.911 0.920 0.062 0.925 0.880 0.966 0.088 0.198 0.870 0.924 0.907 0.053 0.743 
17 13 0.912 0.910 0.030 0.929 0.936 0.049 0.940 0.904 0.972 0.071 0.160 0.890 0.939 0.926 0.042 0.792 
17 14 0.929 0.927 0.024 0.943 0.949 0.040 0.952 0.923 0.978 0.057 0.130 0.910 0.951 0.941 0.034 0.832 
17 15 0.943 0.941 0.019 0.955 0.959 0.032 0.962 0.938 0.982 0.045 0.107 0.927 0.961 0.953 0.027 0.865 
17 16 0.955 0.952 0.016 0.964 0.967 0.025 0.969 0.951 0.986 0.036 0.088 0.941 0.969 0.962 0.022 0.891 
17 17 0.964 0.961 0.012 0.971 0.974 0.020 0.975 0.961 0.989 0.029 0.073 0.953 0.975 0.970 0.017 0.913 
17 18 0.971 0.968 0.010 0.977 0.979 0.016 0.980 0.968 0.991 0.023 0.061 0.962 0.980 0.976 0.014 0.930 
17 19 0.977 0.974 0.008 0.981 0.983 0.013 0.984 0.975 0.993 0.019 0.052 0.969 0.984 0.981 0.011 0.943 
17 20 0.981 0.979 0.006 0.985 0.987 0.010 0.987 0.980 0.994 0.015 0.045 0.975 0.987 0.984 0.009 0.954 
17 21 0.985 0.982 0.005 0.988 0.989 0.008 0.990 0.984 0.995 0.012 0.039 0.980 0.990 0.988 0.007 0.963 
17 22 0.988 0.986 0.004 0.990 0.991 0.007 0.992 0.987 0.996 0.009 0.034 0.984 0.992 0.990 0.006 0.970 
17 23 0.991 0.988 0.003 0.992 0.993 0.005 0.994 0.990 0.997 0.008 0.030 0.987 0.993 0.992 0.005 0.976 
17 24 0.992 0.990 0.003 0.994 0.994 0.004 0.995 0.992 0.998 0.006 0.027 0.990 0.995 0.994 0.004 0.980 
17 25 0.994 0.992 0.002 0.995 0.996 0.003 0.996 0.993 0.998 0.005 0.024 0.992 0.996 0.995 0.003 0.984 
18 0 0.500 0.500 0.500 0.500 0.500 0.500 0.500 0.500 0.500 0.500 0.500 0.500 0.500 0.500 0.500 0.500 
18 1 0.400 0.400 0.401 0.400 0.400 0.531 0.400 0.400 0.600 0.401 0.400 0.581 0.400 0.400 0.400 0.600 
18 2 0.332 0.324 0.330 0.329 0.329 0.522 0.335 0.327 0.680 0.329 0.324 0.572 0.329 0.329 0.341 0.672 
18 3 0.306 0.314 0.277 0.319 0.415 0.445 0.453 0.301 0.744 0.277 0.365 0.621 0.435 0.299 0.429 0.630 
18 4 0.294 0.419 0.228 0.413 0.525 0.360 0.562 0.366 0.795 0.263 0.484 0.695 0.546 0.262 0.533 0.529 
18 5 0.254 0.528 0.183 0.520 0.620 0.288 0.649 0.474 0.836 0.321 0.587 0.756 0.637 0.215 0.626 0.431 
18 6 0.205 0.618 0.146 0.611 0.696 0.231 0.720 0.573 0.869 0.423 0.669 0.804 0.710 0.173 0.700 0.353 
18 7 0.165 0.689 0.117 0.686 0.757 0.185 0.776 0.656 0.895 0.529 0.735 0.844 0.768 0.139 0.760 0.297 
18 8 0.132 0.743 0.094 0.746 0.805 0.148 0.820 0.723 0.916 0.621 0.788 0.875 0.814 0.111 0.808 0.262 
18 9 0.106 0.783 0.075 0.794 0.844 0.118 0.856 0.778 0.933 0.696 0.831 0.900 0.851 0.089 0.847 0.240 
18 10 0.085 0.811 0.060 0.833 0.875 0.094 0.885 0.822 0.946 0.757 0.864 0.919 0.881 0.071 0.877 0.227 
18 11 0.068 0.829 0.048 0.864 0.900 0.076 0.908 0.857 0.957 0.805 0.891 0.934 0.905 0.057 0.902 0.218 
18 12 0.054 0.840 0.038 0.889 0.920 0.060 0.926 0.885 0.965 0.844 0.913 0.945 0.924 0.045 0.921 0.212 
18 13 0.043 0.846 0.031 0.909 0.936 0.048 0.941 0.908 0.972 0.875 0.930 0.953 0.939 0.036 0.937 0.206 
18 14 0.035 0.849 0.025 0.925 0.949 0.039 0.953 0.926 0.978 0.900 0.944 0.957 0.951 0.029 0.950 0.200 
18 15 0.028 0.851 0.020 0.938 0.959 0.031 0.962 0.940 0.982 0.920 0.955 0.958 0.961 0.023 0.960 0.194 
18 16 0.022 0.853 0.016 0.949 0.967 0.025 0.970 0.952 0.986 0.936 0.964 0.957 0.969 0.019 0.968 0.187 
18 17 0.018 0.856 0.013 0.957 0.974 0.020 0.976 0.962 0.989 0.949 0.971 0.954 0.975 0.015 0.974 0.178 
18 18 0.015 0.861 0.010 0.964 0.979 0.016 0.981 0.969 0.991 0.959 0.977 0.950 0.980 0.012 0.979 0.167 
18 19 0.012 0.868 0.008 0.969 0.983 0.013 0.985 0.975 0.993 0.967 0.982 0.944 0.984 0.010 0.984 0.154 
18 20 0.010 0.877 0.006 0.972 0.987 0.010 0.988 0.980 0.994 0.974 0.985 0.936 0.987 0.008 0.987 0.140 
18 21 0.008 0.881 0.005 0.976 0.989 0.008 0.990 0.984 0.995 0.979 0.988 0.839 0.990 0.006 0.989 0.133 
18 22 0.007 0.872 0.004 0.978 0.991 0.006 0.992 0.987 0.996 0.983 0.991 0.685 0.992 0.005 0.992 0.140 
18 23 0.007 0.854 0.003 0.980 0.993 0.005 0.994 0.989 0.997 0.987 0.992 0.550 0.993 0.004 0.993 0.151 
18 24 0.007 0.846 0.003 0.981 0.995 0.004 0.995 0.991 0.997 0.989 0.994 0.440 0.995 0.003 0.995 0.152 
18 25 0.007 0.850 0.002 0.982 0.996 0.003 0.996 0.993 0.998 0.991 0.995 0.352 0.996 0.003 0.996 0.143 
19 0 0.500 0.500 0.500 0.500 0.500 0.500 0.500 0.500 0.500 0.500 0.500 0.500 0.500 0.500 0.500 0.500 
19 1 0.400 0.400 0.401 0.400 0.400 0.531 0.400 0.400 0.600 0.401 0.400 0.581 0.400 0.400 0.400 0.600 
19 2 0.332 0.324 0.330 0.329 0.329 0.522 0.335 0.327 0.680 0.329 0.324 0.572 0.329 0.329 0.341 0.672 
19 3 0.306 0.314 0.277 0.319 0.415 0.445 0.453 0.301 0.744 0.277 0.365 0.621 0.435 0.299 0.429 0.630 
19 4 0.294 0.419 0.228 0.413 0.525 0.360 0.562 0.366 0.795 0.263 0.484 0.695 0.546 0.262 0.533 0.529 
19 5 0.254 0.528 0.183 0.520 0.620 0.288 0.649 0.474 0.836 0.321 0.587 0.756 0.637 0.215 0.626 0.431 
19 6 0.205 0.618 0.146 0.611 0.696 0.231 0.720 0.573 0.869 0.423 0.669 0.804 0.710 0.173 0.700 0.353 
19 7 0.165 0.689 0.117 0.686 0.757 0.185 0.776 0.656 0.895 0.529 0.735 0.844 0.768 0.139 0.760 0.297 
19 8 0.132 0.743 0.094 0.746 0.805 0.148 0.820 0.723 0.916 0.621 0.788 0.875 0.814 0.111 0.808 0.262 
19 9 0.106 0.783 0.075 0.794 0.844 0.118 0.856 0.778 0.933 0.696 0.831 0.900 0.851 0.089 0.847 0.240 
19 10 0.085 0.811 0.060 0.833 0.875 0.094 0.885 0.822 0.946 0.757 0.864 0.919 0.881 0.071 0.877 0.227 
19 11 0.068 0.829 0.048 0.864 0.900 0.076 0.908 0.857 0.957 0.805 0.891 0.934 0.905 0.057 0.902 0.218 
19 12 0.054 0.840 0.038 0.889 0.920 0.060 0.926 0.885 0.965 0.844 0.913 0.945 0.924 0.045 0.921 0.212 
19 13 0.043 0.846 0.031 0.909 0.936 0.048 0.941 0.908 0.972 0.875 0.930 0.953 0.939 0.036 0.937 0.206 
19 14 0.035 0.849 0.025 0.925 0.949 0.039 0.953 0.926 0.978 0.900 0.944 0.957 0.951 0.029 0.950 0.200 
19 15 0.028 0.851 0.020 0.938 0.959 0.031 0.962 0.940 0.982 0.920 0.955 0.958 0.961 0.023 0.960 0.194 
19 16 0.022 0.853 0.016 0.949 0.967 0.025 0.970 0.952 0.986 0.936 0.964 0.957 0.969 0.019 0.968 0.187 
19 17 0.018 0.856 0.013 0.957 0.974 0.020 0.976 0.962 0.989 0.949 0.971 0.954 0.975 0.015 0.974 0.178 
19 18 0.015 0.861 0.010 0.964 0.979 0.016 0.981 0.969 0.991 0.959 0.977 0.950 0.980 0.012 0.979 0.167 
19 19 0.012 0.868 0.008 0.969 0.983 0.013 0.985 0.975 0.993 0.967 0.982 0.944 0.984 0.010 0.984 0.154 
19 20 0.010 0.877 0.006 0.972 0.987 0.010 0.988 0.980 0.994 0.974 0.985 0.936 0.987 0.008 0.987 0.140 
19 21 0.008 0.881 0.005 0.976 0.989 0.008 0.990 0.984 0.995 0.979 0.988 0.839 0.990 0.006 0.989 0.133 
19 22 0.007 0.872 0.004 0.978 0.991 0.006 0.992 0.987 0.996 0.983 0.991 0.685 0.992 0.005 0.992 0.140 
19 23 0.007 0.854 0.003 0.980 0.993 0.005 0.994 0.989 0.997 0.987 0.992 0.550 0.993 0.004 0.993 0.151 
19 24 0.007 0.846 0.003 0.981 0.995 0.004 0.995 0.991 0.997 0.989 0.994 0.440 0.995 0.003 0.995 0.152 
19 25 0.007 0.850 0.002 0.982 0.996 0.003 0.996 0.993 0.998 0.991 0.995 0.352 0.996 0.003 0.996 0.143 
20 0 0.500 0.500 0.500 0.500 0.500 0.500 0.500 0.500 0.500 0.500 0.500 0.500 0.500 0.500 0.500 0.500 
20 1 0.400 0.400 0.401 0.400 0.400 0.531 0.400 0.400 0.600 0.401 0.400 0.581 0.400 0.400 0.400 0.600 
20 2 0.332 0.324 0.330 0.329 0.329 0.522 0.335 0.327 0.680 0.329 0.324 0.572 0.329 0.329 0.341 0.672 
20 3 0.330 0.327 0.276 0.325 0.412 0.445 0.453 0.305 0.744 0.278 0.373 0.623 0.436 0.297 0.417 0.669 
20 4 0.410 0.449 0.226 0.431 0.522 0.361 0.562 0.392 0.795 0.273 0.494 0.697 0.548 0.257 0.510 0.666 
20 5 0.503 0.558 0.181 0.540 0.617 0.288 0.649 0.508 0.836 0.334 0.595 0.757 0.638 0.210 0.606 0.698 
20 6 0.587 0.646 0.144 0.630 0.694 0.231 0.720 0.606 0.869 0.415 0.676 0.805 0.710 0.169 0.684 0.754 
20 7 0.662 0.717 0.116 0.704 0.755 0.185 0.776 0.685 0.895 0.490 0.741 0.844 0.768 0.135 0.748 0.803 
20 8 0.726 0.773 0.092 0.763 0.804 0.148 0.820 0.748 0.916 0.554 0.792 0.875 0.815 0.108 0.798 0.842 
20 9 0.779 0.819 0.074 0.810 0.843 0.118 0.856 0.798 0.933 0.606 0.834 0.900 0.852 0.086 0.838 0.874 
20 10 0.822 0.855 0.059 0.848 0.875 0.095 0.885 0.839 0.946 0.648 0.867 0.920 0.881 0.069 0.871 0.899 
20 11 0.857 0.884 0.047 0.878 0.900 0.076 0.908 0.871 0.957 0.683 0.894 0.936 0.905 0.055 0.897 0.919 
20 12 0.885 0.907 0.038 0.903 0.920 0.061 0.926 0.897 0.966 0.711 0.915 0.948 0.924 0.044 0.917 0.935 
20 13 0.908 0.926 0.030 0.922 0.936 0.048 0.941 0.917 0.972 0.735 0.932 0.958 0.939 0.035 0.934 0.948 
20 14 0.926 0.941 0.024 0.938 0.949 0.039 0.953 0.934 0.978 0.754 0.946 0.967 0.951 0.028 0.947 0.959 
20 15 0.940 0.952 0.019 0.950 0.959 0.031 0.962 0.947 0.982 0.769 0.956 0.973 0.961 0.023 0.958 0.967 
20 16 0.952 0.962 0.016 0.960 0.967 0.025 0.970 0.958 0.986 0.782 0.965 0.978 0.969 0.018 0.966 0.974 
20 17 0.961 0.970 0.012 0.968 0.974 0.020 0.976 0.966 0.989 0.793 0.972 0.982 0.975 0.014 0.973 0.979 
20 18 0.969 0.976 0.010 0.974 0.979 0.016 0.981 0.973 0.991 0.802 0.978 0.986 0.980 0.012 0.978 0.983 
20 19 0.975 0.980 0.008 0.979 0.983 0.013 0.985 0.978 0.993 0.809 0.982 0.988 0.984 0.009 0.983 0.986 
20 20 0.980 0.984 0.006 0.984 0.987 0.010 0.988 0.983 0.994 0.816 0.986 0.990 0.987 0.007 0.986 0.989 
20 21 0.984 0.988 0.005 0.987 0.989 0.008 0.990 0.986 0.995 0.831 0.989 0.989 0.990 0.006 0.989 0.991 
20 22 0.987 0.990 0.004 0.989 0.991 0.006 0.992 0.989 0.996 0.850 0.991 0.963 0.992 0.005 0.991 0.993 
20 23 0.989 0.992 0.003 0.992 0.993 0.005 0.994 0.991 0.997 0.869 0.993 0.862 0.993 0.004 0.993 0.994 
20 24 0.991 0.993 0.003 0.993 0.994 0.004 0.995 0.993 0.998 0.886 0.994 0.712 0.995 0.003 0.994 0.996 
20 25 0.993 0.994 0.002 0.995 0.996 0.003 0.996 0.994 0.998 0.898 0.995 0.574 0.996 0.002 0.995 0.996 
21 0 0.500 0.500 0.500 0.500 0.500 0.500 0.500 0.500 0.500 0.500 0.500 0.500 0.500 0.500 0.500 0.500 
21 1 0.400 0.400 0.401 0.400 0.400 0.531 0.400 0.400 0.600 0.401 0.400 0.581 0.400 0.400 0.400 0.600 
21 2 0.332 0.324 0.330 0.329 0.329 0.522 0.335 0.327 0.680 0.329 0.324 0.572 0.329 0.329 0.341 0.672 
21 3 0.369 0.302 0.283 0.314 0.411 0.459 0.446 0.301 0.744 0.291 0.360 0.501 0.420 0.306 0.458 0.641 
21 4 0.470 0.356 0.238 0.389 0.522 0.377 0.555 0.359 0.795 0.339 0.478 0.431 0.529 0.282 0.566 0.574 
21 5 0.559 0.448 0.191 0.485 0.617 0.302 0.644 0.467 0.836 0.437 0.582 0.364 0.623 0.235 0.652 0.505 
21 6 0.638 0.545 0.152 0.569 0.694 0.242 0.715 0.570 0.869 0.540 0.665 0.295 0.699 0.189 0.722 0.443 
21 7 0.707 0.630 0.122 0.636 0.755 0.193 0.772 0.655 0.895 0.629 0.732 0.236 0.759 0.152 0.778 0.391 
21 8 0.765 0.702 0.098 0.688 0.804 0.155 0.818 0.724 0.916 0.703 0.786 0.189 0.807 0.121 0.822 0.345 
21 9 0.811 0.760 0.078 0.727 0.843 0.124 0.854 0.779 0.932 0.762 0.829 0.151 0.846 0.097 0.858 0.305 
21 10 0.849 0.807 0.062 0.756 0.875 0.099 0.883 0.823 0.946 0.810 0.863 0.121 0.877 0.078 0.886 0.270 
21 11 0.879 0.846 0.050 0.776 0.900 0.079 0.907 0.859 0.957 0.848 0.890 0.097 0.901 0.062 0.909 0.240 
21 12 0.903 0.876 0.040 0.790 0.920 0.063 0.925 0.887 0.965 0.878 0.912 0.077 0.921 0.050 0.927 0.214 
21 13 0.922 0.901 0.032 0.797 0.936 0.051 0.940 0.910 0.972 0.902 0.930 0.062 0.937 0.040 0.942 0.192 
21 14 0.938 0.920 0.026 0.799 0.949 0.041 0.952 0.928 0.977 0.922 0.944 0.050 0.949 0.032 0.953 0.172 
21 15 0.950 0.936 0.020 0.797 0.959 0.032 0.962 0.942 0.982 0.938 0.955 0.040 0.960 0.025 0.963 0.156 
21 16 0.960 0.949 0.016 0.792 0.967 0.026 0.969 0.954 0.985 0.950 0.964 0.032 0.968 0.020 0.970 0.141 
21 17 0.968 0.959 0.013 0.784 0.974 0.021 0.976 0.963 0.988 0.960 0.971 0.025 0.974 0.016 0.976 0.129 
21 18 0.974 0.967 0.010 0.773 0.979 0.017 0.980 0.970 0.990 0.968 0.977 0.020 0.979 0.013 0.981 0.118 
21 19 0.980 0.974 0.008 0.760 0.983 0.013 0.984 0.976 0.992 0.974 0.982 0.016 0.983 0.010 0.985 0.109 
21 20 0.984 0.979 0.007 0.745 0.987 0.011 0.987 0.981 0.993 0.980 0.985 0.013 0.987 0.008 0.988 0.102 
21 21 0.987 0.983 0.005 0.727 0.989 0.009 0.990 0.985 0.995 0.984 0.988 0.010 0.989 0.007 0.990 0.095 
21 22 0.990 0.986 0.004 0.708 0.991 0.007 0.992 0.988 0.995 0.987 0.991 0.008 0.992 0.005 0.992 0.089 
21 23 0.992 0.989 0.003 0.687 0.993 0.005 0.994 0.990 0.996 0.990 0.992 0.007 0.993 0.004 0.994 0.083 
21 24 0.993 0.991 0.003 0.663 0.994 0.004 0.995 0.992 0.997 0.992 0.994 0.005 0.995 0.003 0.995 0.079 
21 25 0.995 0.993 0.002 0.638 0.996 0.003 0.996 0.994 0.997 0.993 0.995 0.004 0.996 0.003 0.996 0.075 
22 0 0.500 0.500 0.500 0.500 0.500 0.500 0.500 0.500 0.500 0.500 0.500 0.500 0.500 0.500 0.500 0.500 
22 1 0.400 0.400 0.401 0.400 0.400 0.531 0.400 0.400 0.600 0.401 0.400 0.581 0.400 0.400 0.400 0.600 
22 2 0.332 0.324 0.330 0.329 0.329 0.522 0.335 0.327 0.680 0.329 0.324 0.572 0.329 0.329 0.341 0.672 
22 3 0.306 0.314 0.277 0.319 0.415 0.445 0.453 0.301 0.744 0.277 0.365 0.621 0.435 0.299 0.429 0.630 
22 4 0.294 0.419 0.228 0.413 0.525 0.360 0.562 0.366 0.795 0.263 0.484 0.695 0.546 0.262 0.533 0.529 
22 5 0.254 0.528 0.183 0.520 0.620 0.288 0.649 0.474 0.836 0.321 0.587 0.756 0.637 0.215 0.626 0.431 
22 6 0.205 0.618 0.146 0.611 0.696 0.231 0.720 0.573 0.869 0.423 0.669 0.804 0.710 0.173 0.700 0.353 
22 7 0.165 0.689 0.117 0.686 0.757 0.185 0.776 0.656 0.895 0.529 0.735 0.844 0.768 0.139 0.760 0.297 
22 8 0.132 0.743 0.094 0.746 0.805 0.148 0.820 0.723 0.916 0.621 0.788 0.875 0.814 0.111 0.808 0.262 
22 9 0.106 0.783 0.075 0.794 0.844 0.118 0.856 0.778 0.933 0.696 0.831 0.900 0.851 0.089 0.847 0.240 
22 10 0.085 0.811 0.060 0.833 0.875 0.094 0.885 0.822 0.946 0.757 0.864 0.919 0.881 0.071 0.877 0.227 
22 11 0.068 0.829 0.048 0.864 0.900 0.076 0.908 0.857 0.957 0.805 0.891 0.934 0.905 0.057 0.902 0.218 
22 12 0.054 0.840 0.038 0.889 0.920 0.060 0.926 0.885 0.965 0.844 0.913 0.945 0.924 0.045 0.921 0.212 
22 13 0.043 0.846 0.031 0.909 0.936 0.048 0.941 0.908 0.972 0.875 0.930 0.953 0.939 0.036 0.937 0.206 
22 14 0.035 0.849 0.025 0.925 0.949 0.039 0.953 0.926 0.978 0.900 0.944 0.957 0.951 0.029 0.950 0.200 
22 15 0.028 0.851 0.020 0.938 0.959 0.031 0.962 0.940 0.982 0.920 0.955 0.958 0.961 0.023 0.960 0.194 
22 16 0.022 0.853 0.016 0.949 0.967 0.025 0.970 0.952 0.986 0.936 0.964 0.957 0.969 0.019 0.968 0.187 
22 17 0.018 0.856 0.013 0.957 0.974 0.020 0.976 0.962 0.989 0.949 0.971 0.954 0.975 0.015 0.974 0.178 
22 18 0.015 0.861 0.010 0.964 0.979 0.016 0.981 0.969 0.991 0.959 0.977 0.950 0.980 0.012 0.979 0.167 
22 19 0.012 0.868 0.008 0.969 0.983 0.013 0.985 0.975 0.993 0.967 0.982 0.944 0.984 0.010 0.984 0.154 
22 20 0.010 0.877 0.006 0.972 0.987 0.010 0.988 0.980 0.994 0.974 0.985 0.936 0.987 0.008 0.987 0.140 
22 21 0.008 0.881 0.005 0.976 0.989 0.008 0.990 0.984 0.995 0.979 0.988 0.839 0.990 0.006 0.989 0.133 
22 22 0.007 0.872 0.004 0.978 0.991 0.006 0.992 0.987 0.996 0.983 0.991 0.685 0.992 0.005 0.992 0.140 
22 23 0.007 0.854 0.003 0.980 0.993 0.005 0.994 0.989 0.997 0.987 0.992 0.550 0.993 0.004 0.993 0.151 
22 24 0.007 0.846 0.003 0.981 0.995 0.004 0.995 0.991 0.997 0.989 0.994 0.440 0.995 0.003 0.995 0.152 
22 25 0.007 0.850 0.002 0.982 0.996 0.003 0.996 0.993 0.998 0.991 0.995 0.352 0.996 0.003 0.996 0.143 
23 0 0.500 0.500 0.500 0.500 0.500 0.500 0.500 0.500 0.500 0.500 0.500 0.500 0.500 0.500 0.500 0.500 
23 1 0.400 0.400 0.401 0.400 0.400 0.531 0.400 0.400 0.600 0.401 0.400 0.581 0.400 0.400 0.400 0.600 
23 2 0.332 0.324 0.330 0.329 0.329 0.522 0.335 0.327 0.680 0.329 0.324 0.572 0.329 0.329 0.341 0.672 
23 3 0.358 0.291 0.284 0.342 0.411 0.466 0.432 0.291 0.744 0.298 0.298 0.489 0.414 0.381 0.394 0.606 
23 4 0.445 0.294 0.238 0.448 0.523 0.389 0.541 0.305 0.795 0.356 0.335 0.406 0.523 0.486 0.489 0.501 
23 5 0.535 0.290 0.191 0.554 0.618 0.312 0.633 0.342 0.836 0.459 0.385 0.331 0.619 0.586 0.587 0.404 
23 6 0.620 0.274 0.153 0.641 0.694 0.249 0.706 0.391 0.869 0.555 0.433 0.265 0.695 0.668 0.670 0.323 
23 7 0.694 0.246 0.122 0.712 0.756 0.199 0.765 0.442 0.895 0.634 0.460 0.212 0.756 0.735 0.736 0.259 
23 8 0.754 0.212 0.098 0.767 0.804 0.160 0.812 0.495 0.916 0.697 0.450 0.170 0.805 0.788 0.788 0.207 
23 9 0.803 0.178 0.078 0.811 0.844 0.128 0.850 0.550 0.932 0.749 0.403 0.136 0.844 0.830 0.831 0.165 
23 10 0.842 0.148 0.063 0.845 0.875 0.102 0.880 0.607 0.946 0.791 0.339 0.109 0.875 0.864 0.865 0.132 
23 11 0.873 0.122 0.050 0.869 0.900 0.082 0.904 0.662 0.957 0.825 0.277 0.087 0.900 0.891 0.892 0.106 
23 12 0.899 0.100 0.040 0.884 0.920 0.065 0.923 0.711 0.965 0.852 0.223 0.070 0.920 0.913 0.913 0.085 
23 13 0.919 0.082 0.032 0.890 0.936 0.052 0.938 0.752 0.972 0.872 0.179 0.056 0.936 0.930 0.931 0.068 
23 14 0.935 0.068 0.026 0.887 0.949 0.042 0.951 0.785 0.978 0.887 0.143 0.045 0.949 0.944 0.945 0.054 
23 15 0.948 0.057 0.021 0.875 0.959 0.033 0.961 0.810 0.982 0.897 0.115 0.036 0.959 0.955 0.956 0.043 
23 16 0.958 0.048 0.016 0.855 0.967 0.027 0.968 0.826 0.985 0.903 0.092 0.029 0.967 0.964 0.965 0.035 
23 17 0.966 0.042 0.013 0.826 0.974 0.021 0.975 0.835 0.988 0.905 0.074 0.023 0.974 0.972 0.972 0.028 
23 18 0.973 0.037 0.011 0.790 0.979 0.017 0.980 0.837 0.991 0.904 0.059 0.019 0.979 0.977 0.977 0.022 
23 19 0.978 0.035 0.008 0.746 0.983 0.014 0.984 0.832 0.992 0.900 0.047 0.015 0.983 0.982 0.982 0.018 
23 20 0.982 0.034 0.007 0.695 0.987 0.011 0.987 0.821 0.994 0.894 0.038 0.012 0.987 0.985 0.985 0.014 
23 21 0.986 0.037 0.005 0.622 0.989 0.009 0.990 0.814 0.995 0.895 0.030 0.011 0.989 0.988 0.988 0.011 
23 22 0.988 0.044 0.004 0.538 0.991 0.007 0.992 0.808 0.996 0.900 0.024 0.010 0.991 0.991 0.991 0.009 
23 23 0.990 0.056 0.003 0.454 0.993 0.006 0.993 0.801 0.997 0.905 0.019 0.011 0.993 0.993 0.993 0.007 
23 24 0.992 0.070 0.003 0.378 0.994 0.004 0.995 0.791 0.997 0.911 0.015 0.012 0.995 0.994 0.994 0.006 
23 25 0.993 0.083 0.002 0.312 0.996 0.004 0.996 0.776 0.998 0.916 0.012 0.013 0.996 0.995 0.995 0.005 
24 0 0.500 0.500 0.500 0.500 0.500 0.500 0.500 0.500 0.500 0.500 0.500 0.500 0.500 0.500 0.500 0.500 
24 1 0.400 0.400 0.401 0.400 0.400 0.531 0.400 0.400 0.600 0.401 0.400 0.581 0.400 0.400 0.400 0.600 
24 2 0.332 0.324 0.330 0.329 0.329 0.522 0.335 0.327 0.680 0.329 0.324 0.572 0.329 0.329 0.341 0.672 
24 3 0.343 0.313 0.367 0.326 0.356 0.559 0.294 0.291 0.744 0.335 0.290 0.490 0.292 0.392 0.367 0.698 
24 4 0.422 0.360 0.475 0.428 0.448 0.617 0.248 0.275 0.795 0.425 0.353 0.402 0.249 0.503 0.458 0.715 
24 5 0.527 0.425 0.577 0.537 0.546 0.678 0.201 0.238 0.836 0.535 0.460 0.325 0.200 0.600 0.560 0.737 
24 6 0.620 0.489 0.662 0.628 0.634 0.734 0.161 0.193 0.868 0.628 0.558 0.261 0.160 0.680 0.647 0.773 
24 7 0.696 0.551 0.729 0.701 0.707 0.782 0.129 0.155 0.895 0.703 0.641 0.209 0.128 0.744 0.718 0.812 
24 8 0.757 0.609 0.783 0.760 0.766 0.822 0.103 0.124 0.915 0.762 0.711 0.167 0.102 0.795 0.774 0.848 
24 9 0.806 0.662 0.827 0.808 0.812 0.855 0.082 0.099 0.932 0.810 0.767 0.134 0.082 0.836 0.819 0.877 
24 10 0.844 0.711 0.861 0.846 0.850 0.882 0.066 0.079 0.945 0.848 0.812 0.107 0.065 0.869 0.855 0.901 
24 11 0.876 0.753 0.889 0.877 0.880 0.904 0.053 0.063 0.956 0.878 0.849 0.086 0.052 0.895 0.884 0.920 
24 12 0.900 0.791 0.911 0.901 0.904 0.922 0.042 0.051 0.964 0.903 0.879 0.068 0.042 0.916 0.908 0.936 
24 13 0.920 0.823 0.929 0.921 0.923 0.936 0.034 0.041 0.971 0.922 0.903 0.055 0.034 0.933 0.926 0.949 
24 14 0.936 0.850 0.943 0.936 0.938 0.948 0.027 0.032 0.977 0.938 0.922 0.044 0.027 0.946 0.941 0.959 
24 15 0.949 0.873 0.955 0.949 0.951 0.957 0.022 0.026 0.981 0.950 0.937 0.035 0.021 0.957 0.953 0.967 
24 16 0.959 0.892 0.964 0.959 0.961 0.965 0.017 0.021 0.984 0.960 0.949 0.028 0.017 0.966 0.962 0.973 
24 17 0.967 0.908 0.971 0.967 0.969 0.971 0.014 0.017 0.987 0.968 0.959 0.022 0.014 0.973 0.970 0.979 
24 18 0.974 0.921 0.977 0.974 0.975 0.976 0.011 0.013 0.989 0.974 0.967 0.018 0.011 0.978 0.976 0.983 
24 19 0.979 0.932 0.981 0.979 0.980 0.979 0.009 0.011 0.991 0.980 0.974 0.014 0.009 0.982 0.981 0.986 
24 20 0.983 0.941 0.985 0.983 0.984 0.983 0.007 0.009 0.992 0.984 0.979 0.011 0.007 0.986 0.984 0.989 
24 21 0.987 0.948 0.988 0.986 0.987 0.985 0.006 0.007 0.994 0.987 0.983 0.009 0.006 0.989 0.988 0.991 
24 22 0.989 0.955 0.990 0.989 0.990 0.987 0.005 0.005 0.994 0.990 0.986 0.007 0.004 0.991 0.990 0.993 
24 23 0.991 0.960 0.992 0.991 0.992 0.989 0.004 0.004 0.995 0.992 0.989 0.006 0.004 0.993 0.992 0.994 
24 24 0.993 0.964 0.994 0.993 0.993 0.990 0.003 0.003 0.996 0.993 0.991 0.005 0.003 0.994 0.994 0.995 
24 25 0.995 0.967 0.995 0.994 0.995 0.991 0.002 0.003 0.996 0.995 0.992 0.004 0.002 0.995 0.995 0.996 
25 0 0.500 0.500 0.500 0.500 0.500 0.500 0.500 0.500 0.500 0.500 0.500 0.500 0.500 0.500 0.500 0.500 
25 1 0.400 0.400 0.401 0.400 0.400 0.531 0.400 0.400 0.600 0.401 0.400 0.581 0.400 0.400 0.400 0.600 
25 2 0.332 0.324 0.330 0.329 0.329 0.522 0.335 0.327 0.680 0.329 0.324 0.572 0.329 0.329 0.341 0.672 
25 3 0.323 0.375 0.334 0.298 0.274 0.590 0.277 0.369 0.744 0.306 0.297 0.497 0.279 0.341 0.299 0.720 
25 4 0.379 0.495 0.398 0.309 0.224 0.665 0.226 0.487 0.795 0.287 0.386 0.421 0.230 0.437 0.262 0.760 
25 5 0.483 0.596 0.499 0.401 0.179 0.731 0.181 0.589 0.836 0.242 0.504 0.364 0.184 0.544 0.217 0.788 
25 6 0.583 0.677 0.595 0.513 0.143 0.785 0.145 0.671 0.869 0.196 0.602 0.314 0.148 0.635 0.175 0.803 
25 7 0.666 0.741 0.675 0.610 0.115 0.828 0.116 0.737 0.895 0.157 0.681 0.272 0.118 0.708 0.140 0.812 
25 8 0.733 0.793 0.740 0.687 0.092 0.862 0.093 0.790 0.916 0.126 0.745 0.240 0.094 0.766 0.112 0.821 
25 9 0.786 0.835 0.792 0.750 0.073 0.890 0.074 0.832 0.933 0.101 0.796 0.216 0.076 0.813 0.090 0.831 
25 10 0.829 0.868 0.833 0.800 0.059 0.912 0.059 0.865 0.946 0.081 0.837 0.199 0.060 0.850 0.072 0.842 
25 11 0.863 0.894 0.867 0.840 0.047 0.930 0.047 0.892 0.957 0.064 0.869 0.186 0.048 0.880 0.057 0.853 
25 12 0.890 0.915 0.893 0.872 0.038 0.944 0.038 0.914 0.965 0.052 0.895 0.178 0.039 0.904 0.046 0.864 
25 13 0.912 0.932 0.915 0.897 0.030 0.955 0.030 0.931 0.972 0.041 0.916 0.171 0.031 0.923 0.037 0.875 
25 14 0.930 0.946 0.932 0.918 0.024 0.964 0.024 0.945 0.978 0.033 0.933 0.166 0.025 0.939 0.029 0.884 
25 15 0.944 0.957 0.945 0.934 0.019 0.971 0.019 0.956 0.982 0.026 0.946 0.161 0.020 0.951 0.024 0.892 
25 16 0.955 0.965 0.956 0.947 0.015 0.977 0.016 0.965 0.986 0.021 0.957 0.157 0.016 0.961 0.019 0.899 
25 17 0.964 0.972 0.965 0.958 0.012 0.982 0.012 0.972 0.989 0.017 0.966 0.153 0.013 0.969 0.015 0.906 
25 18 0.971 0.978 0.972 0.966 0.010 0.985 0.010 0.977 0.991 0.014 0.972 0.148 0.010 0.975 0.012 0.911 
25 19 0.977 0.982 0.978 0.973 0.008 0.988 0.008 0.982 0.993 0.011 0.978 0.144 0.008 0.980 0.010 0.915 
25 20 0.982 0.986 0.982 0.978 0.006 0.991 0.006 0.986 0.994 0.009 0.982 0.140 0.006 0.984 0.008 0.918 
25 21 0.985 0.989 0.986 0.983 0.005 0.992 0.005 0.988 0.995 0.007 0.986 0.135 0.005 0.987 0.006 0.921 
25 22 0.988 0.991 0.988 0.986 0.004 0.994 0.004 0.991 0.996 0.006 0.988 0.131 0.004 0.990 0.005 0.922 
25 23 0.991 0.993 0.991 0.989 0.003 0.995 0.003 0.993 0.997 0.004 0.991 0.127 0.003 0.992 0.004 0.924 
25 24 0.992 0.994 0.993 0.991 0.003 0.996 0.003 0.994 0.998 0.004 0.992 0.123 0.003 0.993 0.003 0.924 
25 25 0.994 0.995 0.994 0.993 0.002 0.997 0.002 0.995 0.998 0.003 0.994 0.119 0.002 0.995 0.003 0.924 
26 0 0.500 0.500 0.500 0.500 0.500 0.500 0.500 0.500 0.500 0.500 0.500 0.500 0.500 0.500 0.500 0.500 
26 1 0.400 0.400 0.401 0.400 0.400 0.531 0.400 0.400 0.600 0.401 0.400 0.581 0.400 0.400 0.400 0.600 
26 2 0.332 0.324 0.330 0.329 0.329 0.522 0.335 0.327 0.680 0.329 0.324 0.572 0.329 0.329 0.341 0.672 
26 3 0.336 0.365 0.317 0.319 0.278 0.584 0.279 0.332 0.744 0.355 0.307 0.494 0.282 0.322 0.325 0.718 
26 4 0.420 0.483 0.329 0.395 0.231 0.653 0.229 0.420 0.795 0.453 0.416 0.414 0.237 0.375 0.364 0.757 
26 5 0.530 0.584 0.356 0.509 0.186 0.719 0.184 0.525 0.836 0.556 0.531 0.351 0.190 0.459 0.444 0.792 
26 6 0.624 0.667 0.389 0.607 0.149 0.774 0.147 0.618 0.869 0.644 0.624 0.297 0.152 0.560 0.542 0.823 
26 7 0.699 0.733 0.423 0.685 0.119 0.819 0.118 0.694 0.895 0.715 0.700 0.253 0.122 0.647 0.631 0.852 
26 8 0.759 0.786 0.454 0.748 0.095 0.855 0.094 0.755 0.916 0.772 0.760 0.221 0.097 0.718 0.704 0.878 
26 9 0.807 0.829 0.474 0.799 0.076 0.884 0.075 0.804 0.932 0.818 0.808 0.206 0.078 0.774 0.763 0.900 
26 10 0.846 0.863 0.482 0.839 0.061 0.907 0.060 0.843 0.946 0.854 0.846 0.219 0.062 0.819 0.810 0.919 
26 11 0.877 0.891 0.478 0.871 0.049 0.925 0.048 0.874 0.956 0.883 0.877 0.275 0.050 0.855 0.848 0.934 
26 12 0.901 0.912 0.466 0.897 0.039 0.940 0.039 0.899 0.965 0.907 0.901 0.372 0.040 0.884 0.879 0.946 
26 13 0.921 0.930 0.454 0.917 0.031 0.951 0.031 0.920 0.972 0.925 0.921 0.479 0.032 0.908 0.903 0.955 
26 14 0.937 0.944 0.450 0.934 0.025 0.961 0.025 0.936 0.977 0.940 0.937 0.576 0.025 0.926 0.922 0.963 
26 15 0.950 0.955 0.453 0.947 0.020 0.968 0.020 0.948 0.982 0.952 0.950 0.657 0.020 0.941 0.938 0.967 
26 16 0.960 0.964 0.463 0.958 0.016 0.974 0.016 0.959 0.985 0.962 0.960 0.723 0.016 0.953 0.950 0.970 
26 17 0.968 0.971 0.473 0.966 0.013 0.979 0.013 0.967 0.988 0.969 0.968 0.776 0.013 0.962 0.960 0.971 
26 18 0.974 0.977 0.476 0.973 0.010 0.983 0.010 0.974 0.990 0.976 0.974 0.819 0.010 0.970 0.968 0.971 
26 19 0.979 0.982 0.469 0.978 0.008 0.986 0.008 0.979 0.992 0.980 0.979 0.853 0.008 0.976 0.975 0.969 
26 20 0.983 0.985 0.447 0.983 0.007 0.988 0.006 0.983 0.994 0.984 0.983 0.879 0.007 0.981 0.980 0.965 
26 21 0.987 0.988 0.400 0.986 0.005 0.990 0.005 0.986 0.995 0.987 0.987 0.901 0.005 0.984 0.984 0.963 
26 22 0.989 0.991 0.342 0.989 0.004 0.991 0.004 0.989 0.996 0.990 0.989 0.919 0.004 0.988 0.987 0.962 
26 23 0.992 0.992 0.284 0.991 0.003 0.989 0.003 0.991 0.996 0.992 0.991 0.933 0.003 0.990 0.990 0.962 
26 24 0.993 0.994 0.231 0.993 0.003 0.984 0.003 0.993 0.997 0.994 0.993 0.945 0.003 0.992 0.992 0.963 
26 25 0.995 0.995 0.187 0.994 0.002 0.970 0.002 0.994 0.997 0.995 0.995 0.955 0.002 0.994 0.993 0.964 
27 0 0.500 0.500 0.500 0.500 0.500 0.500 0.500 0.500 0.500 0.500 0.500 0.500 0.500 0.500 0.500 0.500 
27 1 0.400 0.400 0.401 0.400 0.400 0.531 0.400 0.400 0.600 0.401 0.400 0.581 0.400 0.400 0.400 0.600 
27 2 0.332 0.324 0.330 0.329 0.329 0.522 0.335 0.327 0.680 0.329 0.324 0.572 0.329 0.329 0.341 0.672 
27 3 0.305 0.317 0.390 0.329 0.276 0.598 0.274 0.295 0.744 0.361 0.304 0.482 0.275 0.307 0.304 0.709 
27 4 0.289 0.352 0.507 0.429 0.227 0.676 0.220 0.266 0.795 0.459 0.411 0.392 0.223 0.306 0.274 0.713 
27 5 0.300 0.374 0.606 0.537 0.182 0.741 0.176 0.220 0.836 0.562 0.525 0.320 0.179 0.272 0.232 0.671 
27 6 0.356 0.361 0.684 0.627 0.145 0.793 0.141 0.177 0.869 0.649 0.619 0.264 0.143 0.222 0.189 0.604 
27 7 0.437 0.317 0.748 0.698 0.116 0.834 0.113 0.141 0.895 0.719 0.695 0.224 0.114 0.178 0.152 0.538 
27 8 0.525 0.266 0.798 0.755 0.093 0.867 0.090 0.113 0.916 0.775 0.755 0.198 0.092 0.142 0.122 0.486 
27 9 0.607 0.218 0.838 0.801 0.074 0.894 0.072 0.091 0.932 0.820 0.803 0.183 0.073 0.114 0.098 0.448 
27 10 0.679 0.177 0.871 0.838 0.060 0.915 0.058 0.072 0.946 0.856 0.842 0.179 0.059 0.091 0.078 0.423 
27 11 0.739 0.144 0.897 0.867 0.048 0.932 0.046 0.058 0.956 0.885 0.873 0.183 0.047 0.073 0.063 0.408 
27 12 0.789 0.116 0.917 0.890 0.038 0.946 0.037 0.046 0.965 0.908 0.897 0.195 0.037 0.058 0.050 0.400 
27 13 0.830 0.094 0.934 0.909 0.030 0.957 0.030 0.037 0.972 0.926 0.917 0.216 0.030 0.047 0.040 0.396 
27 14 0.863 0.076 0.947 0.925 0.024 0.965 0.024 0.030 0.977 0.941 0.933 0.244 0.024 0.037 0.032 0.393 
27 15 0.889 0.062 0.958 0.937 0.020 0.972 0.019 0.024 0.982 0.953 0.945 0.282 0.019 0.030 0.026 0.388 
27 16 0.911 0.051 0.966 0.947 0.016 0.978 0.015 0.019 0.985 0.962 0.955 0.329 0.015 0.024 0.021 0.380 
27 17 0.928 0.042 0.973 0.956 0.012 0.982 0.012 0.015 0.988 0.970 0.963 0.384 0.012 0.019 0.016 0.366 
27 18 0.942 0.035 0.978 0.962 0.010 0.986 0.010 0.012 0.990 0.976 0.969 0.447 0.010 0.015 0.013 0.345 
27 19 0.954 0.030 0.983 0.967 0.008 0.989 0.008 0.010 0.992 0.981 0.974 0.512 0.008 0.012 0.011 0.317 
27 20 0.963 0.027 0.986 0.972 0.006 0.991 0.006 0.008 0.994 0.985 0.977 0.578 0.006 0.010 0.008 0.284 
27 21 0.970 0.026 0.989 0.975 0.005 0.993 0.005 0.006 0.995 0.988 0.980 0.639 0.005 0.008 0.007 0.249 
27 22 0.976 0.026 0.991 0.978 0.004 0.994 0.004 0.005 0.996 0.990 0.982 0.693 0.004 0.006 0.005 0.215 
27 23 0.981 0.027 0.993 0.979 0.003 0.995 0.003 0.004 0.997 0.992 0.983 0.740 0.003 0.005 0.004 0.184 
27 24 0.984 0.030 0.994 0.980 0.003 0.996 0.003 0.003 0.997 0.994 0.983 0.776 0.003 0.004 0.003 0.157 
27 25 0.987 0.034 0.995 0.979 0.002 0.997 0.002 0.003 0.998 0.995 0.983 0.800 0.002 0.003 0.003 0.135 
28 0 0.500 0.500 0.500 0.500 0.500 0.500 0.500 0.500 0.500 0.500 0.500 0.500 0.500 0.500 0.500 0.500 
28 1 0.400 0.400 0.401 0.400 0.400 0.531 0.400 0.400 0.600 0.401 0.400 0.581 0.400 0.400 0.400 0.600 
28 2 0.332 0.324 0.330 0.329 0.329 0.522 0.335 0.327 0.680 0.329 0.324 0.572 0.329 0.329 0.341 0.672 
28 3 0.292 0.328 0.409 0.288 0.298 0.598 0.280 0.305 0.744 0.302 0.291 0.472 0.283 0.383 0.303 0.663 
28 4 0.255 0.399 0.525 0.296 0.273 0.677 0.227 0.297 0.795 0.292 0.366 0.380 0.233 0.487 0.265 0.570 
28 5 0.222 0.506 0.620 0.313 0.223 0.741 0.182 0.260 0.836 0.267 0.473 0.305 0.187 0.582 0.214 0.461 
28 6 0.190 0.603 0.696 0.283 0.179 0.793 0.145 0.214 0.868 0.223 0.567 0.244 0.149 0.661 0.171 0.369 
28 7 0.159 0.683 0.757 0.232 0.143 0.834 0.116 0.173 0.894 0.180 0.644 0.195 0.119 0.725 0.137 0.296 
28 8 0.131 0.746 0.805 0.187 0.114 0.867 0.093 0.139 0.915 0.144 0.706 0.156 0.096 0.777 0.110 0.236 
28 9 0.106 0.797 0.844 0.149 0.091 0.894 0.074 0.112 0.931 0.115 0.754 0.125 0.076 0.819 0.088 0.189 
28 10 0.086 0.837 0.875 0.120 0.073 0.915 0.060 0.090 0.944 0.092 0.792 0.100 0.061 0.853 0.070 0.151 
28 11 0.070 0.870 0.900 0.096 0.058 0.932 0.048 0.072 0.954 0.074 0.822 0.080 0.049 0.881 0.056 0.121 
28 12 0.056 0.896 0.920 0.077 0.047 0.946 0.038 0.058 0.962 0.059 0.845 0.064 0.039 0.904 0.045 0.097 
28 13 0.045 0.917 0.936 0.061 0.037 0.957 0.030 0.047 0.969 0.047 0.864 0.051 0.031 0.922 0.036 0.077 
28 14 0.037 0.933 0.949 0.049 0.030 0.965 0.024 0.038 0.974 0.038 0.878 0.041 0.025 0.937 0.029 0.062 
28 15 0.030 0.947 0.959 0.039 0.024 0.972 0.020 0.030 0.978 0.030 0.888 0.033 0.020 0.949 0.023 0.050 
28 16 0.024 0.957 0.967 0.031 0.019 0.978 0.016 0.024 0.981 0.024 0.896 0.026 0.016 0.958 0.018 0.040 
28 17 0.019 0.966 0.974 0.025 0.015 0.982 0.012 0.020 0.983 0.019 0.903 0.021 0.013 0.966 0.015 0.032 
28 18 0.016 0.973 0.979 0.020 0.012 0.986 0.010 0.016 0.985 0.015 0.907 0.017 0.010 0.972 0.012 0.025 
28 19 0.013 0.978 0.983 0.016 0.010 0.989 0.008 0.013 0.986 0.012 0.911 0.013 0.008 0.977 0.009 0.020 
28 20 0.010 0.983 0.987 0.013 0.008 0.991 0.006 0.010 0.987 0.010 0.913 0.011 0.007 0.981 0.008 0.016 
28 21 0.008 0.986 0.989 0.010 0.006 0.993 0.005 0.008 0.988 0.008 0.915 0.009 0.005 0.985 0.006 0.013 
28 22 0.007 0.989 0.991 0.008 0.005 0.994 0.004 0.007 0.989 0.006 0.916 0.007 0.004 0.987 0.005 0.010 
28 23 0.006 0.991 0.993 0.007 0.004 0.995 0.003 0.006 0.990 0.005 0.917 0.006 0.003 0.989 0.004 0.008 
28 24 0.005 0.993 0.995 0.005 0.003 0.996 0.003 0.005 0.990 0.004 0.918 0.004 0.003 0.991 0.003 0.007 
28 25 0.004 0.994 0.996 0.004 0.003 0.997 0.002 0.004 0.990 0.003 0.918 0.004 0.002 0.992 0.002 0.005 
29 0 0.500 0.500 0.500 0.500 0.500 0.500 0.500 0.500 0.500 0.500 0.500 0.500 0.500 0.500 0.500 0.500 
29 1 0.400 0.400 0.401 0.400 0.400 0.531 0.400 0.400 0.600 0.401 0.400 0.581 0.400 0.400 0.400 0.600 
29 2 0.332 0.324 0.330 0.329 0.329 0.522 0.335 0.327 0.680 0.329 0.324 0.572 0.329 0.329 0.341 0.672 
29 3 0.379 0.336 0.301 0.368 0.298 0.534 0.290 0.296 0.744 0.383 0.306 0.531 0.290 0.323 0.378 0.722 
29 4 0.491 0.440 0.274 0.484 0.281 0.522 0.247 0.299 0.795 0.499 0.406 0.515 0.252 0.383 0.484 0.770 
29 5 0.592 0.544 0.232 0.586 0.242 0.465 0.199 0.296 0.836 0.599 0.519 0.573 0.203 0.481 0.586 0.812 
29 6 0.673 0.633 0.190 0.669 0.198 0.390 0.159 0.299 0.869 0.679 0.613 0.646 0.163 0.582 0.669 0.847 
29 7 0.739 0.705 0.153 0.735 0.159 0.319 0.127 0.314 0.895 0.743 0.689 0.712 0.130 0.665 0.735 0.876 
29 8 0.791 0.763 0.122 0.788 0.128 0.259 0.102 0.341 0.916 0.795 0.750 0.766 0.104 0.732 0.788 0.899 
29 9 0.833 0.810 0.098 0.831 0.102 0.208 0.082 0.377 0.932 0.836 0.799 0.810 0.083 0.786 0.831 0.918 
29 10 0.866 0.848 0.078 0.864 0.082 0.167 0.065 0.421 0.946 0.869 0.839 0.846 0.067 0.829 0.864 0.934 
29 11 0.893 0.878 0.063 0.892 0.065 0.135 0.052 0.471 0.956 0.895 0.870 0.875 0.053 0.863 0.892 0.946 
29 12 0.914 0.903 0.050 0.913 0.052 0.108 0.042 0.524 0.965 0.916 0.895 0.899 0.043 0.890 0.913 0.957 
29 13 0.932 0.922 0.040 0.931 0.042 0.087 0.033 0.578 0.971 0.933 0.916 0.918 0.034 0.912 0.931 0.965 
29 14 0.945 0.938 0.032 0.944 0.033 0.070 0.027 0.630 0.977 0.946 0.932 0.933 0.027 0.930 0.944 0.971 
29 15 0.956 0.950 0.026 0.956 0.027 0.056 0.021 0.679 0.981 0.957 0.945 0.945 0.022 0.944 0.956 0.977 
29 16 0.965 0.960 0.021 0.964 0.021 0.045 0.017 0.724 0.985 0.966 0.955 0.955 0.017 0.955 0.964 0.981 
29 17 0.972 0.968 0.016 0.972 0.017 0.036 0.014 0.763 0.987 0.972 0.964 0.963 0.014 0.964 0.972 0.985 
29 18 0.978 0.974 0.013 0.977 0.014 0.029 0.011 0.798 0.989 0.978 0.970 0.970 0.011 0.971 0.977 0.988 
29 19 0.982 0.979 0.011 0.982 0.011 0.023 0.009 0.828 0.991 0.982 0.975 0.975 0.009 0.977 0.982 0.990 
29 20 0.986 0.984 0.008 0.985 0.009 0.019 0.007 0.854 0.993 0.986 0.980 0.979 0.007 0.982 0.985 0.992 
29 21 0.989 0.987 0.007 0.988 0.007 0.015 0.006 0.876 0.994 0.989 0.983 0.982 0.006 0.985 0.988 0.993 
29 22 0.991 0.989 0.005 0.991 0.006 0.012 0.004 0.895 0.995 0.991 0.986 0.985 0.005 0.988 0.991 0.994 
29 23 0.993 0.992 0.004 0.993 0.004 0.010 0.004 0.911 0.995 0.993 0.988 0.987 0.004 0.991 0.993 0.995 
29 24 0.994 0.993 0.003 0.994 0.004 0.008 0.003 0.925 0.996 0.994 0.990 0.989 0.003 0.992 0.994 0.996 
29 25 0.995 0.995 0.003 0.995 0.003 0.007 0.002 0.936 0.996 0.995 0.991 0.990 0.002 0.994 0.995 0.997 
30 0 0.500 0.500 0.500 0.500 0.500 0.500 0.500 0.500 0.500 0.500 0.500 0.500 0.500 0.500 0.500 0.500 
30 1 0.400 0.400 0.401 0.400 0.400 0.531 0.400 0.400 0.600 0.401 0.400 0.581 0.400 0.400 0.400 0.600 
30 2 0.332 0.324 0.330 0.329 0.329 0.522 0.335 0.327 0.680 0.329 0.324 0.572 0.329 0.329 0.341 0.672 
30 3 0.323 0.375 0.334 0.298 0.274 0.590 0.277 0.369 0.744 0.306 0.297 0.497 0.279 0.341 0.299 0.720 
30 4 0.379 0.495 0.398 0.309 0.224 0.665 0.226 0.487 0.795 0.287 0.386 0.421 0.230 0.437 0.262 0.760 
30 5 0.483 0.596 0.499 0.401 0.179 0.731 0.181 0.589 0.836 0.242 0.504 0.364 0.184 0.544 0.217 0.788 
30 6 0.583 0.677 0.595 0.513 0.143 0.785 0.145 0.671 0.869 0.196 0.602 0.314 0.148 0.635 0.175 0.803 
30 7 0.666 0.741 0.675 0.610 0.115 0.828 0.116 0.737 0.895 0.157 0.681 0.272 0.118 0.708 0.140 0.812 
30 8 0.733 0.793 0.740 0.687 0.092 0.862 0.093 0.790 0.916 0.126 0.745 0.240 0.094 0.766 0.112 0.821 
30 9 0.786 0.835 0.792 0.750 0.073 0.890 0.074 0.832 0.933 0.101 0.796 0.216 0.076 0.813 0.090 0.831 
30 10 0.829 0.868 0.833 0.800 0.059 0.912 0.059 0.865 0.946 0.081 0.837 0.199 0.060 0.850 0.072 0.842 
30 11 0.863 0.894 0.867 0.840 0.047 0.930 0.047 0.892 0.957 0.064 0.869 0.186 0.048 0.880 0.057 0.853 
30 12 0.890 0.915 0.893 0.872 0.038 0.944 0.038 0.914 0.965 0.052 0.895 0.178 0.039 0.904 0.046 0.864 
30 13 0.912 0.932 0.915 0.897 0.030 0.955 0.030 0.931 0.972 0.041 0.916 0.171 0.031 0.923 0.037 0.875 
30 14 0.930 0.946 0.932 0.918 0.024 0.964 0.024 0.945 0.978 0.033 0.933 0.166 0.025 0.939 0.029 0.884 
30 15 0.944 0.957 0.945 0.934 0.019 0.971 0.019 0.956 0.982 0.026 0.946 0.161 0.020 0.951 0.024 0.892 
30 16 0.955 0.965 0.956 0.947 0.015 0.977 0.016 0.965 0.986 0.021 0.957 0.157 0.016 0.961 0.019 0.899 
30 17 0.964 0.972 0.965 0.958 0.012 0.982 0.012 0.972 0.989 0.017 0.966 0.153 0.013 0.969 0.015 0.906 
30 18 0.971 0.978 0.972 0.966 0.010 0.985 0.010 0.977 0.991 0.014 0.972 0.148 0.010 0.975 0.012 0.911 
30 19 0.977 0.982 0.978 0.973 0.008 0.988 0.008 0.982 0.993 0.011 0.978 0.144 0.008 0.980 0.010 0.915 
30 20 0.982 0.986 0.982 0.978 0.006 0.991 0.006 0.986 0.994 0.009 0.982 0.140 0.006 0.984 0.008 0.918 
30 21 0.985 0.989 0.986 0.983 0.005 0.992 0.005 0.988 0.995 0.007 0.986 0.135 0.005 0.987 0.006 0.921 
30 22 0.988 0.991 0.988 0.986 0.004 0.994 0.004 0.991 0.996 0.006 0.988 0.131 0.004 0.990 0.005 0.922 
30 23 0.991 0.993 0.991 0.989 0.003 0.995 0.003 0.993 0.997 0.004 0.991 0.127 0.003 0.992 0.004 0.924 
30 24 0.992 0.994 0.993 0.991 0.003 0.996 0.003 0.994 0.998 0.004 0.992 0.123 0.003 0.993 0.003 0.924 
30 25 0.994 0.995 0.994 0.993 0.002 0.997 0.002 0.995 0.998 0.003 0.994 0.119 0.002 0.995 0.003 0.924 
31 0 0.500 0.500 0.500 0.500 0.500 0.500 0.500 0.500 0.500 0.500 0.500 0.500 0.500 0.500 0.500 0.500 
31 1 0.400 0.400 0.401 0.400 0.400 0.531 0.400 0.400 0.600 0.401 0.400 0.581 0.400 0.400 0.400 0.600 
31 2 0.332 0.324 0.330 0.329 0.329 0.522 0.335 0.327 0.680 0.329 0.324 0.572 0.329 0.329 0.341 0.672 
31 3 0.323 0.375 0.334 0.298 0.274 0.590 0.277 0.369 0.744 0.306 0.297 0.497 0.279 0.341 0.299 0.720 
31 4 0.379 0.495 0.398 0.309 0.224 0.665 0.226 0.487 0.795 0.287 0.386 0.421 0.230 0.437 0.262 0.760 
31 5 0.483 0.596 0.499 0.401 0.179 0.731 0.181 0.589 0.836 0.242 0.504 0.364 0.184 0.544 0.217 0.788 
31 6 0.583 0.677 0.595 0.513 0.143 0.785 0.145 0.671 0.869 0.196 0.602 0.314 0.148 0.635 0.175 0.803 
31 7 0.666 0.741 0.675 0.610 0.115 0.828 0.116 0.737 0.895 0.157 0.681 0.272 0.118 0.708 0.140 0.812 
31 8 0.733 0.793 0.740 0.687 0.092 0.862 0.093 0.790 0.916 0.126 0.745 0.240 0.094 0.766 0.112 0.821 
31 9 0.786 0.835 0.792 0.750 0.073 0.890 0.074 0.832 0.933 0.101 0.796 0.216 0.076 0.813 0.090 0.831 
31 10 0.829 0.868 0.833 0.800 0.059 0.912 0.059 0.865 0.946 0.081 0.837 0.199 0.060 0.850 0.072 0.842 
31 11 0.863 0.894 0.867 0.840 0.047 0.930 0.047 0.892 0.957 0.064 0.869 0.186 0.048 0.880 0.057 0.853 
31 12 0.890 0.915 0.893 0.872 0.038 0.944 0.038 0.914 0.965 0.052 0.895 0.178 0.039 0.904 0.046 0.864 
31 13 0.912 0.932 0.915 0.897 0.030 0.955 0.030 0.931 0.972 0.041 0.916 0.171 0.031 0.923 0.037 0.875 
31 14 0.930 0.946 0.932 0.918 0.024 0.964 0.024 0.945 0.978 0.033 0.933 0.166 0.025 0.939 0.029 0.884 
31 15 0.944 0.957 0.945 0.934 0.019 0.971 0.019 0.956 0.982 0.026 0.946 0.161 0.020 0.951 0.024 0.892 
31 16 0.955 0.965 0.956 0.947 0.015 0.977 0.016 0.965 0.986 0.021 0.957 0.157 0.016 0.961 0.019 0.899 
31 17 0.964 0.972 0.965 0.958 0.012 0.982 0.012 0.972 0.989 0.017 0.966 0.153 0.013 0.969 0.015 0.906 
31 18 0.971 0.978 0.972 0.966 0.010 0.985 0.010 0.977 0.991 0.014 0.972 0.148 0.010 0.975 0.012 0.911 
31 19 0.977 0.982 0.978 0.973 0.008 0.988 0.008 0.982 0.993 0.011 0.978 0.144 0.008 0.980 0.010 0.915 
31 20 0.982 0.986 0.982 0.978 0.006 0.991 0.006 0.986 0.994 0.009 0.982 0.140 0.006 0.984 0.008 0.918 
31 21 0.985 0.989 0.986 0.983 0.005 0.992 0.005 0.988 0.995 0.007 0.986 0.135 0.005 0.987 0.006 0.921 
31 22 0.988 0.991 0.988 0.986 0.004 0.994 0.004 0.991 0.996 0.006 0.988 0.131 0.004 0.990 0.005 0.922 
31 23 0.991 0.993 0.991 0.989 0.003 0.995 0.003 0.993 0.997 0.004 0.991 0.127 0.003 0.992 0.004 0.924 
31 24 0.992 0.994 0.993 0.991 0.003 0.996 0.003 0.994 0.998 0.004 0.992 0.123 0.003 0.993 0.003 0.924 
31 25 0.994 0.995 0.994 0.993 0.002 0.997 0.002 0.995 0.998 0.003 0.994 0.119 0.002 0.995 0.003 0.924 
