0 verbalA 25 0.054 0.005 0.525 0.998 0.008 0.585 0.955 0.989 0.617 0.978 0.937 0.995 0.221 0.823 0.204 0.011 0.692 0.002 0.796 0.980 0.534 0.989 0.989 0.972 0.992 0.002 0.971 0.522 0.997 0.011 0.988 0.962 0.997 0.278 0.452 0.002 0.990 0.457 0.281 0.015 0.235 0.017 0.659 0.002 0.217 0.980 0.520 0.969 0.983 0.002 0.981 0.126 0.964 0.043 0.061 0.998 0.518 0.002 0.260 0.992 
1 verbalB 25 0.890 0.003 0.384 0.994 0.002 0.748 0.591 0.795 0.640 0.996 0.018 0.976 0.359 0.674 0.671 0.014 0.109 0.002 0.985 0.964 0.267 0.658 0.816 0.384 0.994 0.002 0.082 0.036 0.995 0.010 0.967 0.788 0.997 0.577 0.736 0.002 0.997 0.803 0.570 0.818 0.190 0.012 0.750 0.002 0.025 0.612 0.969 0.690 0.020 0.002 0.717 0.629 0.741 0.857 0.977 0.998 0.961 0.003 0.934 0.992 
2 verbalC 25 0.360 0.003 0.732 0.998 0.002 0.761 0.006 0.680 0.051 0.993 0.570 0.996 0.018 0.890 0.756 0.007 0.804 0.042 0.982 0.050 0.274 0.989 0.917 0.907 0.815 0.002 0.989 0.992 0.996 0.037 0.248 0.662 0.997 0.105 0.782 0.007 0.996 0.202 0.024 0.188 0.934 0.080 0.942 0.002 0.957 0.127 0.899 0.950 0.958 0.002 0.960 0.185 0.925 0.975 0.319 0.998 0.017 0.002 0.179 0.017 
3 verbalA1 25 0.009 0.009 0.957 0.997 0.003 0.872 0.898 0.982 0.513 0.963 0.982 0.985 0.388 0.941 0.443 0.075 0.856 0.002 0.007 0.945 0.025 0.941 0.967 0.989 0.930 0.002 0.509 0.032 0.998 0.002 0.991 0.963 0.996 0.830 0.032 0.002 0.973 0.965 0.903 0.276 0.990 0.104 0.005 0.003 0.051 0.988 0.842 0.008 0.955 0.003 0.018 0.986 0.989 0.012 0.215 0.998 0.840 0.003 0.844 0.995 
4 verbalA2 25 0.022 0.017 0.129 0.998 0.012 0.111 0.995 0.991 0.919 0.971 0.992 0.992 0.596 0.601 0.025 0.006 0.919 0.002 0.364 0.995 0.876 0.948 0.978 0.930 0.993 0.002 0.955 0.739 0.998 0.093 0.987 0.951 0.997 0.022 0.221 0.002 0.993 0.012 0.974 0.009 0.005 0.003 0.971 0.009 0.924 0.892 0.008 0.992 0.993 0.002 0.991 0.838 0.482 0.005 0.006 0.998 0.016 0.002 0.029 0.994 
5 verbalB1 25 0.909 0.020 0.007 0.934 0.002 0.012 0.772 0.031 0.992 0.998 0.020 0.997 0.986 0.898 0.708 0.022 0.207 0.002 0.994 0.940 0.897 0.989 0.708 0.024 0.990 0.002 0.004 0.005 0.993 0.002 0.782 0.904 0.992 0.473 0.961 0.002 0.989 0.492 0.970 0.659 0.005 0.007 0.960 0.002 0.005 0.015 0.992 0.330 0.008 0.002 0.502 0.565 0.444 0.989 0.719 0.998 0.986 0.009 0.270 0.994 
6 verbalB2 25 0.991 0.004 0.987 0.998 0.002 0.902 0.903 0.557 0.118 0.965 0.007 0.998 0.019 0.026 0.038 0.002 0.010 0.002 0.986 0.856 0.497 0.005 0.556 0.636 0.993 0.002 0.007 0.054 0.994 0.008 0.977 0.701 0.996 0.859 0.023 0.002 0.998 0.991 0.303 0.978 0.131 0.019 0.962 0.002 0.008 0.970 0.980 0.924 0.011 0.002 0.985 0.188 0.222 0.439 0.990 0.997 0.988 0.019 0.991 0.923 
7 verbalC1 25 0.743 0.002 0.123 0.998 0.002 0.959 0.006 0.967 0.406 0.998 0.711 0.997 0.006 0.251 0.975 0.007 0.915 0.043 0.992 0.008 0.029 0.989 0.704 0.537 0.949 0.002 0.983 0.994 0.987 0.002 0.009 0.166 0.998 0.032 0.708 0.004 0.998 0.798 0.006 0.014 0.985 0.012 0.984 0.002 0.989 0.013 0.991 0.536 0.994 0.002 0.553 0.084 0.981 0.988 0.087 0.998 0.516 0.002 0.583 0.005 
8 verbalC2 25 0.539 0.004 0.046 0.998 0.002 0.969 0.005 0.161 0.021 0.967 0.110 0.866 0.784 0.956 0.332 0.005 0.333 0.010 0.343 0.652 0.318 0.973 0.207 0.948 0.987 0.003 0.994 0.994 0.998 0.829 0.976 0.104 0.961 0.943 0.689 0.003 0.998 0.006 0.012 0.096 0.986 0.012 0.726 0.002 0.972 0.022 0.005 0.990 0.015 0.002 0.077 0.877 0.012 0.992 0.562 0.998 0.089 0.002 0.011 0.005 
9 verbalA11 25 0.008 0.018 0.944 0.996 0.003 0.779 0.949 0.985 0.407 0.984 0.992 0.988 0.835 0.797 0.400 0.023 0.927 0.002 0.005 0.927 0.121 0.945 0.893 0.992 0.982 0.002 0.532 0.011 0.998 0.002 0.983 0.876 0.996 0.742 0.024 0.003 0.974 0.976 0.679 0.178 0.989 0.039 0.008 0.007 0.049 0.993 0.866 0.009 0.968 0.002 0.034 0.978 0.984 0.021 0.444 0.998 0.421 0.003 0.904 0.994 
10 verbalA12 25 0.006 0.006 0.936 0.995 0.003 0.900 0.919 0.963 0.536 0.898 0.987 0.992 0.173 0.943 0.254 0.102 0.940 0.002 0.009 0.948 0.021 0.941 0.984 0.990 0.921 0.002 0.688 0.010 0.998 0.002 0.987 0.972 0.995 0.975 0.027 0.002 0.932 0.973 0.886 0.186 0.989 0.099 0.006 0.003 0.026 0.989 0.864 0.009 0.979 0.002 0.012 0.956 0.984 0.009 0.045 0.998 0.918 0.004 0.830 0.993 
11 verbalA21 25 0.010 0.014 0.181 0.998 0.020 0.216 0.993 0.988 0.888 0.975 0.993 0.990 0.612 0.483 0.017 0.006 0.945 0.002 0.188 0.991 0.845 0.941 0.984 0.960 0.994 0.002 0.976 0.746 0.998 0.121 0.989 0.938 0.997 0.030 0.317 0.002 0.995 0.033 0.969 0.021 0.008 0.006 0.959 0.009 0.911 0.893 0.008 0.990 0.990 0.002 0.989 0.888 0.457 0.006 0.008 0.998 0.022 0.002 0.036 0.993 
12 verbalA22 25 0.020 0.018 0.384 0.998 0.028 0.111 0.994 0.980 0.879 0.976 0.992 0.988 0.797 0.518 0.017 0.003 0.953 0.002 0.170 0.993 0.945 0.935 0.985 0.970 0.992 0.002 0.968 0.781 0.998 0.083 0.987 0.933 0.998 0.022 0.203 0.002 0.992 0.047 0.955 0.011 0.006 0.005 0.955 0.006 0.901 0.924 0.018 0.990 0.992 0.002 0.992 0.646 0.768 0.006 0.008 0.998 0.012 0.002 0.029 0.993 
13 verbalB11 25 0.800 0.030 0.014 0.957 0.002 0.010 0.807 0.046 0.989 0.998 0.017 0.997 0.976 0.971 0.509 0.015 0.115 0.002 0.992 0.972 0.966 0.986 0.584 0.042 0.991 0.002 0.010 0.007 0.984 0.003 0.837 0.669 0.996 0.878 0.944 0.002 0.993 0.286 0.982 0.753 0.010 0.009 0.924 0.002 0.006 0.013 0.991 0.770 0.007 0.002 0.758 0.746 0.584 0.969 0.552 0.998 0.979 0.006 0.070 0.994 
14 verbalB12 25 0.952 0.024 0.012 0.953 0.002 0.007 0.548 0.018 0.989 0.998 0.012 0.997 0.987 0.841 0.690 0.011 0.329 0.002 0.992 0.845 0.937 0.988 0.381 0.018 0.996 0.002 0.005 0.006 0.992 0.003 0.506 0.962 0.988 0.193 0.934 0.002 0.994 0.752 0.987 0.832 0.007 0.012 0.956 0.002 0.006 0.013 0.993 0.063 0.007 0.002 0.259 0.735 0.181 0.991 0.965 0.998 0.977 0.004 0.819 0.994 
15 verbalB21 25 0.990 0.004 0.987 0.998 0.002 0.910 0.798 0.277 0.052 0.969 0.007 0.998 0.013 0.012 0.033 0.002 0.009 0.002 0.986 0.710 0.825 0.005 0.347 0.821 0.995 0.002 0.008 0.040 0.994 0.006 0.968 0.805 0.997 0.906 0.043 0.002 0.998 0.991 0.619 0.992 0.060 0.026 0.989 0.002 0.006 0.947 0.977 0.975 0.008 0.002 0.987 0.461 0.163 0.374 0.987 0.997 0.989 0.007 0.990 0.898 
16 verbalB22 25 0.982 0.004 0.982 0.998 0.002 0.798 0.654 0.332 0.148 0.989 0.006 0.998 0.014 0.019 0.025 0.002 0.018 0.002 0.988 0.467 0.528 0.008 0.379 0.537 0.980 0.002 0.010 0.073 0.993 0.006 0.912 0.844 0.994 0.886 0.033 0.002 0.998 0.992 0.698 0.981 0.126 0.021 0.969 0.002 0.022 0.939 0.980 0.959 0.010 0.002 0.973 0.553 0.046 0.283 0.975 0.997 0.988 0.009 0.992 0.930 
17 verbalC11 25 0.684 0.002 0.443 0.998 0.002 0.943 0.008 0.976 0.391 0.998 0.703 0.998 0.008 0.626 0.981 0.005 0.776 0.026 0.991 0.010 0.076 0.988 0.705 0.301 0.946 0.002 0.962 0.991 0.988 0.002 0.009 0.137 0.998 0.017 0.562 0.004 0.998 0.905 0.005 0.014 0.974 0.024 0.980 0.002 0.974 0.026 0.993 0.789 0.984 0.002 0.834 0.119 0.987 0.977 0.137 0.998 0.251 0.002 0.555 0.006 
18 verbalC12 25 0.941 0.002 0.041 0.998 0.003 0.980 0.006 0.948 0.410 0.998 0.638 0.998 0.008 0.036 0.982 0.015 0.843 0.036 0.991 0.010 0.014 0.987 0.717 0.613 0.949 0.002 0.984 0.993 0.992 0.002 0.019 0.128 0.998 0.009 0.678 0.003 0.997 0.896 0.007 0.010 0.982 0.019 0.970 0.002 0.990 0.009 0.992 0.169 0.994 0.002 0.253 0.037 0.974 0.974 0.061 0.997 0.823 0.002 0.767 0.006 
19 verbalC21 25 0.534 0.006 0.072 0.998 0.003 0.966 0.006 0.117 0.023 0.980 0.177 0.898 0.634 0.933 0.360 0.005 0.326 0.012 0.364 0.493 0.170 0.951 0.291 0.952 0.972 0.003 0.993 0.991 0.997 0.785 0.958 0.231 0.966 0.950 0.663 0.003 0.997 0.009 0.016 0.208 0.980 0.012 0.754 0.002 0.949 0.024 0.012 0.989 0.032 0.002 0.121 0.850 0.035 0.969 0.421 0.997 0.090 0.002 0.018 0.012 
20 verbalC22 25 0.537 0.004 0.032 0.998 0.002 0.937 0.006 0.057 0.014 0.964 0.142 0.941 0.691 0.969 0.307 0.004 0.309 0.011 0.400 0.247 0.223 0.927 0.179 0.944 0.951 0.003 0.994 0.993 0.997 0.857 0.959 0.293 0.909 0.972 0.618 0.003 0.998 0.006 0.015 0.355 0.990 0.022 0.674 0.002 0.939 0.031 0.005 0.992 0.014 0.002 0.019 0.859 0.021 0.983 0.572 0.998 0.130 0.002 0.018 0.006 
21 visualA11 25 0.004 0.008 0.981 0.997 0.004 0.484 0.973 0.983 0.546 0.997 0.996 0.985 0.965 0.920 0.781 0.009 0.974 0.002 0.003 0.944 0.116 0.929 0.916 0.993 0.993 0.002 0.755 0.005 0.998 0.002 0.984 0.874 0.997 0.266 0.069 0.002 0.966 0.987 0.451 0.030 0.993 0.044 0.003 0.020 0.149 0.997 0.856 0.004 0.996 0.002 0.062 0.980 0.989 0.003 0.395 0.998 0.084 0.002 0.858 0.996 
22 visualA12 25 0.004 0.003 0.978 0.997 0.004 0.988 0.972 0.966 0.610 0.938 0.995 0.957 0.158 0.898 0.290 0.055 0.919 0.002 0.004 0.990 0.017 0.806 0.983 0.993 0.944 0.002 0.622 0.004 0.998 0.002 0.992 0.978 0.993 0.930 0.016 0.002 0.869 0.993 0.951 0.556 0.994 0.087 0.003 0.002 0.183 0.996 0.434 0.004 0.996 0.002 0.005 0.981 0.987 0.003 0.013 0.998 0.878 0.009 0.517 0.996 
23 visualA21 25 0.007 0.006 0.052 0.998 0.027 0.015 0.994 0.991 0.840 0.991 0.996 0.993 0.461 0.905 0.045 0.003 0.869 0.002 0.804 0.993 0.950 0.943 0.986 0.965 0.997 0.002 0.964 0.678 0.997 0.158 0.990 0.976 0.998 0.012 0.673 0.002 0.993 0.005 0.614 0.004 0.003 0.006 0.974 0.005 0.729 0.986 0.013 0.996 0.997 0.002 0.996 0.197 0.865 0.003 0.004 0.998 0.005 0.002 0.009 0.996 
24 visualA22 25 0.004 0.007 0.045 0.998 0.048 0.005 0.993 0.987 0.855 0.988 0.996 0.982 0.916 0.898 0.019 0.002 0.982 0.002 0.239 0.995 0.982 0.977 0.911 0.806 0.993 0.003 0.987 0.521 0.997 0.086 0.993 0.952 0.998 0.201 0.445 0.002 0.987 0.005 0.956 0.005 0.004 0.003 0.973 0.006 0.830 0.991 0.005 0.996 0.997 0.002 0.996 0.224 0.490 0.003 0.004 0.998 0.004 0.002 0.017 0.996 
25 visualB11 25 0.884 0.017 0.005 0.948 0.002 0.003 0.779 0.013 0.996 0.998 0.003 0.998 0.996 0.965 0.688 0.023 0.087 0.002 0.996 0.972 0.947 0.987 0.503 0.030 0.995 0.002 0.004 0.006 0.994 0.003 0.734 0.822 0.995 0.875 0.978 0.002 0.996 0.403 0.979 0.951 0.005 0.007 0.970 0.002 0.003 0.011 0.996 0.372 0.004 0.002 0.373 0.864 0.238 0.990 0.821 0.998 0.994 0.005 0.284 0.995 
26 visualB12 25 0.945 0.025 0.003 0.976 0.002 0.003 0.246 0.010 0.996 0.998 0.004 0.995 0.996 0.821 0.336 0.008 0.348 0.002 0.995 0.630 0.870 0.945 0.413 0.012 0.996 0.002 0.003 0.006 0.995 0.003 0.465 0.981 0.993 0.101 0.950 0.002 0.996 0.937 0.967 0.865 0.003 0.007 0.883 0.002 0.003 0.040 0.996 0.013 0.004 0.002 0.173 0.769 0.221 0.990 0.926 0.998 0.992 0.006 0.798 0.995 
27 visualB21 25 0.996 0.004 0.994 0.998 0.002 0.914 0.711 0.047 0.080 0.984 0.003 0.998 0.008 0.013 0.007 0.002 0.003 0.002 0.985 0.778 0.914 0.004 0.196 0.606 0.996 0.002 0.004 0.004 0.996 0.004 0.939 0.747 0.998 0.835 0.075 0.002 0.998 0.995 0.938 0.994 0.010 0.019 0.993 0.002 0.003 0.903 0.992 0.842 0.004 0.002 0.996 0.723 0.138 0.922 0.994 0.997 0.981 0.003 0.993 0.904 
28 visualB22 25 0.993 0.002 0.993 0.998 0.002 0.897 0.632 0.923 0.527 0.984 0.004 0.998 0.014 0.498 0.010 0.002 0.004 0.002 0.992 0.847 0.216 0.007 0.563 0.244 0.990 0.002 0.007 0.177 0.996 0.005 0.990 0.740 0.996 0.928 0.033 0.002 0.998 0.993 0.724 0.790 0.784 0.005 0.661 0.002 0.010 0.972 0.986 0.987 0.004 0.003 0.991 0.581 0.078 0.243 0.992 0.998 0.987 0.004 0.969 0.980 
29 visualC11 25 0.835 0.002 0.304 0.998 0.002 0.964 0.003 0.980 0.483 0.998 0.678 0.998 0.004 0.143 0.989 0.004 0.952 0.027 0.996 0.007 0.036 0.994 0.645 0.491 0.959 0.002 0.973 0.996 0.981 0.002 0.003 0.116 0.998 0.027 0.509 0.003 0.998 0.909 0.002 0.014 0.984 0.015 0.985 0.002 0.979 0.010 0.995 0.670 0.997 0.002 0.777 0.038 0.986 0.972 0.079 0.998 0.211 0.002 0.640 0.003 
30 visualC12 25 0.950 0.002 0.037 0.998 0.002 0.993 0.003 0.986 0.624 0.998 0.479 0.998 0.005 0.034 0.994 0.005 0.877 0.074 0.995 0.009 0.045 0.994 0.299 0.443 0.970 0.003 0.987 0.996 0.973 0.002 0.004 0.081 0.998 0.036 0.400 0.002 0.997 0.713 0.002 0.078 0.985 0.008 0.983 0.002 0.976 0.004 0.994 0.541 0.997 0.002 0.223 0.047 0.774 0.972 0.024 0.997 0.826 0.002 0.904 0.003 
31 visualC21 25 0.981 0.009 0.053 0.998 0.003 0.996 0.003 0.037 0.037 0.998 0.878 0.976 0.430 0.132 0.141 0.004 0.948 0.007 0.401 0.733 0.858 0.965 0.106 0.940 0.991 0.002 0.995 0.995 0.998 0.599 0.550 0.089 0.992 0.454 0.857 0.002 0.998 0.003 0.043 0.116 0.603 0.003 0.985 0.002 0.982 0.004 0.003 0.995 0.265 0.002 0.717 0.990 0.007 0.995 0.819 0.996 0.006 0.002 0.025 0.003 
32 visualC22 25 0.294 0.005 0.015 0.998 0.002 0.931 0.003 0.063 0.012 0.955 0.046 0.905 0.758 0.987 0.262 0.005 0.336 0.011 0.584 0.208 0.438 0.978 0.208 0.964 0.969 0.003 0.995 0.995 0.998 0.855 0.976 0.192 0.913 0.982 0.546 0.003 0.998 0.003 0.018 0.413 0.991 0.019 0.639 0.002 0.955 0.019 0.003 0.995 0.025 0.002 0.019 0.733 0.007 0.994 0.576 0.998 0.034 0.002 0.041 0.003 
