0 0 0.000 
0 1 0.230 
0 2 0.384 
0 3 0.507 
0 4 0.606 
0 5 0.685 
0 6 0.748 
0 7 0.798 
0 8 0.838 
0 9 0.871 
0 10 0.896 
0 11 0.917 
0 12 0.933 
0 13 0.946 
0 14 0.957 
0 15 0.965 
0 16 0.971 
0 17 0.976 
0 18 0.980 
0 19 0.983 
0 20 0.985 
0 21 0.985 
0 22 0.984 
0 23 0.981 
0 24 0.976 
0 25 0.969 
1 0 0.000 
1 1 0.230 
1 2 0.384 
1 3 0.507 
1 4 0.606 
1 5 0.685 
1 6 0.748 
1 7 0.798 
1 8 0.838 
1 9 0.871 
1 10 0.896 
1 11 0.917 
1 12 0.933 
1 13 0.946 
1 14 0.956 
1 15 0.964 
1 16 0.970 
1 17 0.975 
1 18 0.978 
1 19 0.981 
1 20 0.983 
1 21 0.983 
1 22 0.981 
1 23 0.978 
1 24 0.972 
1 25 0.965 
2 0 0.000 
2 1 0.230 
2 2 0.384 
2 3 0.507 
2 4 0.606 
2 5 0.685 
2 6 0.748 
2 7 0.798 
2 8 0.838 
2 9 0.871 
2 10 0.896 
2 11 0.916 
2 12 0.933 
2 13 0.945 
2 14 0.955 
2 15 0.963 
2 16 0.969 
2 17 0.973 
2 18 0.976 
2 19 0.979 
2 20 0.980 
2 21 0.980 
2 22 0.977 
2 23 0.973 
2 24 0.966 
2 25 0.959 
3 0 0.000 
3 1 0.230 
3 2 0.384 
3 3 0.507 
3 4 0.606 
3 5 0.685 
3 6 0.748 
3 7 0.798 
3 8 0.838 
3 9 0.871 
3 10 0.896 
3 11 0.917 
3 12 0.933 
3 13 0.946 
3 14 0.956 
3 15 0.964 
3 16 0.971 
3 17 0.976 
3 18 0.980 
3 19 0.983 
3 20 0.985 
3 21 0.986 
3 22 0.985 
3 23 0.982 
3 24 0.977 
3 25 0.970 
4 0 0.000 
4 1 0.230 
4 2 0.384 
4 3 0.507 
4 4 0.606 
4 5 0.685 
4 6 0.748 
4 7 0.798 
4 8 0.838 
4 9 0.870 
4 10 0.896 
4 11 0.916 
4 12 0.932 
4 13 0.944 
4 14 0.954 
4 15 0.961 
4 16 0.966 
4 17 0.970 
4 18 0.973 
4 19 0.975 
4 20 0.976 
4 21 0.975 
4 22 0.971 
4 23 0.966 
4 24 0.959 
4 25 0.951 
5 0 0.000 
5 1 0.230 
5 2 0.384 
5 3 0.507 
5 4 0.606 
5 5 0.685 
5 6 0.748 
5 7 0.798 
5 8 0.838 
5 9 0.870 
5 10 0.896 
5 11 0.916 
5 12 0.932 
5 13 0.944 
5 14 0.953 
5 15 0.960 
5 16 0.965 
5 17 0.969 
5 18 0.971 
5 19 0.972 
5 20 0.973 
5 21 0.972 
5 22 0.968 
5 23 0.962 
5 24 0.955 
5 25 0.947 
6 0 0.000 
6 1 0.230 
6 2 0.384 
6 3 0.507 
6 4 0.606 
6 5 0.685 
6 6 0.748 
6 7 0.798 
6 8 0.838 
6 9 0.870 
6 10 0.896 
6 11 0.916 
6 12 0.932 
6 13 0.944 
6 14 0.953 
6 15 0.960 
6 16 0.965 
6 17 0.969 
6 18 0.972 
6 19 0.973 
6 20 0.975 
6 21 0.973 
6 22 0.970 
6 23 0.964 
6 24 0.957 
6 25 0.949 
7 0 0.000 
7 1 0.230 
7 2 0.384 
7 3 0.507 
7 4 0.606 
7 5 0.685 
7 6 0.748 
7 7 0.798 
7 8 0.838 
7 9 0.870 
7 10 0.896 
7 11 0.916 
7 12 0.932 
7 13 0.944 
7 14 0.954 
7 15 0.961 
7 16 0.966 
7 17 0.970 
7 18 0.973 
7 19 0.975 
7 20 0.976 
7 21 0.975 
7 22 0.971 
7 23 0.966 
7 24 0.959 
7 25 0.951 
8 0 0.000 
8 1 0.230 
8 2 0.384 
8 3 0.507 
8 4 0.606 
8 5 0.685 
8 6 0.748 
8 7 0.798 
8 8 0.838 
8 9 0.871 
8 10 0.896 
8 11 0.917 
8 12 0.933 
8 13 0.946 
8 14 0.956 
8 15 0.964 
8 16 0.970 
8 17 0.975 
8 18 0.979 
8 19 0.982 
8 20 0.984 
8 21 0.984 
8 22 0.982 
8 23 0.979 
8 24 0.973 
8 25 0.966 
9 0 0.000 
9 1 0.230 
9 2 0.384 
9 3 0.507 
9 4 0.606 
9 5 0.685 
9 6 0.748 
9 7 0.798 
9 8 0.838 
9 9 0.871 
9 10 0.896 
9 11 0.917 
9 12 0.933 
9 13 0.946 
9 14 0.957 
9 15 0.965 
9 16 0.971 
9 17 0.976 
9 18 0.980 
9 19 0.983 
9 20 0.985 
9 21 0.985 
9 22 0.984 
9 23 0.981 
9 24 0.976 
9 25 0.969 
10 0 0.000 
10 1 0.230 
10 2 0.384 
10 3 0.507 
10 4 0.606 
10 5 0.685 
10 6 0.748 
10 7 0.798 
10 8 0.838 
10 9 0.871 
10 10 0.896 
10 11 0.917 
10 12 0.933 
10 13 0.946 
10 14 0.956 
10 15 0.965 
10 16 0.971 
10 17 0.976 
10 18 0.980 
10 19 0.983 
10 20 0.985 
10 21 0.986 
10 22 0.985 
10 23 0.982 
10 24 0.977 
10 25 0.970 
11 0 0.000 
11 1 0.230 
11 2 0.384 
11 3 0.507 
11 4 0.606 
11 5 0.685 
11 6 0.748 
11 7 0.798 
11 8 0.838 
11 9 0.871 
11 10 0.897 
11 11 0.917 
11 12 0.934 
11 13 0.947 
11 14 0.957 
11 15 0.966 
11 16 0.972 
11 17 0.977 
11 18 0.982 
11 19 0.985 
11 20 0.987 
11 21 0.989 
11 22 0.989 
11 23 0.987 
11 24 0.984 
11 25 0.979 
12 0 0.000 
12 1 0.230 
12 2 0.384 
12 3 0.507 
12 4 0.606 
12 5 0.685 
12 6 0.748 
12 7 0.798 
12 8 0.838 
12 9 0.871 
12 10 0.896 
12 11 0.916 
12 12 0.933 
12 13 0.945 
12 14 0.955 
12 15 0.963 
12 16 0.969 
12 17 0.973 
12 18 0.976 
12 19 0.979 
12 20 0.980 
12 21 0.980 
12 22 0.978 
12 23 0.973 
12 24 0.967 
12 25 0.959 
13 0 0.000 
13 1 0.230 
13 2 0.384 
13 3 0.507 
13 4 0.606 
13 5 0.685 
13 6 0.748 
13 7 0.798 
13 8 0.838 
13 9 0.871 
13 10 0.896 
13 11 0.917 
13 12 0.933 
13 13 0.945 
13 14 0.955 
13 15 0.963 
13 16 0.968 
13 17 0.973 
13 18 0.976 
13 19 0.978 
13 20 0.979 
13 21 0.978 
13 22 0.975 
13 23 0.970 
13 24 0.963 
13 25 0.955 
14 0 0.000 
14 1 0.230 
14 2 0.384 
14 3 0.507 
14 4 0.606 
14 5 0.685 
14 6 0.748 
14 7 0.798 
14 8 0.838 
14 9 0.871 
14 10 0.896 
14 11 0.917 
14 12 0.933 
14 13 0.945 
14 14 0.955 
14 15 0.962 
14 16 0.968 
14 17 0.972 
14 18 0.975 
14 19 0.977 
14 20 0.978 
14 21 0.977 
14 22 0.973 
14 23 0.968 
14 24 0.961 
14 25 0.953 
15 0 0.000 
15 1 0.230 
15 2 0.384 
15 3 0.507 
15 4 0.606 
15 5 0.685 
15 6 0.748 
15 7 0.798 
15 8 0.838 
15 9 0.870 
15 10 0.895 
15 11 0.914 
15 12 0.928 
15 13 0.939 
15 14 0.947 
15 15 0.952 
15 16 0.955 
15 17 0.956 
15 18 0.957 
15 19 0.956 
15 20 0.955 
15 21 0.952 
15 22 0.947 
15 23 0.941 
15 24 0.934 
15 25 0.927 
16 0 0.000 
16 1 0.230 
16 2 0.384 
16 3 0.507 
16 4 0.606 
16 5 0.685 
16 6 0.748 
16 7 0.798 
16 8 0.838 
16 9 0.870 
16 10 0.896 
16 11 0.916 
16 12 0.931 
16 13 0.943 
16 14 0.952 
16 15 0.958 
16 16 0.963 
16 17 0.966 
16 18 0.968 
16 19 0.969 
16 20 0.969 
16 21 0.967 
16 22 0.963 
16 23 0.957 
16 24 0.950 
16 25 0.942 
17 0 0.000 
17 1 0.230 
17 2 0.384 
17 3 0.507 
17 4 0.606 
17 5 0.685 
17 6 0.748 
17 7 0.798 
17 8 0.838 
17 9 0.871 
17 10 0.896 
17 11 0.917 
17 12 0.933 
17 13 0.946 
17 14 0.956 
17 15 0.964 
17 16 0.970 
17 17 0.974 
17 18 0.977 
17 19 0.980 
17 20 0.982 
17 21 0.981 
17 22 0.979 
17 23 0.975 
17 24 0.968 
17 25 0.961 
18 0 0.000 
18 1 0.230 
18 2 0.384 
18 3 0.507 
18 4 0.606 
18 5 0.685 
18 6 0.748 
18 7 0.798 
18 8 0.838 
18 9 0.870 
18 10 0.896 
18 11 0.916 
18 12 0.932 
18 13 0.944 
18 14 0.953 
18 15 0.961 
18 16 0.966 
18 17 0.969 
18 18 0.972 
18 19 0.973 
18 20 0.974 
18 21 0.973 
18 22 0.969 
18 23 0.964 
18 24 0.957 
18 25 0.949 
19 0 0.000 
19 1 0.230 
19 2 0.384 
19 3 0.507 
19 4 0.606 
19 5 0.685 
19 6 0.748 
19 7 0.798 
19 8 0.838 
19 9 0.871 
19 10 0.896 
19 11 0.917 
19 12 0.933 
19 13 0.946 
19 14 0.955 
19 15 0.963 
19 16 0.969 
19 17 0.973 
19 18 0.976 
19 19 0.978 
19 20 0.979 
19 21 0.978 
19 22 0.975 
19 23 0.970 
19 24 0.963 
19 25 0.955 
20 0 0.000 
20 1 0.230 
20 2 0.384 
20 3 0.507 
20 4 0.606 
20 5 0.685 
20 6 0.748 
20 7 0.798 
20 8 0.838 
20 9 0.870 
20 10 0.896 
20 11 0.916 
20 12 0.931 
20 13 0.943 
20 14 0.952 
20 15 0.959 
20 16 0.964 
20 17 0.967 
20 18 0.970 
20 19 0.971 
20 20 0.972 
20 21 0.970 
20 22 0.966 
20 23 0.960 
20 24 0.953 
20 25 0.945 
21 0 0.000 
21 1 0.230 
21 2 0.384 
21 3 0.507 
21 4 0.606 
21 5 0.685 
21 6 0.748 
21 7 0.798 
21 8 0.838 
21 9 0.870 
21 10 0.895 
21 11 0.915 
21 12 0.931 
21 13 0.943 
21 14 0.952 
21 15 0.959 
21 16 0.964 
21 17 0.968 
21 18 0.970 
21 19 0.972 
21 20 0.973 
21 21 0.972 
21 22 0.968 
21 23 0.963 
21 24 0.956 
21 25 0.948 
22 0 0.000 
22 1 0.230 
22 2 0.384 
22 3 0.507 
22 4 0.606 
22 5 0.685 
22 6 0.748 
22 7 0.798 
22 8 0.838 
22 9 0.871 
22 10 0.896 
22 11 0.917 
22 12 0.933 
22 13 0.946 
22 14 0.956 
22 15 0.964 
22 16 0.971 
22 17 0.975 
22 18 0.979 
22 19 0.982 
22 20 0.984 
22 21 0.984 
22 22 0.982 
22 23 0.979 
22 24 0.973 
22 25 0.966 
23 0 0.000 
23 1 0.230 
23 2 0.384 
23 3 0.507 
23 4 0.606 
23 5 0.685 
23 6 0.748 
23 7 0.798 
23 8 0.838 
23 9 0.869 
23 10 0.893 
23 11 0.912 
23 12 0.925 
23 13 0.934 
23 14 0.939 
23 15 0.942 
23 16 0.943 
23 17 0.942 
23 18 0.939 
23 19 0.936 
23 20 0.933 
23 21 0.929 
23 22 0.924 
23 23 0.918 
23 24 0.913 
23 25 0.908 
24 0 0.000 
24 1 0.230 
24 2 0.384 
24 3 0.507 
24 4 0.606 
24 5 0.685 
24 6 0.748 
24 7 0.798 
24 8 0.838 
24 9 0.870 
24 10 0.895 
24 11 0.914 
24 12 0.928 
24 13 0.939 
24 14 0.947 
24 15 0.952 
24 16 0.955 
24 17 0.957 
24 18 0.957 
24 19 0.957 
24 20 0.956 
24 21 0.953 
24 22 0.948 
24 23 0.942 
24 24 0.935 
24 25 0.928 
25 0 0.000 
25 1 0.230 
25 2 0.384 
25 3 0.507 
25 4 0.606 
25 5 0.685 
25 6 0.748 
25 7 0.798 
25 8 0.838 
25 9 0.871 
25 10 0.896 
25 11 0.917 
25 12 0.933 
25 13 0.945 
25 14 0.955 
25 15 0.963 
25 16 0.969 
25 17 0.973 
25 18 0.976 
25 19 0.979 
25 20 0.980 
25 21 0.980 
25 22 0.977 
25 23 0.973 
25 24 0.966 
25 25 0.959 
26 0 0.000 
26 1 0.230 
26 2 0.384 
26 3 0.507 
26 4 0.606 
26 5 0.685 
26 6 0.748 
26 7 0.798 
26 8 0.838 
26 9 0.871 
26 10 0.896 
26 11 0.917 
26 12 0.933 
26 13 0.946 
26 14 0.956 
26 15 0.963 
26 16 0.969 
26 17 0.974 
26 18 0.977 
26 19 0.979 
26 20 0.981 
26 21 0.981 
26 22 0.978 
26 23 0.973 
26 24 0.967 
26 25 0.960 
27 0 0.000 
27 1 0.230 
27 2 0.384 
27 3 0.507 
27 4 0.606 
27 5 0.685 
27 6 0.748 
27 7 0.798 
27 8 0.838 
27 9 0.870 
27 10 0.895 
27 11 0.915 
27 12 0.930 
27 13 0.941 
27 14 0.949 
27 15 0.954 
27 16 0.957 
27 17 0.959 
27 18 0.959 
27 19 0.959 
27 20 0.958 
27 21 0.954 
27 22 0.949 
27 23 0.943 
27 24 0.936 
27 25 0.929 
28 0 0.000 
28 1 0.230 
28 2 0.384 
28 3 0.507 
28 4 0.606 
28 5 0.685 
28 6 0.748 
28 7 0.798 
28 8 0.838 
28 9 0.871 
28 10 0.896 
28 11 0.917 
28 12 0.933 
28 13 0.946 
28 14 0.956 
28 15 0.964 
28 16 0.969 
28 17 0.974 
28 18 0.977 
28 19 0.980 
28 20 0.982 
28 21 0.981 
28 22 0.979 
28 23 0.975 
28 24 0.969 
28 25 0.961 
29 0 0.000 
29 1 0.230 
29 2 0.384 
29 3 0.507 
29 4 0.606 
29 5 0.685 
29 6 0.748 
29 7 0.798 
29 8 0.838 
29 9 0.871 
29 10 0.896 
29 11 0.917 
29 12 0.933 
29 13 0.946 
29 14 0.957 
29 15 0.965 
29 16 0.971 
29 17 0.976 
29 18 0.979 
29 19 0.982 
29 20 0.984 
29 21 0.985 
29 22 0.983 
29 23 0.980 
29 24 0.974 
29 25 0.967 
30 0 0.000 
30 1 0.230 
30 2 0.384 
30 3 0.507 
30 4 0.606 
30 5 0.685 
30 6 0.748 
30 7 0.798 
30 8 0.838 
30 9 0.870 
30 10 0.896 
30 11 0.916 
30 12 0.932 
30 13 0.944 
30 14 0.953 
30 15 0.960 
30 16 0.965 
30 17 0.969 
30 18 0.971 
30 19 0.972 
30 20 0.973 
30 21 0.971 
30 22 0.967 
30 23 0.961 
30 24 0.954 
30 25 0.946 
31 0 0.000 
31 1 0.230 
31 2 0.384 
31 3 0.507 
31 4 0.606 
31 5 0.685 
31 6 0.748 
31 7 0.798 
31 8 0.838 
31 9 0.871 
31 10 0.896 
31 11 0.917 
31 12 0.933 
31 13 0.946 
31 14 0.956 
31 15 0.963 
31 16 0.969 
31 17 0.974 
31 18 0.977 
31 19 0.980 
31 20 0.982 
31 21 0.982 
31 22 0.979 
31 23 0.975 
31 24 0.969 
31 25 0.962 
32 0 0.000 
32 1 0.230 
32 2 0.384 
32 3 0.507 
32 4 0.606 
32 5 0.685 
32 6 0.748 
32 7 0.798 
32 8 0.838 
32 9 0.870 
32 10 0.895 
32 11 0.915 
32 12 0.930 
32 13 0.942 
32 14 0.950 
32 15 0.956 
32 16 0.960 
32 17 0.962 
32 18 0.963 
32 19 0.963 
32 20 0.962 
32 21 0.959 
32 22 0.954 
32 23 0.948 
32 24 0.941 
32 25 0.934 
33 0 0.000 
33 1 0.230 
33 2 0.384 
33 3 0.507 
33 4 0.606 
33 5 0.685 
33 6 0.747 
33 7 0.798 
33 8 0.837 
33 9 0.869 
33 10 0.893 
33 11 0.911 
33 12 0.923 
33 13 0.932 
33 14 0.937 
33 15 0.939 
33 16 0.939 
33 17 0.938 
33 18 0.935 
33 19 0.932 
33 20 0.928 
33 21 0.923 
33 22 0.919 
33 23 0.914 
33 24 0.909 
33 25 0.905 
34 0 0.000 
34 1 0.230 
34 2 0.384 
34 3 0.507 
34 4 0.606 
34 5 0.684 
34 6 0.747 
34 7 0.795 
34 8 0.829 
34 9 0.849 
34 10 0.853 
34 11 0.843 
34 12 0.819 
34 13 0.787 
34 14 0.750 
34 15 0.713 
34 16 0.678 
34 17 0.648 
34 18 0.625 
34 19 0.610 
34 20 0.602 
34 21 0.630 
34 22 0.673 
34 23 0.716 
34 24 0.756 
34 25 0.789 
35 0 0.000 
35 1 0.230 
35 2 0.384 
35 3 0.507 
35 4 0.606 
35 5 0.685 
35 6 0.748 
35 7 0.798 
35 8 0.838 
35 9 0.870 
35 10 0.896 
35 11 0.916 
35 12 0.931 
35 13 0.943 
35 14 0.952 
35 15 0.958 
35 16 0.962 
35 17 0.964 
35 18 0.966 
35 19 0.966 
35 20 0.965 
35 21 0.962 
35 22 0.958 
35 23 0.951 
35 24 0.944 
35 25 0.936 
36 0 0.000 
36 1 0.230 
36 2 0.384 
36 3 0.507 
36 4 0.606 
36 5 0.685 
36 6 0.748 
36 7 0.798 
36 8 0.838 
36 9 0.870 
36 10 0.896 
36 11 0.916 
36 12 0.931 
36 13 0.944 
36 14 0.953 
36 15 0.959 
36 16 0.964 
36 17 0.967 
36 18 0.969 
36 19 0.969 
36 20 0.970 
36 21 0.967 
36 22 0.963 
36 23 0.957 
36 24 0.949 
36 25 0.942 
37 0 0.000 
37 1 0.230 
37 2 0.384 
37 3 0.507 
37 4 0.606 
37 5 0.685 
37 6 0.748 
37 7 0.798 
37 8 0.837 
37 9 0.869 
37 10 0.892 
37 11 0.910 
37 12 0.921 
37 13 0.928 
37 14 0.930 
37 15 0.929 
37 16 0.926 
37 17 0.920 
37 18 0.913 
37 19 0.906 
37 20 0.898 
37 21 0.893 
37 22 0.889 
37 23 0.886 
37 24 0.885 
37 25 0.884 
38 0 0.000 
38 1 0.230 
38 2 0.384 
38 3 0.507 
38 4 0.606 
38 5 0.685 
38 6 0.747 
38 7 0.798 
38 8 0.837 
38 9 0.868 
38 10 0.891 
38 11 0.908 
38 12 0.918 
38 13 0.923 
38 14 0.923 
38 15 0.919 
38 16 0.912 
38 17 0.904 
38 18 0.894 
38 19 0.884 
38 20 0.875 
38 21 0.870 
38 22 0.868 
38 23 0.868 
38 24 0.869 
38 25 0.871 
39 0 0.000 
39 1 0.230 
39 2 0.384 
39 3 0.507 
39 4 0.606 
39 5 0.685 
39 6 0.748 
39 7 0.798 
39 8 0.838 
39 9 0.869 
39 10 0.893 
39 11 0.910 
39 12 0.922 
39 13 0.929 
39 14 0.931 
39 15 0.930 
39 16 0.925 
39 17 0.918 
39 18 0.911 
39 19 0.902 
39 20 0.894 
39 21 0.888 
39 22 0.885 
39 23 0.882 
39 24 0.881 
39 25 0.881 
40 0 0.000 
40 1 0.230 
40 2 0.384 
40 3 0.507 
40 4 0.606 
40 5 0.685 
40 6 0.748 
40 7 0.798 
40 8 0.838 
40 9 0.870 
40 10 0.895 
40 11 0.915 
40 12 0.930 
40 13 0.942 
40 14 0.950 
40 15 0.956 
40 16 0.960 
40 17 0.962 
40 18 0.963 
40 19 0.963 
40 20 0.962 
40 21 0.959 
40 22 0.954 
40 23 0.948 
40 24 0.941 
40 25 0.933 
41 0 0.000 
41 1 0.230 
41 2 0.384 
41 3 0.507 
41 4 0.606 
41 5 0.685 
41 6 0.748 
41 7 0.798 
41 8 0.838 
41 9 0.870 
41 10 0.895 
41 11 0.915 
41 12 0.930 
41 13 0.942 
41 14 0.950 
41 15 0.956 
41 16 0.960 
41 17 0.963 
41 18 0.964 
41 19 0.965 
41 20 0.964 
41 21 0.961 
41 22 0.957 
41 23 0.951 
41 24 0.943 
41 25 0.936 
42 0 0.000 
42 1 0.230 
42 2 0.384 
42 3 0.507 
42 4 0.606 
42 5 0.685 
42 6 0.748 
42 7 0.798 
42 8 0.838 
42 9 0.869 
42 10 0.894 
42 11 0.913 
42 12 0.927 
42 13 0.937 
42 14 0.944 
42 15 0.949 
42 16 0.951 
42 17 0.952 
42 18 0.951 
42 19 0.950 
42 20 0.948 
42 21 0.945 
42 22 0.939 
42 23 0.933 
42 24 0.927 
42 25 0.921 
43 0 0.000 
43 1 0.230 
43 2 0.384 
43 3 0.507 
43 4 0.606 
43 5 0.685 
43 6 0.748 
43 7 0.798 
43 8 0.838 
43 9 0.870 
43 10 0.895 
43 11 0.914 
43 12 0.929 
43 13 0.940 
43 14 0.948 
43 15 0.953 
43 16 0.957 
43 17 0.958 
43 18 0.959 
43 19 0.959 
43 20 0.958 
43 21 0.955 
43 22 0.950 
43 23 0.943 
43 24 0.936 
43 25 0.929 
44 0 0.000 
44 1 0.230 
44 2 0.384 
44 3 0.507 
44 4 0.606 
44 5 0.685 
44 6 0.748 
44 7 0.798 
44 8 0.838 
44 9 0.870 
44 10 0.895 
44 11 0.915 
44 12 0.931 
44 13 0.942 
44 14 0.951 
44 15 0.957 
44 16 0.961 
44 17 0.963 
44 18 0.964 
44 19 0.965 
44 20 0.964 
44 21 0.961 
44 22 0.957 
44 23 0.950 
44 24 0.943 
44 25 0.936 
45 0 0.000 
45 1 0.230 
45 2 0.384 
45 3 0.507 
45 4 0.606 
45 5 0.685 
45 6 0.748 
45 7 0.798 
45 8 0.838 
45 9 0.870 
45 10 0.894 
45 11 0.913 
45 12 0.926 
45 13 0.936 
45 14 0.941 
45 15 0.943 
45 16 0.942 
45 17 0.939 
45 18 0.935 
45 19 0.930 
45 20 0.924 
45 21 0.919 
45 22 0.913 
45 23 0.908 
45 24 0.904 
45 25 0.900 
46 0 0.000 
46 1 0.230 
46 2 0.384 
46 3 0.507 
46 4 0.606 
46 5 0.685 
46 6 0.748 
46 7 0.798 
46 8 0.838 
46 9 0.869 
46 10 0.893 
46 11 0.912 
46 12 0.924 
46 13 0.932 
46 14 0.936 
46 15 0.937 
46 16 0.934 
46 17 0.930 
46 18 0.924 
46 19 0.918 
46 20 0.911 
46 21 0.905 
46 22 0.901 
46 23 0.897 
46 24 0.894 
46 25 0.891 
47 0 0.000 
47 1 0.230 
47 2 0.384 
47 3 0.507 
47 4 0.606 
47 5 0.685 
47 6 0.748 
47 7 0.798 
47 8 0.838 
47 9 0.870 
47 10 0.894 
47 11 0.913 
47 12 0.927 
47 13 0.936 
47 14 0.942 
47 15 0.944 
47 16 0.944 
47 17 0.942 
47 18 0.938 
47 19 0.933 
47 20 0.928 
47 21 0.923 
47 22 0.917 
47 23 0.912 
47 24 0.907 
47 25 0.903 
