0 verbalA 25 0.030 0.898 0.366 0.002 0.924 0.482 0.099 0.636 0.250 0.029 0.297 0.809 0.179 0.827 0.046 0.804 0.047 0.370 0.943 0.664 0.941 0.881 0.604 0.247 0.902 0.987 0.187 0.117 0.976 0.287 0.040 0.989 0.042 0.960 0.768 0.002 0.880 0.683 0.978 0.674 0.462 0.980 0.002 0.015 0.958 0.891 0.938 0.961 0.260 0.076 0.233 0.776 0.649 0.376 0.979 0.236 0.007 0.348 0.899 0.281 
1 verbalB 25 0.559 0.565 0.977 0.002 0.876 0.278 0.622 0.931 0.901 0.006 0.487 0.840 0.739 0.984 0.002 0.972 0.531 0.538 0.968 0.968 0.096 0.964 0.051 0.861 0.984 0.034 0.325 0.040 0.083 0.648 0.914 0.095 0.271 0.922 0.760 0.003 0.847 0.072 0.672 0.387 0.855 0.797 0.003 0.010 0.954 0.987 0.924 0.990 0.441 0.917 0.987 0.739 0.285 0.795 0.987 0.957 0.023 0.555 0.538 0.993 
2 verbalC 25 0.641 0.982 0.342 0.002 0.640 0.978 0.224 0.700 0.236 0.004 0.776 0.749 0.468 0.967 0.004 0.966 0.370 0.885 0.901 0.317 0.930 0.866 0.336 0.971 0.193 0.715 0.758 0.209 0.923 0.679 0.096 0.898 0.058 0.935 0.593 0.002 0.331 0.170 0.009 0.028 0.843 0.846 0.002 0.993 0.888 0.338 0.979 0.950 0.976 0.347 0.876 0.868 0.917 0.145 0.607 0.117 0.007 0.931 0.102 0.694 
3 verbalA1 25 0.017 0.944 0.389 0.002 0.782 0.742 0.057 0.571 0.107 0.002 0.291 0.870 0.012 0.512 0.009 0.992 0.023 0.986 0.988 0.077 0.973 0.153 0.159 0.231 0.026 0.995 0.760 0.857 0.972 0.716 0.023 0.994 0.027 0.989 0.944 0.005 0.012 0.170 0.822 0.221 0.909 0.619 0.006 0.007 0.962 0.817 0.975 0.646 0.155 0.065 0.034 0.431 0.986 0.986 0.856 0.008 0.002 0.206 0.090 0.437 
4 verbalA2 25 0.007 0.943 0.007 0.002 0.994 0.474 0.073 0.976 0.993 0.014 0.202 0.591 0.984 0.613 0.025 0.915 0.305 0.009 0.969 0.140 0.142 0.993 0.860 0.008 0.957 0.993 0.496 0.942 0.979 0.076 0.008 0.994 0.096 0.552 0.271 0.002 0.970 0.469 0.975 0.994 0.015 0.953 0.002 0.004 0.995 0.305 0.869 0.377 0.008 0.051 0.034 0.191 0.667 0.137 0.936 0.918 0.004 0.089 0.467 0.004 
5 verbalB1 25 0.927 0.917 0.894 0.002 0.039 0.534 0.984 0.969 0.012 0.005 0.861 0.165 0.871 0.696 0.002 0.967 0.032 0.472 0.619 0.983 0.130 0.455 0.072 0.713 0.689 0.004 0.196 0.922 0.991 0.767 0.845 0.849 0.197 0.973 0.978 0.023 0.056 0.239 0.987 0.429 0.991 0.914 0.006 0.004 0.095 0.871 0.038 0.941 0.034 0.995 0.872 0.084 0.189 0.584 0.396 0.983 0.031 0.390 0.434 0.994 
6 verbalB2 25 0.427 0.215 0.993 0.002 0.940 0.015 0.982 0.374 0.596 0.005 0.684 0.946 0.969 0.972 0.002 0.920 0.987 0.931 0.951 0.988 0.006 0.986 0.656 0.562 0.993 0.004 0.118 0.009 0.004 0.837 0.978 0.004 0.762 0.452 0.462 0.002 0.976 0.008 0.858 0.156 0.983 0.396 0.003 0.011 0.766 0.985 0.896 0.992 0.087 0.876 0.994 0.541 0.261 0.985 0.973 0.993 0.013 0.212 0.318 0.994 
7 verbalC1 25 0.723 0.804 0.368 0.104 0.137 0.991 0.965 0.411 0.103 0.004 0.374 0.086 0.136 0.973 0.005 0.578 0.985 0.698 0.924 0.757 0.992 0.777 0.697 0.992 0.091 0.008 0.006 0.978 0.980 0.156 0.436 0.010 0.004 0.951 0.013 0.004 0.305 0.062 0.064 0.668 0.870 0.615 0.002 0.995 0.058 0.164 0.811 0.917 0.991 0.904 0.983 0.142 0.978 0.007 0.016 0.026 0.003 0.988 0.020 0.953 
8 verbalC2 25 0.991 0.521 0.986 0.004 0.859 0.993 0.007 0.613 0.662 0.048 0.338 0.493 0.724 0.933 0.550 0.925 0.061 0.985 0.012 0.106 0.505 0.893 0.856 0.985 0.368 0.990 0.992 0.008 0.974 0.036 0.092 0.979 0.705 0.595 0.969 0.003 0.827 0.303 0.013 0.007 0.073 0.911 0.002 0.995 0.729 0.044 0.955 0.576 0.995 0.105 0.992 0.980 0.037 0.006 0.974 0.011 0.004 0.835 0.714 0.008 
9 verbalA11 25 0.012 0.935 0.113 0.002 0.551 0.237 0.008 0.089 0.108 0.005 0.191 0.845 0.009 0.385 0.021 0.964 0.013 0.980 0.981 0.073 0.981 0.127 0.138 0.110 0.049 0.991 0.726 0.464 0.829 0.771 0.007 0.976 0.013 0.979 0.885 0.006 0.017 0.353 0.972 0.479 0.863 0.222 0.011 0.006 0.980 0.808 0.875 0.374 0.037 0.050 0.019 0.501 0.978 0.988 0.833 0.012 0.003 0.136 0.383 0.152 
10 verbalA12 25 0.011 0.962 0.303 0.002 0.773 0.396 0.009 0.186 0.114 0.004 0.267 0.957 0.010 0.261 0.009 0.959 0.012 0.982 0.963 0.427 0.991 0.193 0.106 0.071 0.116 0.994 0.844 0.206 0.932 0.822 0.010 0.990 0.011 0.971 0.945 0.008 0.028 0.568 0.964 0.283 0.955 0.328 0.009 0.006 0.961 0.935 0.960 0.396 0.039 0.181 0.012 0.766 0.977 0.992 0.768 0.019 0.003 0.104 0.824 0.150 
11 verbalA21 25 0.025 0.952 0.007 0.002 0.991 0.414 0.079 0.978 0.993 0.039 0.327 0.479 0.924 0.591 0.021 0.931 0.041 0.007 0.975 0.040 0.062 0.985 0.337 0.006 0.647 0.958 0.722 0.984 0.986 0.054 0.011 0.991 0.177 0.590 0.437 0.003 0.846 0.524 0.984 0.989 0.011 0.953 0.002 0.006 0.993 0.347 0.636 0.263 0.011 0.014 0.031 0.180 0.893 0.225 0.835 0.587 0.003 0.172 0.417 0.005 
12 verbalA22 25 0.007 0.962 0.006 0.003 0.985 0.210 0.039 0.915 0.986 0.028 0.100 0.802 0.860 0.616 0.017 0.950 0.086 0.007 0.947 0.019 0.472 0.989 0.840 0.008 0.923 0.977 0.294 0.982 0.964 0.151 0.006 0.993 0.039 0.526 0.232 0.002 0.898 0.227 0.987 0.990 0.012 0.920 0.002 0.005 0.994 0.055 0.904 0.348 0.010 0.102 0.099 0.056 0.863 0.223 0.692 0.705 0.003 0.221 0.263 0.006 
13 verbalB11 25 0.948 0.956 0.815 0.002 0.045 0.382 0.975 0.977 0.011 0.004 0.775 0.014 0.983 0.634 0.002 0.932 0.008 0.031 0.564 0.972 0.262 0.347 0.140 0.140 0.813 0.007 0.518 0.912 0.987 0.938 0.152 0.988 0.230 0.973 0.930 0.012 0.040 0.414 0.989 0.606 0.991 0.705 0.005 0.004 0.036 0.665 0.017 0.865 0.014 0.990 0.461 0.101 0.303 0.191 0.642 0.993 0.008 0.282 0.395 0.991 
14 verbalB12 25 0.903 0.797 0.842 0.003 0.020 0.572 0.940 0.964 0.012 0.007 0.775 0.049 0.925 0.519 0.002 0.979 0.009 0.090 0.876 0.976 0.117 0.230 0.031 0.422 0.703 0.020 0.272 0.816 0.980 0.770 0.730 0.909 0.368 0.960 0.885 0.012 0.110 0.435 0.952 0.328 0.984 0.785 0.014 0.005 0.123 0.939 0.040 0.856 0.013 0.992 0.457 0.093 0.492 0.451 0.497 0.966 0.011 0.288 0.351 0.992 
15 verbalB21 25 0.564 0.470 0.989 0.002 0.930 0.013 0.977 0.046 0.071 0.007 0.395 0.967 0.990 0.767 0.004 0.983 0.867 0.904 0.690 0.954 0.007 0.981 0.719 0.040 0.991 0.006 0.253 0.008 0.006 0.978 0.962 0.006 0.935 0.551 0.967 0.003 0.982 0.012 0.948 0.051 0.989 0.273 0.003 0.007 0.836 0.987 0.144 0.979 0.031 0.962 0.983 0.531 0.168 0.966 0.638 0.989 0.012 0.046 0.104 0.993 
16 verbalB22 25 0.318 0.126 0.990 0.002 0.851 0.026 0.982 0.606 0.214 0.012 0.618 0.828 0.991 0.952 0.002 0.941 0.944 0.305 0.954 0.984 0.008 0.983 0.738 0.085 0.992 0.006 0.130 0.016 0.006 0.868 0.959 0.007 0.655 0.860 0.847 0.002 0.964 0.010 0.956 0.166 0.976 0.613 0.003 0.006 0.764 0.987 0.475 0.987 0.031 0.972 0.980 0.279 0.132 0.849 0.976 0.993 0.008 0.066 0.223 0.993 
17 verbalC11 25 0.051 0.309 0.760 0.257 0.212 0.956 0.973 0.713 0.066 0.006 0.331 0.072 0.025 0.948 0.009 0.714 0.989 0.940 0.772 0.496 0.991 0.950 0.862 0.983 0.033 0.008 0.006 0.985 0.965 0.064 0.621 0.034 0.008 0.861 0.006 0.003 0.345 0.187 0.008 0.859 0.100 0.255 0.002 0.993 0.035 0.099 0.939 0.892 0.993 0.161 0.985 0.060 0.882 0.026 0.045 0.014 0.003 0.983 0.022 0.639 
18 verbalC12 25 0.568 0.723 0.261 0.408 0.128 0.976 0.955 0.323 0.338 0.004 0.187 0.063 0.094 0.979 0.016 0.581 0.938 0.461 0.922 0.310 0.990 0.977 0.608 0.992 0.028 0.009 0.008 0.883 0.911 0.134 0.327 0.018 0.009 0.814 0.008 0.005 0.273 0.106 0.014 0.894 0.233 0.132 0.002 0.993 0.074 0.051 0.674 0.918 0.990 0.666 0.984 0.130 0.938 0.013 0.057 0.024 0.005 0.985 0.026 0.868 
19 verbalC21 25 0.993 0.281 0.940 0.003 0.745 0.978 0.006 0.215 0.977 0.010 0.441 0.154 0.346 0.986 0.745 0.458 0.012 0.962 0.013 0.051 0.243 0.085 0.324 0.936 0.208 0.991 0.994 0.008 0.558 0.026 0.163 0.933 0.963 0.328 0.960 0.007 0.246 0.367 0.008 0.008 0.518 0.856 0.002 0.994 0.508 0.042 0.733 0.347 0.992 0.012 0.979 0.989 0.015 0.006 0.971 0.012 0.004 0.205 0.978 0.016 
20 verbalC22 25 0.959 0.114 0.980 0.003 0.432 0.916 0.011 0.598 0.978 0.007 0.479 0.141 0.361 0.990 0.270 0.567 0.123 0.990 0.033 0.565 0.426 0.668 0.319 0.987 0.661 0.985 0.992 0.005 0.918 0.046 0.228 0.189 0.443 0.569 0.853 0.005 0.549 0.132 0.006 0.008 0.110 0.984 0.002 0.994 0.145 0.052 0.902 0.128 0.992 0.298 0.992 0.983 0.011 0.008 0.977 0.008 0.006 0.861 0.984 0.010 
21 visualA11 25 0.036 0.964 0.014 0.003 0.659 0.100 0.005 0.513 0.964 0.004 0.388 0.851 0.025 0.117 0.004 0.890 0.005 0.649 0.992 0.017 0.875 0.038 0.184 0.008 0.049 0.992 0.929 0.982 0.992 0.786 0.004 0.995 0.014 0.858 0.762 0.005 0.034 0.674 0.989 0.691 0.168 0.378 0.004 0.004 0.985 0.618 0.948 0.025 0.005 0.013 0.006 0.309 0.993 0.929 0.145 0.006 0.002 0.102 0.920 0.004 
22 visualA12 25 0.011 0.972 0.005 0.002 0.532 0.347 0.005 0.945 0.590 0.003 0.104 0.986 0.015 0.405 0.003 0.987 0.004 0.665 0.972 0.093 0.982 0.065 0.043 0.005 0.098 0.995 0.992 0.984 0.995 0.787 0.004 0.996 0.006 0.984 0.988 0.003 0.005 0.844 0.954 0.971 0.650 0.758 0.002 0.003 0.961 0.538 0.464 0.072 0.005 0.585 0.026 0.132 0.991 0.991 0.404 0.003 0.002 0.114 0.763 0.011 
23 visualA21 25 0.027 0.938 0.003 0.002 0.982 0.211 0.087 0.953 0.994 0.037 0.438 0.884 0.979 0.301 0.004 0.928 0.010 0.006 0.968 0.028 0.016 0.985 0.741 0.003 0.787 0.991 0.812 0.991 0.994 0.102 0.007 0.995 0.195 0.118 0.150 0.002 0.971 0.699 0.971 0.995 0.006 0.961 0.002 0.004 0.991 0.043 0.943 0.229 0.007 0.010 0.025 0.165 0.877 0.094 0.339 0.595 0.003 0.233 0.851 0.004 
24 visualA22 25 0.016 0.977 0.003 0.002 0.979 0.176 0.065 0.947 0.555 0.012 0.048 0.619 0.790 0.094 0.007 0.981 0.161 0.010 0.952 0.009 0.967 0.992 0.934 0.005 0.651 0.995 0.431 0.989 0.971 0.252 0.003 0.995 0.017 0.786 0.751 0.003 0.473 0.059 0.995 0.994 0.008 0.747 0.002 0.003 0.994 0.014 0.934 0.123 0.007 0.029 0.060 0.038 0.855 0.442 0.984 0.165 0.002 0.470 0.067 0.004 
25 visualB11 25 0.849 0.927 0.402 0.002 0.025 0.236 0.995 0.846 0.004 0.004 0.428 0.040 0.993 0.137 0.002 0.856 0.177 0.144 0.110 0.986 0.459 0.618 0.950 0.076 0.881 0.005 0.082 0.968 0.946 0.990 0.134 0.834 0.248 0.864 0.967 0.016 0.129 0.237 0.977 0.193 0.995 0.704 0.004 0.003 0.021 0.331 0.007 0.885 0.005 0.996 0.955 0.019 0.282 0.210 0.031 0.994 0.008 0.309 0.177 0.996 
26 visualB12 25 0.923 0.662 0.991 0.002 0.091 0.125 0.994 0.904 0.004 0.005 0.934 0.793 0.934 0.803 0.002 0.978 0.283 0.512 0.523 0.984 0.022 0.839 0.173 0.758 0.989 0.004 0.043 0.254 0.721 0.948 0.856 0.035 0.278 0.968 0.930 0.004 0.669 0.173 0.979 0.282 0.990 0.934 0.005 0.004 0.288 0.907 0.078 0.983 0.070 0.995 0.984 0.016 0.025 0.866 0.717 0.991 0.014 0.258 0.062 0.996 
27 visualB21 25 0.885 0.742 0.988 0.002 0.805 0.018 0.996 0.012 0.010 0.004 0.523 0.985 0.987 0.356 0.005 0.995 0.909 0.948 0.140 0.963 0.007 0.889 0.812 0.052 0.992 0.004 0.032 0.016 0.005 0.989 0.898 0.007 0.934 0.810 0.992 0.003 0.967 0.006 0.972 0.008 0.996 0.397 0.002 0.004 0.972 0.991 0.049 0.985 0.011 0.987 0.954 0.344 0.495 0.976 0.469 0.993 0.004 0.055 0.023 0.996 
28 visualB22 25 0.100 0.217 0.986 0.002 0.859 0.041 0.991 0.905 0.952 0.005 0.552 0.770 0.990 0.970 0.002 0.949 0.755 0.236 0.991 0.992 0.029 0.989 0.517 0.066 0.992 0.007 0.617 0.052 0.014 0.960 0.937 0.024 0.119 0.904 0.686 0.002 0.709 0.017 0.976 0.689 0.980 0.760 0.003 0.003 0.860 0.991 0.165 0.979 0.013 0.984 0.984 0.468 0.359 0.915 0.987 0.978 0.005 0.246 0.894 0.995 
29 visualC11 25 0.117 0.286 0.329 0.224 0.251 0.993 0.854 0.656 0.114 0.004 0.340 0.044 0.009 0.943 0.006 0.622 0.987 0.931 0.885 0.634 0.992 0.949 0.825 0.989 0.019 0.039 0.004 0.992 0.960 0.033 0.217 0.120 0.007 0.815 0.003 0.005 0.228 0.159 0.004 0.906 0.080 0.184 0.002 0.995 0.037 0.030 0.939 0.826 0.996 0.344 0.983 0.027 0.953 0.029 0.065 0.009 0.002 0.995 0.011 0.685 
30 visualC12 25 0.225 0.033 0.745 0.095 0.041 0.990 0.818 0.615 0.910 0.003 0.257 0.067 0.008 0.981 0.015 0.419 0.990 0.972 0.934 0.901 0.994 0.863 0.931 0.990 0.092 0.252 0.004 0.939 0.973 0.035 0.176 0.015 0.006 0.737 0.003 0.010 0.206 0.134 0.004 0.409 0.009 0.830 0.002 0.995 0.054 0.015 0.989 0.713 0.996 0.132 0.992 0.073 0.931 0.005 0.063 0.007 0.002 0.996 0.690 0.112 
31 visualC21 25 0.988 0.184 0.860 0.002 0.946 0.978 0.012 0.166 0.866 0.011 0.575 0.165 0.397 0.981 0.507 0.545 0.474 0.988 0.006 0.123 0.045 0.760 0.649 0.991 0.064 0.994 0.994 0.007 0.015 0.021 0.715 0.825 0.994 0.064 0.909 0.010 0.457 0.052 0.005 0.006 0.933 0.248 0.002 0.994 0.125 0.045 0.508 0.566 0.996 0.019 0.986 0.988 0.006 0.005 0.962 0.015 0.003 0.412 0.633 0.080 
32 visualC22 25 0.991 0.090 0.945 0.002 0.217 0.980 0.011 0.762 0.987 0.004 0.250 0.095 0.356 0.989 0.163 0.782 0.217 0.985 0.120 0.684 0.911 0.699 0.113 0.986 0.702 0.982 0.992 0.009 0.982 0.032 0.132 0.125 0.315 0.764 0.917 0.005 0.309 0.062 0.004 0.007 0.159 0.989 0.002 0.995 0.177 0.052 0.536 0.090 0.996 0.785 0.995 0.989 0.012 0.005 0.927 0.006 0.005 0.943 0.985 0.011 
