0 verbalA 25 0.996 0.984 0.522 0.979 0.037 0.942 0.070 0.119 0.913 0.006 0.002 0.848 0.425 0.002 0.973 0.988 0.142 0.625 0.982 0.434 0.027 0.121 0.002 0.915 0.705 0.176 0.705 0.928 0.664 0.247 0.765 0.966 0.501 0.002 0.307 0.681 0.915 0.989 0.796 0.735 0.737 0.960 0.891 0.963 0.942 0.711 0.109 0.170 0.332 0.131 0.004 0.949 0.874 0.918 0.002 0.838 0.924 0.484 0.961 0.429 
1 verbalB 25 0.996 0.994 0.027 0.976 0.420 0.661 0.180 0.326 0.040 0.016 0.002 0.988 0.985 0.002 0.947 0.991 0.017 0.053 0.992 0.404 0.002 0.194 0.003 0.982 0.987 0.947 0.770 0.982 0.974 0.937 0.943 0.938 0.601 0.002 0.906 0.973 0.954 0.798 0.074 0.975 0.955 0.989 0.631 0.594 0.874 0.123 0.424 0.586 0.989 0.013 0.008 0.371 0.977 0.929 0.002 0.985 0.991 0.013 0.955 0.935 
2 verbalC 25 0.998 0.975 0.964 0.991 0.059 0.762 0.774 0.777 0.870 0.011 0.002 0.760 0.776 0.002 0.986 0.927 0.952 0.034 0.971 0.606 0.002 0.616 0.002 0.937 0.959 0.341 0.412 0.902 0.985 0.296 0.691 0.989 0.324 0.002 0.989 0.977 0.200 0.917 0.988 0.883 0.938 0.080 0.861 0.665 0.814 0.722 0.987 0.616 0.088 0.979 0.047 0.171 0.008 0.462 0.002 0.484 0.496 0.084 0.796 0.766 
3 verbalA1 25 0.971 0.974 0.111 0.996 0.635 0.958 0.131 0.047 0.949 0.002 0.003 0.009 0.005 0.003 0.976 0.991 0.993 0.989 0.501 0.919 0.988 0.011 0.002 0.368 0.991 0.047 0.868 0.993 0.013 0.004 0.612 0.979 0.956 0.002 0.058 0.007 0.994 0.822 0.989 0.446 0.715 0.995 0.913 0.992 0.982 0.984 0.074 0.735 0.990 0.860 0.027 0.670 0.958 0.485 0.002 0.990 0.980 0.994 0.990 0.004 
4 verbalA2 25 0.989 0.971 0.822 0.989 0.377 0.793 0.111 0.065 0.976 0.003 0.002 0.978 0.005 0.003 0.005 0.754 0.980 0.315 0.662 0.904 0.968 0.746 0.002 0.222 0.800 0.009 0.635 0.997 0.913 0.004 0.374 0.886 0.990 0.002 0.011 0.994 0.008 0.944 0.993 0.984 0.895 0.108 0.758 0.086 0.993 0.966 0.088 0.013 0.008 0.058 0.005 0.866 0.909 0.984 0.002 0.008 0.943 0.968 0.996 0.009 
5 verbalB1 25 0.994 0.996 0.009 0.945 0.994 0.958 0.354 0.849 0.006 0.010 0.002 0.556 0.995 0.002 0.957 0.991 0.234 0.981 0.994 0.016 0.002 0.008 0.890 0.899 0.128 0.973 0.983 0.997 0.737 0.004 0.873 0.889 0.140 0.002 0.972 0.994 0.990 0.774 0.005 0.919 0.038 0.984 0.762 0.042 0.456 0.005 0.013 0.075 0.943 0.015 0.066 0.022 0.986 0.979 0.002 0.980 0.994 0.014 0.995 0.859 
6 verbalB2 25 0.996 0.997 0.007 0.976 0.004 0.940 0.051 0.989 0.013 0.036 0.002 0.991 0.212 0.002 0.953 0.841 0.007 0.747 0.983 0.916 0.002 0.046 0.116 0.988 0.993 0.993 0.831 0.944 0.166 0.995 0.957 0.959 0.928 0.002 0.138 0.794 0.885 0.962 0.503 0.994 0.295 0.943 0.208 0.009 0.203 0.985 0.067 0.945 0.994 0.010 0.003 0.746 0.993 0.022 0.002 0.995 0.923 0.005 0.289 0.945 
7 verbalC1 25 0.998 0.995 0.292 0.985 0.993 0.806 0.818 0.919 0.365 0.008 0.002 0.243 0.914 0.002 0.994 0.989 0.962 0.019 0.090 0.982 0.002 0.977 0.002 0.501 0.230 0.941 0.867 0.988 0.992 0.994 0.779 0.961 0.869 0.002 0.993 0.923 0.102 0.991 0.829 0.878 0.994 0.003 0.580 0.994 0.232 0.061 0.994 0.988 0.011 0.994 0.378 0.026 0.009 0.547 0.003 0.716 0.125 0.032 0.952 0.990 
8 verbalC2 25 0.998 0.983 0.992 0.998 0.005 0.808 0.709 0.890 0.419 0.005 0.002 0.992 0.996 0.003 0.984 0.949 0.845 0.006 0.991 0.081 0.002 0.870 0.002 0.926 0.981 0.230 0.669 0.996 0.903 0.028 0.978 0.952 0.013 0.002 0.878 0.960 0.971 0.938 0.991 0.288 0.882 0.196 0.455 0.977 0.948 0.892 0.921 0.657 0.006 0.994 0.018 0.973 0.004 0.820 0.002 0.945 0.036 0.204 0.018 0.994 
9 verbalA11 25 0.978 0.987 0.283 0.998 0.682 0.963 0.062 0.171 0.958 0.002 0.002 0.014 0.006 0.004 0.558 0.989 0.990 0.987 0.031 0.747 0.986 0.010 0.002 0.126 0.898 0.111 0.772 0.997 0.020 0.005 0.067 0.965 0.944 0.002 0.016 0.015 0.990 0.156 0.985 0.956 0.479 0.993 0.880 0.539 0.967 0.984 0.976 0.853 0.987 0.959 0.007 0.080 0.257 0.560 0.002 0.778 0.981 0.992 0.728 0.005 
10 verbalA12 25 0.974 0.985 0.676 0.997 0.137 0.979 0.021 0.030 0.926 0.002 0.003 0.006 0.006 0.005 0.852 0.985 0.983 0.986 0.189 0.306 0.985 0.010 0.002 0.251 0.992 0.062 0.528 0.994 0.021 0.005 0.113 0.949 0.960 0.002 0.014 0.006 0.991 0.572 0.783 0.069 0.489 0.994 0.903 0.985 0.806 0.989 0.729 0.090 0.987 0.874 0.012 0.898 0.962 0.520 0.002 0.987 0.843 0.993 0.770 0.009 
11 verbalA21 25 0.979 0.982 0.541 0.975 0.742 0.958 0.143 0.176 0.965 0.004 0.002 0.991 0.006 0.009 0.006 0.801 0.985 0.538 0.141 0.783 0.970 0.844 0.002 0.373 0.153 0.006 0.561 0.998 0.487 0.005 0.233 0.322 0.982 0.002 0.020 0.991 0.004 0.987 0.993 0.992 0.955 0.016 0.502 0.035 0.993 0.804 0.038 0.018 0.013 0.139 0.005 0.964 0.711 0.971 0.002 0.008 0.910 0.891 0.992 0.015 
12 verbalA22 25 0.991 0.970 0.916 0.994 0.262 0.792 0.032 0.169 0.977 0.004 0.002 0.978 0.006 0.004 0.006 0.504 0.988 0.539 0.192 0.620 0.970 0.934 0.002 0.133 0.240 0.005 0.108 0.998 0.766 0.005 0.156 0.635 0.989 0.003 0.011 0.993 0.004 0.968 0.991 0.990 0.982 0.033 0.921 0.013 0.992 0.857 0.269 0.011 0.034 0.067 0.013 0.889 0.479 0.975 0.003 0.008 0.559 0.983 0.991 0.014 
13 verbalB11 25 0.987 0.991 0.028 0.996 0.987 0.549 0.487 0.304 0.011 0.034 0.002 0.360 0.993 0.002 0.694 0.988 0.086 0.773 0.992 0.096 0.002 0.006 0.433 0.540 0.939 0.990 0.908 0.993 0.967 0.006 0.475 0.865 0.145 0.002 0.890 0.992 0.988 0.471 0.004 0.665 0.287 0.843 0.713 0.063 0.551 0.007 0.099 0.028 0.907 0.019 0.082 0.179 0.987 0.956 0.002 0.984 0.992 0.010 0.956 0.789 
14 verbalB12 25 0.994 0.994 0.051 0.967 0.987 0.920 0.220 0.302 0.013 0.026 0.002 0.955 0.992 0.002 0.970 0.986 0.132 0.417 0.993 0.096 0.002 0.009 0.247 0.671 0.954 0.974 0.900 0.997 0.740 0.006 0.843 0.980 0.096 0.002 0.868 0.993 0.952 0.485 0.006 0.300 0.262 0.841 0.869 0.602 0.764 0.006 0.062 0.036 0.252 0.021 0.079 0.460 0.980 0.932 0.003 0.971 0.992 0.008 0.962 0.934 
15 verbalB21 25 0.992 0.997 0.009 0.985 0.005 0.289 0.063 0.986 0.008 0.017 0.002 0.988 0.403 0.002 0.161 0.408 0.005 0.984 0.898 0.993 0.002 0.018 0.310 0.979 0.994 0.993 0.717 0.990 0.606 0.993 0.946 0.870 0.783 0.002 0.016 0.742 0.963 0.101 0.064 0.993 0.051 0.874 0.293 0.005 0.030 0.992 0.013 0.881 0.994 0.009 0.003 0.157 0.990 0.017 0.002 0.992 0.685 0.006 0.092 0.602 
16 verbalB22 25 0.989 0.991 0.008 0.899 0.007 0.600 0.072 0.984 0.025 0.060 0.002 0.990 0.310 0.002 0.184 0.594 0.007 0.797 0.941 0.856 0.002 0.039 0.040 0.984 0.992 0.992 0.329 0.961 0.209 0.991 0.972 0.805 0.983 0.002 0.039 0.845 0.786 0.845 0.157 0.988 0.190 0.823 0.157 0.006 0.295 0.981 0.024 0.676 0.992 0.011 0.004 0.581 0.989 0.020 0.002 0.992 0.791 0.006 0.135 0.957 
17 verbalC11 25 0.998 0.997 0.641 0.988 0.991 0.591 0.862 0.493 0.658 0.006 0.002 0.019 0.969 0.002 0.993 0.964 0.124 0.009 0.678 0.982 0.002 0.409 0.002 0.607 0.396 0.976 0.096 0.978 0.992 0.993 0.102 0.970 0.610 0.002 0.992 0.094 0.298 0.741 0.125 0.114 0.993 0.004 0.867 0.981 0.017 0.031 0.993 0.928 0.008 0.993 0.555 0.015 0.010 0.969 0.003 0.837 0.453 0.013 0.674 0.970 
18 verbalC12 25 0.997 0.997 0.155 0.947 0.989 0.521 0.889 0.268 0.186 0.009 0.002 0.025 0.934 0.002 0.990 0.979 0.566 0.015 0.036 0.672 0.002 0.888 0.002 0.611 0.021 0.972 0.353 0.994 0.992 0.993 0.845 0.731 0.948 0.002 0.993 0.388 0.024 0.985 0.298 0.126 0.993 0.005 0.119 0.993 0.049 0.035 0.992 0.974 0.008 0.993 0.622 0.050 0.008 0.097 0.003 0.408 0.032 0.040 0.194 0.985 
19 verbalC21 25 0.998 0.994 0.991 0.998 0.006 0.794 0.565 0.852 0.327 0.008 0.002 0.988 0.994 0.003 0.983 0.954 0.752 0.008 0.988 0.041 0.002 0.597 0.002 0.823 0.990 0.656 0.177 0.997 0.764 0.035 0.965 0.808 0.013 0.002 0.925 0.896 0.978 0.898 0.988 0.057 0.806 0.029 0.327 0.970 0.896 0.969 0.972 0.849 0.006 0.991 0.036 0.978 0.007 0.906 0.002 0.964 0.019 0.435 0.007 0.992 
20 verbalC22 25 0.998 0.991 0.992 0.998 0.004 0.682 0.484 0.920 0.190 0.007 0.002 0.986 0.995 0.003 0.977 0.940 0.415 0.010 0.989 0.255 0.002 0.716 0.002 0.877 0.991 0.302 0.214 0.998 0.800 0.041 0.980 0.634 0.011 0.002 0.791 0.785 0.978 0.598 0.985 0.068 0.431 0.028 0.777 0.987 0.871 0.963 0.973 0.794 0.006 0.990 0.015 0.895 0.006 0.988 0.002 0.909 0.023 0.498 0.006 0.990 
21 visualA11 25 0.958 0.983 0.116 0.997 0.741 0.874 0.071 0.029 0.921 0.002 0.003 0.018 0.005 0.003 0.813 0.992 0.980 0.991 0.140 0.909 0.992 0.007 0.002 0.118 0.971 0.248 0.904 0.997 0.027 0.004 0.448 0.941 0.979 0.002 0.019 0.015 0.995 0.501 0.982 0.446 0.962 0.994 0.776 0.950 0.978 0.989 0.411 0.899 0.992 0.476 0.010 0.525 0.980 0.911 0.002 0.986 0.993 0.996 0.990 0.003 
22 visualA12 25 0.966 0.979 0.392 0.996 0.450 0.971 0.052 0.023 0.942 0.002 0.002 0.009 0.005 0.003 0.958 0.987 0.986 0.993 0.350 0.771 0.993 0.003 0.002 0.178 0.990 0.029 0.860 0.995 0.013 0.003 0.309 0.958 0.989 0.002 0.014 0.019 0.995 0.700 0.900 0.109 0.541 0.994 0.927 0.980 0.982 0.989 0.058 0.121 0.985 0.581 0.009 0.886 0.987 0.596 0.002 0.988 0.990 0.996 0.994 0.002 
23 visualA21 25 0.980 0.982 0.800 0.972 0.664 0.816 0.127 0.081 0.985 0.003 0.002 0.981 0.004 0.006 0.004 0.882 0.981 0.421 0.024 0.959 0.992 0.941 0.002 0.111 0.261 0.006 0.516 0.998 0.872 0.003 0.259 0.336 0.984 0.002 0.007 0.994 0.003 0.952 0.995 0.994 0.986 0.030 0.596 0.027 0.993 0.863 0.060 0.015 0.030 0.012 0.005 0.986 0.865 0.986 0.002 0.005 0.863 0.990 0.997 0.003 
24 visualA22 25 0.983 0.954 0.976 0.994 0.809 0.953 0.047 0.054 0.990 0.002 0.002 0.960 0.004 0.010 0.006 0.944 0.989 0.319 0.022 0.394 0.994 0.939 0.002 0.127 0.163 0.004 0.500 0.998 0.488 0.003 0.177 0.489 0.988 0.002 0.005 0.995 0.004 0.943 0.994 0.992 0.990 0.520 0.746 0.112 0.994 0.186 0.250 0.042 0.161 0.017 0.009 0.994 0.950 0.988 0.002 0.007 0.461 0.992 0.997 0.003 
25 visualB11 25 0.995 0.996 0.006 0.936 0.993 0.948 0.439 0.898 0.004 0.013 0.002 0.557 0.997 0.002 0.951 0.991 0.074 0.969 0.994 0.010 0.002 0.004 0.929 0.936 0.204 0.985 0.986 0.997 0.745 0.004 0.908 0.810 0.058 0.002 0.972 0.995 0.986 0.717 0.003 0.948 0.077 0.988 0.712 0.014 0.431 0.003 0.005 0.123 0.973 0.007 0.033 0.031 0.995 0.986 0.002 0.986 0.994 0.003 0.992 0.900 
26 visualB12 25 0.994 0.994 0.028 0.947 0.989 0.891 0.139 0.671 0.004 0.009 0.002 0.860 0.997 0.002 0.982 0.991 0.028 0.834 0.995 0.016 0.002 0.006 0.905 0.913 0.929 0.981 0.985 0.998 0.880 0.004 0.929 0.964 0.054 0.002 0.851 0.995 0.985 0.146 0.004 0.657 0.036 0.993 0.905 0.039 0.577 0.003 0.008 0.057 0.959 0.009 0.027 0.031 0.993 0.955 0.002 0.976 0.993 0.006 0.995 0.772 
27 visualB21 25 0.993 0.997 0.014 0.962 0.003 0.642 0.112 0.992 0.006 0.055 0.002 0.995 0.665 0.002 0.395 0.706 0.004 0.979 0.957 0.985 0.002 0.058 0.046 0.990 0.994 0.995 0.712 0.989 0.408 0.995 0.980 0.783 0.816 0.002 0.030 0.852 0.976 0.435 0.089 0.988 0.244 0.988 0.182 0.011 0.103 0.958 0.009 0.959 0.994 0.003 0.003 0.297 0.995 0.034 0.002 0.997 0.881 0.003 0.078 0.903 
28 visualB22 25 0.998 0.997 0.102 0.983 0.004 0.919 0.145 0.965 0.041 0.036 0.002 0.995 0.441 0.002 0.926 0.967 0.006 0.170 0.977 0.168 0.002 0.184 0.008 0.990 0.994 0.995 0.639 0.954 0.641 0.994 0.984 0.836 0.763 0.002 0.157 0.771 0.915 0.950 0.804 0.988 0.462 0.962 0.046 0.020 0.797 0.986 0.021 0.936 0.995 0.005 0.002 0.969 0.995 0.020 0.002 0.997 0.712 0.003 0.303 0.976 
29 visualC11 25 0.998 0.997 0.443 0.992 0.994 0.796 0.772 0.722 0.274 0.004 0.002 0.054 0.970 0.002 0.994 0.987 0.606 0.006 0.316 0.988 0.002 0.960 0.002 0.488 0.398 0.961 0.751 0.980 0.995 0.993 0.537 0.977 0.665 0.002 0.995 0.581 0.319 0.972 0.606 0.489 0.994 0.003 0.533 0.979 0.122 0.058 0.996 0.979 0.004 0.996 0.446 0.016 0.003 0.842 0.002 0.639 0.302 0.014 0.926 0.989 
30 visualC12 25 0.998 0.997 0.166 0.984 0.992 0.723 0.780 0.479 0.112 0.004 0.002 0.088 0.991 0.002 0.992 0.986 0.804 0.007 0.022 0.949 0.002 0.978 0.002 0.533 0.113 0.961 0.810 0.992 0.994 0.993 0.928 0.887 0.904 0.002 0.994 0.616 0.232 0.973 0.785 0.242 0.994 0.002 0.157 0.990 0.207 0.205 0.996 0.974 0.003 0.996 0.318 0.051 0.003 0.126 0.002 0.313 0.078 0.156 0.618 0.994 
31 visualC21 25 0.998 0.993 0.995 0.998 0.004 0.718 0.566 0.864 0.189 0.006 0.002 0.982 0.995 0.003 0.988 0.971 0.797 0.009 0.987 0.027 0.002 0.887 0.002 0.786 0.987 0.647 0.355 0.997 0.924 0.014 0.982 0.924 0.007 0.002 0.959 0.974 0.982 0.962 0.994 0.056 0.817 0.014 0.145 0.955 0.943 0.967 0.987 0.898 0.003 0.996 0.043 0.990 0.002 0.954 0.002 0.966 0.015 0.187 0.006 0.993 
32 visualC22 25 0.998 0.988 0.993 0.998 0.003 0.586 0.574 0.971 0.635 0.006 0.002 0.989 0.995 0.003 0.984 0.900 0.455 0.013 0.978 0.744 0.002 0.933 0.002 0.827 0.983 0.217 0.444 0.998 0.875 0.124 0.984 0.878 0.009 0.002 0.880 0.929 0.948 0.255 0.993 0.319 0.364 0.015 0.963 0.978 0.593 0.974 0.992 0.955 0.003 0.996 0.022 0.669 0.002 0.981 0.002 0.741 0.047 0.699 0.006 0.993 
