0 0 0.000 0.000 0.000 0.000 0.000 0.000 0.000 0.000 0.000 0.000 0.000 0.000 0.000 0.000 0.000 0.000 0.000 0.000 0.000 0.000 0.000 0.000 0.000 0.000 0.000 0.000 0.000 0.000 0.000 0.000 0.000 0.000 0.000 0.000 0.000 0.000 0.000 0.000 0.000 0.000 0.000 0.000 0.000 0.000 0.000 0.000 0.000 0.000 0.000 0.000 0.000 0.000 0.000 0.000 0.000 0.000 0.000 0.000 0.000 0.000 
0 1 0.153 0.161 0.162 0.155 0.145 0.155 0.149 0.144 0.150 0.156 0.154 0.158 0.134 0.143 0.141 0.147 0.147 0.143 0.139 0.148 0.161 0.163 0.163 0.165 0.154 0.148 0.145 0.162 0.154 0.149 0.148 0.144 0.148 0.142 0.149 0.138 0.141 0.138 0.147 0.147 0.154 0.163 0.154 0.158 0.141 0.151 0.139 0.141 0.153 0.143 0.147 0.145 0.134 0.139 0.137 0.136 0.145 0.146 0.138 0.143 
0 2 0.124 0.131 0.129 0.129 0.112 0.124 0.117 0.111 0.113 0.119 0.117 0.124 0.099 0.107 0.105 0.113 0.109 0.104 0.102 0.111 0.143 0.145 0.143 0.144 0.123 0.117 0.113 0.128 0.124 0.117 0.122 0.116 0.110 0.108 0.111 0.103 0.108 0.107 0.111 0.111 0.131 0.135 0.128 0.129 0.108 0.114 0.104 0.106 0.118 0.112 0.114 0.113 0.101 0.103 0.101 0.103 0.108 0.108 0.103 0.108 
0 3 0.103 0.109 0.106 0.110 0.089 0.097 0.092 0.088 0.088 0.091 0.091 0.096 0.074 0.079 0.077 0.084 0.080 0.076 0.076 0.082 0.126 0.126 0.123 0.120 0.096 0.093 0.089 0.099 0.099 0.093 0.098 0.091 0.081 0.080 0.083 0.076 0.082 0.082 0.082 0.082 0.113 0.114 0.110 0.110 0.086 0.090 0.082 0.085 0.092 0.089 0.088 0.088 0.075 0.076 0.075 0.077 0.080 0.081 0.077 0.080 
0 4 0.121 0.129 0.121 0.129 0.100 0.106 0.102 0.109 0.073 0.073 0.073 0.075 0.069 0.068 0.060 0.064 0.057 0.055 0.059 0.063 0.094 0.092 0.091 0.088 0.069 0.067 0.066 0.071 0.073 0.068 0.072 0.066 0.056 0.056 0.058 0.052 0.059 0.060 0.058 0.058 0.085 0.085 0.082 0.082 0.063 0.064 0.058 0.062 0.068 0.066 0.065 0.066 0.053 0.055 0.053 0.055 0.057 0.057 0.055 0.056 
0 5 0.181 0.198 0.179 0.187 0.177 0.172 0.180 0.196 0.061 0.057 0.058 0.058 0.095 0.084 0.051 0.053 0.040 0.039 0.047 0.051 0.065 0.063 0.062 0.062 0.048 0.046 0.047 0.049 0.051 0.047 0.051 0.045 0.038 0.038 0.040 0.035 0.041 0.041 0.040 0.041 0.059 0.059 0.058 0.057 0.043 0.043 0.039 0.044 0.047 0.047 0.046 0.048 0.036 0.038 0.036 0.037 0.040 0.040 0.038 0.038 
0 6 0.257 0.285 0.257 0.258 0.302 0.284 0.310 0.316 0.048 0.042 0.044 0.043 0.152 0.136 0.046 0.046 0.027 0.027 0.039 0.041 0.044 0.043 0.042 0.042 0.033 0.031 0.032 0.033 0.035 0.032 0.035 0.030 0.025 0.026 0.027 0.024 0.028 0.028 0.027 0.028 0.040 0.040 0.039 0.039 0.029 0.029 0.027 0.030 0.032 0.032 0.032 0.034 0.025 0.026 0.024 0.025 0.028 0.027 0.026 0.026 
0 7 0.325 0.358 0.328 0.321 0.427 0.408 0.441 0.429 0.036 0.031 0.032 0.031 0.222 0.215 0.042 0.042 0.018 0.018 0.033 0.032 0.029 0.029 0.028 0.029 0.022 0.021 0.022 0.022 0.024 0.022 0.023 0.020 0.017 0.017 0.018 0.016 0.019 0.019 0.018 0.019 0.027 0.027 0.027 0.027 0.020 0.019 0.018 0.021 0.022 0.022 0.022 0.024 0.017 0.018 0.016 0.017 0.019 0.018 0.018 0.017 
0 8 0.369 0.402 0.381 0.368 0.525 0.516 0.545 0.522 0.026 0.022 0.022 0.022 0.286 0.292 0.040 0.039 0.012 0.012 0.029 0.024 0.020 0.019 0.019 0.019 0.015 0.014 0.015 0.015 0.016 0.015 0.016 0.014 0.011 0.012 0.012 0.010 0.013 0.013 0.012 0.013 0.018 0.018 0.018 0.018 0.013 0.013 0.012 0.014 0.015 0.016 0.015 0.016 0.011 0.012 0.011 0.011 0.014 0.012 0.012 0.012 
0 9 0.386 0.416 0.413 0.395 0.591 0.597 0.617 0.595 0.018 0.016 0.016 0.016 0.332 0.342 0.040 0.037 0.008 0.008 0.026 0.018 0.013 0.013 0.013 0.013 0.010 0.009 0.010 0.010 0.011 0.010 0.011 0.009 0.008 0.008 0.008 0.007 0.008 0.008 0.008 0.009 0.012 0.012 0.012 0.012 0.009 0.009 0.008 0.010 0.010 0.011 0.010 0.011 0.008 0.008 0.007 0.008 0.009 0.008 0.008 0.008 
0 10 0.380 0.407 0.427 0.408 0.631 0.651 0.659 0.650 0.013 0.012 0.011 0.011 0.358 0.357 0.044 0.037 0.006 0.006 0.023 0.013 0.009 0.009 0.008 0.009 0.007 0.006 0.007 0.007 0.007 0.007 0.007 0.006 0.005 0.005 0.005 0.005 0.006 0.006 0.006 0.006 0.008 0.008 0.008 0.008 0.006 0.006 0.005 0.007 0.007 0.008 0.007 0.008 0.005 0.006 0.005 0.005 0.007 0.006 0.006 0.005 
0 11 0.359 0.385 0.428 0.409 0.652 0.685 0.676 0.693 0.010 0.009 0.008 0.008 0.369 0.342 0.051 0.036 0.004 0.004 0.020 0.010 0.006 0.006 0.006 0.006 0.004 0.004 0.004 0.004 0.005 0.005 0.005 0.004 0.003 0.004 0.004 0.003 0.004 0.004 0.004 0.004 0.006 0.005 0.006 0.006 0.004 0.004 0.004 0.005 0.005 0.006 0.005 0.005 0.004 0.004 0.003 0.004 0.005 0.004 0.004 0.004 
0 12 0.331 0.358 0.420 0.403 0.660 0.703 0.674 0.725 0.007 0.006 0.005 0.006 0.370 0.311 0.060 0.036 0.003 0.003 0.018 0.007 0.004 0.004 0.004 0.004 0.003 0.003 0.003 0.003 0.003 0.004 0.003 0.003 0.002 0.002 0.002 0.002 0.003 0.003 0.002 0.003 0.004 0.004 0.004 0.004 0.003 0.003 0.002 0.004 0.003 0.004 0.004 0.004 0.002 0.003 0.002 0.002 0.003 0.002 0.003 0.002 
0 13 0.301 0.329 0.408 0.392 0.660 0.711 0.662 0.750 0.005 0.005 0.004 0.004 0.368 0.275 0.071 0.036 0.002 0.002 0.016 0.006 0.003 0.003 0.003 0.003 0.002 0.002 0.002 0.002 0.002 0.003 0.002 0.002 0.002 0.002 0.002 0.001 0.002 0.002 0.002 0.002 0.003 0.003 0.003 0.003 0.002 0.002 0.002 0.003 0.002 0.003 0.003 0.002 0.002 0.002 0.001 0.002 0.002 0.002 0.002 0.002 
0 14 0.272 0.303 0.393 0.380 0.656 0.714 0.644 0.771 0.004 0.004 0.003 0.003 0.368 0.240 0.083 0.037 0.001 0.001 0.014 0.004 0.002 0.002 0.002 0.002 0.001 0.001 0.001 0.001 0.002 0.003 0.001 0.001 0.001 0.001 0.001 0.001 0.001 0.001 0.001 0.002 0.002 0.002 0.002 0.003 0.001 0.001 0.001 0.002 0.002 0.002 0.002 0.002 0.001 0.002 0.001 0.001 0.002 0.001 0.002 0.001 
0 15 0.244 0.278 0.378 0.368 0.644 0.710 0.620 0.785 0.003 0.003 0.002 0.002 0.363 0.206 0.097 0.038 0.001 0.001 0.012 0.004 0.001 0.001 0.001 0.001 0.001 0.001 0.001 0.001 0.001 0.003 0.001 0.001 0.001 0.001 0.001 0.001 0.001 0.001 0.001 0.001 0.001 0.001 0.001 0.002 0.001 0.001 0.001 0.002 0.001 0.002 0.002 0.001 0.001 0.001 0.001 0.001 0.001 0.001 0.002 0.001 
1 0 0.000 0.000 0.000 0.000 0.000 0.000 0.000 0.000 0.000 0.000 0.000 0.000 0.000 0.000 0.000 0.000 0.000 0.000 0.000 0.000 0.000 0.000 0.000 0.000 0.000 0.000 0.000 0.000 0.000 0.000 0.000 0.000 0.000 0.000 0.000 0.000 0.000 0.000 0.000 0.000 0.000 0.000 0.000 0.000 0.000 0.000 0.000 0.000 0.000 0.000 0.000 0.000 0.000 0.000 0.000 0.000 0.000 0.000 0.000 0.000 
1 1 0.153 0.161 0.162 0.155 0.145 0.155 0.149 0.144 0.150 0.156 0.154 0.158 0.134 0.143 0.141 0.147 0.147 0.143 0.139 0.148 0.161 0.163 0.163 0.165 0.154 0.148 0.145 0.162 0.154 0.149 0.148 0.144 0.148 0.142 0.149 0.138 0.141 0.138 0.147 0.147 0.154 0.163 0.154 0.158 0.141 0.151 0.139 0.141 0.153 0.143 0.147 0.145 0.134 0.139 0.137 0.136 0.145 0.146 0.138 0.143 
1 2 0.124 0.131 0.129 0.129 0.112 0.124 0.117 0.111 0.113 0.119 0.117 0.124 0.099 0.107 0.105 0.113 0.109 0.104 0.102 0.111 0.143 0.145 0.143 0.144 0.123 0.117 0.113 0.128 0.124 0.117 0.122 0.116 0.110 0.108 0.111 0.103 0.108 0.107 0.111 0.111 0.131 0.135 0.128 0.129 0.108 0.114 0.104 0.106 0.118 0.112 0.114 0.113 0.101 0.103 0.101 0.103 0.108 0.108 0.103 0.108 
1 3 0.103 0.109 0.106 0.110 0.089 0.097 0.092 0.088 0.088 0.091 0.091 0.096 0.074 0.079 0.077 0.084 0.080 0.076 0.076 0.082 0.126 0.126 0.123 0.120 0.096 0.093 0.089 0.099 0.099 0.093 0.098 0.091 0.081 0.080 0.083 0.076 0.082 0.082 0.082 0.082 0.113 0.114 0.110 0.110 0.086 0.090 0.082 0.085 0.092 0.089 0.088 0.088 0.075 0.076 0.075 0.077 0.080 0.081 0.077 0.080 
1 4 0.124 0.130 0.123 0.129 0.103 0.108 0.106 0.112 0.071 0.071 0.073 0.073 0.062 0.064 0.066 0.071 0.057 0.055 0.056 0.061 0.093 0.092 0.090 0.088 0.069 0.068 0.066 0.070 0.072 0.067 0.072 0.066 0.056 0.056 0.058 0.052 0.060 0.059 0.058 0.058 0.086 0.086 0.081 0.082 0.064 0.064 0.058 0.062 0.067 0.065 0.063 0.064 0.053 0.054 0.053 0.055 0.056 0.056 0.056 0.056 
1 5 0.196 0.204 0.183 0.188 0.189 0.191 0.196 0.213 0.055 0.053 0.058 0.054 0.059 0.061 0.080 0.084 0.039 0.039 0.041 0.046 0.064 0.063 0.061 0.061 0.047 0.048 0.048 0.048 0.050 0.046 0.050 0.045 0.038 0.038 0.039 0.035 0.042 0.041 0.039 0.040 0.060 0.062 0.055 0.057 0.045 0.044 0.040 0.044 0.046 0.046 0.043 0.045 0.037 0.038 0.036 0.038 0.038 0.038 0.039 0.038 
1 6 0.287 0.298 0.257 0.265 0.325 0.323 0.335 0.344 0.040 0.038 0.044 0.039 0.059 0.064 0.129 0.134 0.027 0.027 0.029 0.034 0.043 0.043 0.041 0.041 0.032 0.033 0.033 0.032 0.034 0.031 0.034 0.031 0.025 0.026 0.026 0.024 0.029 0.028 0.026 0.027 0.041 0.043 0.037 0.038 0.031 0.029 0.027 0.030 0.031 0.031 0.029 0.031 0.025 0.026 0.024 0.026 0.026 0.026 0.027 0.026 
1 7 0.366 0.375 0.320 0.335 0.455 0.451 0.466 0.455 0.028 0.027 0.032 0.027 0.057 0.065 0.203 0.212 0.018 0.018 0.020 0.025 0.028 0.028 0.028 0.028 0.021 0.022 0.022 0.021 0.023 0.021 0.023 0.021 0.017 0.017 0.017 0.016 0.020 0.019 0.018 0.018 0.028 0.029 0.025 0.026 0.021 0.020 0.018 0.021 0.021 0.021 0.019 0.021 0.017 0.018 0.016 0.017 0.018 0.017 0.018 0.017 
1 8 0.417 0.417 0.367 0.388 0.551 0.548 0.558 0.535 0.019 0.019 0.023 0.019 0.053 0.060 0.281 0.291 0.012 0.012 0.014 0.017 0.019 0.019 0.018 0.019 0.014 0.015 0.015 0.014 0.015 0.014 0.015 0.014 0.011 0.011 0.012 0.010 0.013 0.012 0.012 0.012 0.019 0.020 0.017 0.017 0.015 0.013 0.012 0.014 0.014 0.014 0.013 0.014 0.011 0.012 0.011 0.012 0.012 0.011 0.013 0.012 
1 9 0.437 0.422 0.399 0.415 0.610 0.610 0.605 0.588 0.013 0.014 0.016 0.013 0.047 0.052 0.344 0.350 0.008 0.008 0.010 0.012 0.013 0.013 0.012 0.013 0.009 0.010 0.010 0.009 0.010 0.010 0.010 0.009 0.008 0.008 0.008 0.007 0.009 0.008 0.008 0.008 0.013 0.014 0.011 0.012 0.010 0.009 0.008 0.010 0.009 0.010 0.009 0.009 0.008 0.008 0.007 0.008 0.008 0.008 0.009 0.008 
1 10 0.431 0.399 0.416 0.420 0.640 0.641 0.610 0.619 0.009 0.010 0.012 0.009 0.041 0.044 0.389 0.385 0.006 0.006 0.007 0.009 0.008 0.009 0.008 0.009 0.006 0.007 0.007 0.006 0.007 0.006 0.007 0.006 0.005 0.005 0.005 0.005 0.006 0.006 0.005 0.006 0.009 0.010 0.007 0.008 0.007 0.006 0.005 0.007 0.006 0.007 0.006 0.006 0.005 0.005 0.005 0.005 0.005 0.005 0.006 0.005 
1 11 0.411 0.363 0.421 0.412 0.650 0.650 0.589 0.638 0.006 0.007 0.008 0.006 0.036 0.036 0.418 0.401 0.004 0.004 0.005 0.006 0.006 0.006 0.005 0.006 0.004 0.004 0.005 0.004 0.005 0.004 0.005 0.004 0.003 0.003 0.003 0.003 0.004 0.004 0.004 0.004 0.006 0.007 0.005 0.005 0.005 0.004 0.004 0.005 0.004 0.005 0.004 0.004 0.003 0.004 0.003 0.004 0.004 0.003 0.004 0.004 
1 12 0.384 0.324 0.419 0.397 0.650 0.646 0.553 0.651 0.004 0.005 0.006 0.004 0.032 0.030 0.436 0.404 0.003 0.002 0.004 0.004 0.004 0.004 0.004 0.004 0.003 0.003 0.003 0.003 0.003 0.003 0.003 0.003 0.002 0.002 0.002 0.002 0.003 0.002 0.002 0.003 0.004 0.005 0.003 0.004 0.003 0.003 0.002 0.003 0.003 0.003 0.003 0.003 0.002 0.003 0.002 0.003 0.002 0.002 0.003 0.002 
1 13 0.356 0.287 0.413 0.379 0.643 0.634 0.513 0.662 0.003 0.004 0.005 0.003 0.030 0.024 0.446 0.397 0.002 0.002 0.003 0.003 0.003 0.003 0.002 0.003 0.002 0.002 0.002 0.002 0.002 0.002 0.002 0.002 0.001 0.002 0.002 0.001 0.002 0.002 0.002 0.002 0.003 0.003 0.002 0.003 0.002 0.002 0.002 0.003 0.002 0.002 0.002 0.002 0.002 0.002 0.001 0.002 0.002 0.002 0.003 0.002 
1 14 0.331 0.255 0.404 0.361 0.633 0.619 0.476 0.673 0.002 0.003 0.003 0.002 0.029 0.021 0.451 0.387 0.001 0.001 0.002 0.002 0.002 0.002 0.002 0.002 0.001 0.001 0.002 0.001 0.001 0.002 0.001 0.001 0.001 0.001 0.001 0.001 0.001 0.001 0.001 0.001 0.002 0.002 0.002 0.002 0.002 0.001 0.001 0.002 0.001 0.002 0.001 0.001 0.001 0.001 0.001 0.001 0.001 0.001 0.002 0.001 
1 15 0.302 0.229 0.390 0.345 0.620 0.606 0.444 0.685 0.002 0.003 0.003 0.002 0.030 0.018 0.447 0.363 0.001 0.001 0.002 0.002 0.001 0.001 0.001 0.001 0.001 0.001 0.001 0.001 0.001 0.001 0.001 0.001 0.001 0.001 0.001 0.001 0.001 0.001 0.001 0.001 0.002 0.002 0.001 0.002 0.001 0.001 0.001 0.002 0.001 0.001 0.001 0.001 0.001 0.001 0.001 0.001 0.001 0.001 0.002 0.001 
2 0 0.000 0.000 0.000 0.000 0.000 0.000 0.000 0.000 0.000 0.000 0.000 0.000 0.000 0.000 0.000 0.000 0.000 0.000 0.000 0.000 0.000 0.000 0.000 0.000 0.000 0.000 0.000 0.000 0.000 0.000 0.000 0.000 0.000 0.000 0.000 0.000 0.000 0.000 0.000 0.000 0.000 0.000 0.000 0.000 0.000 0.000 0.000 0.000 0.000 0.000 0.000 0.000 0.000 0.000 0.000 0.000 0.000 0.000 0.000 0.000 
2 1 0.153 0.161 0.162 0.155 0.145 0.155 0.149 0.144 0.150 0.156 0.154 0.158 0.134 0.143 0.141 0.147 0.147 0.143 0.139 0.148 0.161 0.163 0.163 0.165 0.154 0.148 0.145 0.162 0.154 0.149 0.148 0.144 0.148 0.142 0.149 0.138 0.141 0.138 0.147 0.147 0.154 0.163 0.154 0.158 0.141 0.151 0.139 0.141 0.153 0.143 0.147 0.145 0.134 0.139 0.137 0.136 0.145 0.146 0.138 0.143 
2 2 0.124 0.131 0.129 0.129 0.112 0.124 0.117 0.111 0.113 0.119 0.117 0.124 0.099 0.107 0.105 0.113 0.109 0.104 0.102 0.111 0.143 0.145 0.143 0.144 0.123 0.117 0.113 0.128 0.124 0.117 0.122 0.116 0.110 0.108 0.111 0.103 0.108 0.107 0.111 0.111 0.131 0.135 0.128 0.129 0.108 0.114 0.104 0.106 0.118 0.112 0.114 0.113 0.101 0.103 0.101 0.103 0.108 0.108 0.103 0.108 
2 3 0.103 0.109 0.106 0.110 0.089 0.097 0.092 0.088 0.088 0.091 0.091 0.096 0.074 0.079 0.077 0.084 0.080 0.076 0.076 0.082 0.126 0.126 0.123 0.120 0.096 0.093 0.089 0.099 0.099 0.093 0.098 0.091 0.081 0.080 0.083 0.076 0.082 0.082 0.082 0.082 0.113 0.114 0.110 0.110 0.086 0.090 0.082 0.085 0.092 0.089 0.088 0.088 0.075 0.076 0.075 0.077 0.080 0.081 0.077 0.080 
2 4 0.116 0.125 0.119 0.131 0.070 0.074 0.072 0.070 0.100 0.102 0.098 0.099 0.055 0.058 0.056 0.060 0.069 0.070 0.060 0.065 0.096 0.094 0.093 0.087 0.070 0.066 0.064 0.071 0.072 0.068 0.071 0.067 0.056 0.056 0.059 0.053 0.058 0.058 0.061 0.059 0.088 0.090 0.086 0.085 0.064 0.069 0.060 0.063 0.068 0.065 0.064 0.064 0.054 0.054 0.053 0.056 0.058 0.058 0.056 0.057 
2 5 0.173 0.193 0.181 0.202 0.052 0.053 0.052 0.052 0.182 0.198 0.182 0.174 0.039 0.043 0.040 0.042 0.092 0.119 0.051 0.058 0.067 0.066 0.066 0.060 0.048 0.045 0.044 0.049 0.050 0.048 0.049 0.047 0.038 0.038 0.041 0.037 0.040 0.039 0.044 0.043 0.062 0.067 0.062 0.061 0.045 0.051 0.043 0.044 0.047 0.045 0.044 0.044 0.037 0.037 0.036 0.040 0.041 0.040 0.038 0.039 
2 6 0.253 0.282 0.263 0.292 0.036 0.036 0.037 0.036 0.312 0.348 0.328 0.311 0.027 0.031 0.028 0.029 0.168 0.223 0.046 0.055 0.046 0.045 0.045 0.041 0.033 0.031 0.030 0.033 0.034 0.033 0.034 0.032 0.026 0.025 0.028 0.025 0.027 0.026 0.032 0.030 0.043 0.047 0.043 0.043 0.031 0.036 0.030 0.030 0.032 0.031 0.030 0.030 0.025 0.025 0.024 0.028 0.029 0.027 0.026 0.027 
2 7 0.329 0.359 0.335 0.364 0.025 0.025 0.025 0.025 0.438 0.485 0.468 0.449 0.019 0.022 0.020 0.020 0.274 0.328 0.042 0.051 0.031 0.031 0.030 0.027 0.022 0.020 0.020 0.022 0.023 0.023 0.023 0.022 0.017 0.017 0.019 0.017 0.018 0.018 0.022 0.022 0.029 0.033 0.030 0.030 0.021 0.025 0.021 0.021 0.022 0.021 0.020 0.020 0.017 0.017 0.016 0.019 0.020 0.019 0.017 0.018 
2 8 0.380 0.405 0.384 0.400 0.017 0.017 0.017 0.017 0.538 0.582 0.570 0.553 0.013 0.016 0.014 0.013 0.357 0.388 0.040 0.045 0.021 0.021 0.021 0.018 0.015 0.014 0.013 0.015 0.016 0.016 0.016 0.015 0.011 0.011 0.013 0.011 0.012 0.012 0.016 0.015 0.020 0.023 0.020 0.020 0.014 0.017 0.015 0.014 0.015 0.014 0.014 0.013 0.011 0.011 0.011 0.013 0.014 0.012 0.012 0.012 
2 9 0.397 0.414 0.407 0.401 0.011 0.011 0.012 0.011 0.610 0.635 0.627 0.615 0.009 0.012 0.010 0.009 0.391 0.393 0.038 0.037 0.014 0.014 0.014 0.012 0.010 0.009 0.009 0.010 0.011 0.011 0.011 0.010 0.008 0.008 0.009 0.007 0.008 0.008 0.011 0.011 0.014 0.016 0.014 0.014 0.009 0.012 0.011 0.009 0.010 0.009 0.009 0.009 0.008 0.008 0.007 0.009 0.010 0.008 0.008 0.008 
2 10 0.386 0.398 0.409 0.381 0.008 0.008 0.008 0.008 0.658 0.650 0.645 0.636 0.006 0.009 0.007 0.006 0.375 0.359 0.036 0.030 0.009 0.009 0.009 0.008 0.007 0.006 0.006 0.007 0.007 0.008 0.007 0.007 0.005 0.005 0.006 0.005 0.005 0.005 0.008 0.008 0.009 0.011 0.009 0.010 0.006 0.008 0.008 0.006 0.007 0.006 0.006 0.006 0.005 0.005 0.005 0.006 0.007 0.006 0.005 0.006 
2 11 0.360 0.369 0.398 0.355 0.005 0.005 0.006 0.006 0.687 0.636 0.634 0.624 0.004 0.007 0.005 0.004 0.326 0.308 0.035 0.023 0.006 0.006 0.006 0.006 0.005 0.004 0.004 0.004 0.005 0.007 0.005 0.005 0.003 0.003 0.004 0.003 0.004 0.003 0.006 0.006 0.007 0.007 0.006 0.007 0.004 0.005 0.006 0.004 0.004 0.004 0.004 0.004 0.003 0.003 0.003 0.004 0.005 0.004 0.004 0.004 
2 12 0.331 0.341 0.382 0.331 0.004 0.004 0.004 0.004 0.700 0.603 0.605 0.589 0.003 0.006 0.004 0.003 0.266 0.256 0.033 0.018 0.004 0.004 0.004 0.004 0.003 0.003 0.003 0.003 0.004 0.006 0.004 0.003 0.002 0.002 0.003 0.002 0.002 0.002 0.004 0.004 0.005 0.005 0.004 0.005 0.003 0.004 0.005 0.003 0.003 0.003 0.003 0.003 0.002 0.002 0.002 0.003 0.003 0.003 0.002 0.002 
2 13 0.305 0.320 0.366 0.314 0.002 0.003 0.003 0.003 0.705 0.563 0.571 0.543 0.002 0.006 0.003 0.002 0.209 0.212 0.030 0.014 0.003 0.003 0.003 0.003 0.002 0.002 0.002 0.002 0.003 0.005 0.003 0.002 0.002 0.002 0.002 0.001 0.002 0.002 0.003 0.003 0.003 0.004 0.003 0.003 0.002 0.002 0.004 0.002 0.002 0.002 0.002 0.002 0.002 0.002 0.001 0.002 0.002 0.002 0.002 0.002 
2 14 0.288 0.309 0.353 0.304 0.002 0.002 0.002 0.003 0.706 0.525 0.543 0.495 0.002 0.006 0.003 0.001 0.161 0.177 0.028 0.011 0.002 0.002 0.002 0.002 0.001 0.001 0.001 0.001 0.002 0.004 0.002 0.002 0.001 0.001 0.001 0.001 0.001 0.001 0.002 0.002 0.002 0.003 0.002 0.002 0.001 0.002 0.003 0.001 0.001 0.001 0.001 0.001 0.001 0.001 0.001 0.002 0.002 0.001 0.001 0.001 
2 15 0.273 0.304 0.341 0.298 0.001 0.001 0.002 0.003 0.702 0.484 0.522 0.448 0.002 0.006 0.002 0.001 0.123 0.149 0.027 0.009 0.001 0.001 0.001 0.001 0.001 0.001 0.001 0.001 0.002 0.004 0.001 0.001 0.001 0.001 0.001 0.001 0.001 0.001 0.001 0.002 0.002 0.002 0.001 0.002 0.001 0.001 0.003 0.001 0.001 0.001 0.001 0.001 0.001 0.001 0.001 0.001 0.001 0.001 0.001 0.001 
3 0 0.000 0.000 0.000 0.000 0.000 0.000 0.000 0.000 0.000 0.000 0.000 0.000 0.000 0.000 0.000 0.000 0.000 0.000 0.000 0.000 0.000 0.000 0.000 0.000 0.000 0.000 0.000 0.000 0.000 0.000 0.000 0.000 0.000 0.000 0.000 0.000 0.000 0.000 0.000 0.000 0.000 0.000 0.000 0.000 0.000 0.000 0.000 0.000 0.000 0.000 0.000 0.000 0.000 0.000 0.000 0.000 0.000 0.000 0.000 0.000 
3 1 0.153 0.161 0.162 0.155 0.145 0.155 0.149 0.144 0.150 0.156 0.154 0.158 0.134 0.143 0.141 0.147 0.147 0.143 0.139 0.148 0.161 0.163 0.163 0.165 0.154 0.148 0.145 0.162 0.154 0.149 0.148 0.144 0.148 0.142 0.149 0.138 0.141 0.138 0.147 0.147 0.154 0.163 0.154 0.158 0.141 0.151 0.139 0.141 0.153 0.143 0.147 0.145 0.134 0.139 0.137 0.136 0.145 0.146 0.138 0.143 
3 2 0.124 0.131 0.129 0.129 0.112 0.124 0.117 0.111 0.113 0.119 0.117 0.124 0.099 0.107 0.105 0.113 0.109 0.104 0.102 0.111 0.143 0.145 0.143 0.144 0.123 0.117 0.113 0.128 0.124 0.117 0.122 0.116 0.110 0.108 0.111 0.103 0.108 0.107 0.111 0.111 0.131 0.135 0.128 0.129 0.108 0.114 0.104 0.106 0.118 0.112 0.114 0.113 0.101 0.103 0.101 0.103 0.108 0.108 0.103 0.108 
3 3 0.103 0.109 0.106 0.110 0.089 0.097 0.092 0.088 0.088 0.091 0.091 0.096 0.074 0.079 0.077 0.084 0.080 0.076 0.076 0.082 0.126 0.126 0.123 0.120 0.096 0.093 0.089 0.099 0.099 0.093 0.098 0.091 0.081 0.080 0.083 0.076 0.082 0.082 0.082 0.082 0.113 0.114 0.110 0.110 0.086 0.090 0.082 0.085 0.092 0.089 0.088 0.088 0.075 0.076 0.075 0.077 0.080 0.081 0.077 0.080 
3 4 0.143 0.144 0.137 0.148 0.079 0.080 0.080 0.080 0.107 0.111 0.108 0.106 0.059 0.060 0.058 0.061 0.064 0.064 0.070 0.075 0.095 0.092 0.090 0.086 0.069 0.066 0.064 0.071 0.072 0.068 0.071 0.067 0.056 0.055 0.059 0.053 0.058 0.059 0.059 0.059 0.085 0.086 0.083 0.083 0.064 0.066 0.059 0.062 0.067 0.064 0.064 0.063 0.054 0.054 0.052 0.055 0.057 0.058 0.055 0.056 
3 5 0.249 0.244 0.229 0.246 0.070 0.064 0.068 0.070 0.200 0.217 0.204 0.190 0.049 0.047 0.042 0.044 0.059 0.067 0.091 0.105 0.067 0.064 0.062 0.059 0.047 0.045 0.044 0.049 0.050 0.047 0.049 0.047 0.038 0.038 0.041 0.036 0.040 0.041 0.041 0.042 0.059 0.061 0.058 0.058 0.045 0.047 0.041 0.044 0.047 0.044 0.044 0.043 0.037 0.037 0.035 0.038 0.040 0.040 0.037 0.038 
3 6 0.358 0.349 0.330 0.349 0.056 0.049 0.054 0.055 0.326 0.356 0.346 0.320 0.039 0.036 0.031 0.031 0.059 0.069 0.140 0.169 0.045 0.044 0.042 0.040 0.032 0.030 0.030 0.033 0.034 0.032 0.033 0.032 0.026 0.025 0.028 0.024 0.027 0.027 0.028 0.030 0.040 0.041 0.039 0.040 0.031 0.032 0.028 0.030 0.031 0.029 0.030 0.029 0.025 0.025 0.023 0.026 0.027 0.027 0.025 0.026 
3 7 0.434 0.418 0.401 0.420 0.041 0.036 0.040 0.040 0.440 0.475 0.475 0.447 0.030 0.027 0.022 0.021 0.055 0.062 0.208 0.245 0.031 0.030 0.028 0.027 0.022 0.020 0.020 0.022 0.024 0.022 0.023 0.022 0.017 0.017 0.019 0.016 0.018 0.018 0.019 0.021 0.027 0.028 0.026 0.027 0.021 0.022 0.019 0.020 0.021 0.020 0.020 0.019 0.017 0.017 0.016 0.018 0.018 0.018 0.017 0.017 
3 8 0.470 0.445 0.434 0.450 0.030 0.026 0.029 0.029 0.527 0.558 0.566 0.547 0.023 0.020 0.015 0.014 0.046 0.049 0.281 0.311 0.021 0.020 0.019 0.018 0.015 0.014 0.013 0.015 0.016 0.016 0.015 0.015 0.011 0.011 0.013 0.011 0.012 0.012 0.013 0.015 0.018 0.019 0.018 0.018 0.014 0.015 0.013 0.014 0.014 0.013 0.013 0.013 0.011 0.011 0.010 0.012 0.012 0.012 0.011 0.011 
3 9 0.470 0.438 0.435 0.446 0.021 0.019 0.021 0.021 0.589 0.603 0.613 0.613 0.018 0.015 0.011 0.010 0.036 0.037 0.343 0.354 0.014 0.014 0.013 0.012 0.010 0.009 0.009 0.010 0.012 0.011 0.011 0.010 0.008 0.008 0.009 0.007 0.008 0.008 0.009 0.010 0.012 0.012 0.012 0.012 0.010 0.010 0.009 0.009 0.009 0.009 0.009 0.009 0.008 0.008 0.007 0.008 0.008 0.008 0.007 0.008 
3 10 0.444 0.408 0.417 0.423 0.014 0.014 0.015 0.016 0.629 0.616 0.619 0.648 0.014 0.012 0.007 0.007 0.027 0.027 0.389 0.371 0.009 0.009 0.009 0.008 0.007 0.006 0.006 0.007 0.009 0.009 0.007 0.007 0.005 0.005 0.006 0.005 0.005 0.005 0.006 0.008 0.008 0.008 0.008 0.008 0.006 0.007 0.006 0.006 0.006 0.006 0.006 0.006 0.005 0.005 0.005 0.005 0.006 0.005 0.005 0.005 
3 11 0.407 0.369 0.390 0.391 0.010 0.010 0.011 0.012 0.654 0.605 0.594 0.658 0.011 0.010 0.005 0.004 0.020 0.020 0.419 0.369 0.006 0.006 0.006 0.006 0.004 0.004 0.004 0.004 0.007 0.008 0.005 0.005 0.003 0.003 0.004 0.003 0.004 0.004 0.004 0.006 0.005 0.006 0.005 0.005 0.004 0.004 0.004 0.004 0.004 0.004 0.004 0.004 0.003 0.003 0.003 0.004 0.004 0.004 0.003 0.003 
3 12 0.368 0.330 0.363 0.360 0.007 0.008 0.008 0.009 0.668 0.579 0.552 0.651 0.010 0.008 0.004 0.003 0.015 0.014 0.436 0.353 0.004 0.004 0.004 0.004 0.003 0.003 0.003 0.003 0.006 0.007 0.004 0.003 0.002 0.002 0.003 0.002 0.002 0.002 0.003 0.004 0.004 0.004 0.004 0.004 0.003 0.003 0.003 0.003 0.003 0.003 0.003 0.003 0.002 0.002 0.002 0.002 0.002 0.002 0.002 0.002 
3 13 0.335 0.296 0.341 0.335 0.005 0.006 0.007 0.008 0.675 0.547 0.506 0.636 0.009 0.007 0.003 0.002 0.011 0.010 0.444 0.332 0.003 0.003 0.003 0.003 0.002 0.002 0.002 0.002 0.005 0.008 0.003 0.002 0.002 0.002 0.002 0.001 0.002 0.002 0.002 0.003 0.002 0.002 0.002 0.002 0.002 0.002 0.002 0.002 0.002 0.002 0.002 0.002 0.002 0.002 0.001 0.002 0.002 0.002 0.001 0.002 
3 14 0.310 0.269 0.325 0.316 0.004 0.005 0.005 0.007 0.678 0.517 0.463 0.620 0.008 0.007 0.002 0.001 0.008 0.008 0.449 0.311 0.002 0.002 0.002 0.002 0.001 0.001 0.001 0.001 0.005 0.008 0.002 0.002 0.001 0.001 0.001 0.001 0.001 0.001 0.001 0.003 0.002 0.002 0.002 0.002 0.001 0.001 0.001 0.001 0.001 0.001 0.001 0.001 0.001 0.001 0.001 0.001 0.001 0.001 0.001 0.001 
3 15 0.281 0.244 0.301 0.295 0.003 0.004 0.005 0.007 0.665 0.462 0.413 0.587 0.008 0.007 0.001 0.001 0.006 0.006 0.428 0.272 0.001 0.001 0.001 0.001 0.001 0.001 0.001 0.001 0.004 0.008 0.001 0.001 0.001 0.001 0.001 0.001 0.001 0.001 0.001 0.002 0.001 0.001 0.001 0.001 0.001 0.001 0.001 0.001 0.001 0.001 0.001 0.001 0.001 0.001 0.001 0.001 0.001 0.001 0.001 0.001 
4 0 0.000 0.000 0.000 0.000 0.000 0.000 0.000 0.000 0.000 0.000 0.000 0.000 0.000 0.000 0.000 0.000 0.000 0.000 0.000 0.000 0.000 0.000 0.000 0.000 0.000 0.000 0.000 0.000 0.000 0.000 0.000 0.000 0.000 0.000 0.000 0.000 0.000 0.000 0.000 0.000 0.000 0.000 0.000 0.000 0.000 0.000 0.000 0.000 0.000 0.000 0.000 0.000 0.000 0.000 0.000 0.000 0.000 0.000 0.000 0.000 
4 1 0.153 0.161 0.162 0.155 0.145 0.155 0.149 0.144 0.150 0.156 0.154 0.158 0.134 0.143 0.141 0.147 0.147 0.143 0.139 0.148 0.161 0.163 0.163 0.165 0.154 0.148 0.145 0.162 0.154 0.149 0.148 0.144 0.148 0.142 0.149 0.138 0.141 0.138 0.147 0.147 0.154 0.163 0.154 0.158 0.141 0.151 0.139 0.141 0.153 0.143 0.147 0.145 0.134 0.139 0.137 0.136 0.145 0.146 0.138 0.143 
4 2 0.124 0.131 0.129 0.129 0.112 0.124 0.117 0.111 0.113 0.119 0.117 0.124 0.099 0.107 0.105 0.113 0.109 0.104 0.102 0.111 0.143 0.145 0.143 0.144 0.123 0.117 0.113 0.128 0.124 0.117 0.122 0.116 0.110 0.108 0.111 0.103 0.108 0.107 0.111 0.111 0.131 0.135 0.128 0.129 0.108 0.114 0.104 0.106 0.118 0.112 0.114 0.113 0.101 0.103 0.101 0.103 0.108 0.108 0.103 0.108 
4 3 0.103 0.109 0.106 0.110 0.089 0.097 0.092 0.088 0.088 0.091 0.091 0.096 0.074 0.079 0.077 0.084 0.080 0.076 0.076 0.082 0.126 0.126 0.123 0.120 0.096 0.093 0.089 0.099 0.099 0.093 0.098 0.091 0.081 0.080 0.083 0.076 0.082 0.082 0.082 0.082 0.113 0.114 0.110 0.110 0.086 0.090 0.082 0.085 0.092 0.089 0.088 0.088 0.075 0.076 0.075 0.077 0.080 0.081 0.077 0.080 
4 4 0.075 0.080 0.080 0.081 0.063 0.071 0.067 0.064 0.063 0.064 0.065 0.067 0.053 0.056 0.055 0.058 0.056 0.053 0.054 0.057 0.142 0.135 0.134 0.127 0.103 0.106 0.101 0.103 0.077 0.072 0.076 0.070 0.069 0.069 0.068 0.061 0.062 0.060 0.060 0.061 0.084 0.086 0.083 0.084 0.065 0.066 0.060 0.063 0.067 0.065 0.063 0.065 0.053 0.055 0.054 0.055 0.057 0.058 0.054 0.056 
4 5 0.051 0.056 0.057 0.056 0.043 0.049 0.047 0.045 0.043 0.043 0.044 0.046 0.037 0.038 0.038 0.040 0.038 0.036 0.037 0.038 0.195 0.180 0.185 0.173 0.178 0.198 0.189 0.173 0.057 0.053 0.056 0.051 0.089 0.086 0.063 0.058 0.046 0.043 0.042 0.046 0.058 0.061 0.058 0.059 0.047 0.047 0.042 0.044 0.046 0.045 0.043 0.046 0.036 0.039 0.039 0.037 0.040 0.041 0.037 0.039 
4 6 0.034 0.038 0.040 0.038 0.029 0.034 0.032 0.030 0.029 0.029 0.030 0.031 0.025 0.026 0.026 0.027 0.026 0.025 0.025 0.026 0.269 0.248 0.265 0.241 0.311 0.345 0.337 0.305 0.041 0.039 0.041 0.037 0.150 0.136 0.064 0.061 0.033 0.030 0.030 0.035 0.039 0.042 0.040 0.041 0.034 0.032 0.029 0.031 0.031 0.031 0.029 0.032 0.024 0.027 0.027 0.025 0.027 0.028 0.024 0.026 
4 7 0.023 0.025 0.027 0.025 0.019 0.023 0.022 0.020 0.019 0.019 0.020 0.021 0.017 0.017 0.017 0.018 0.017 0.017 0.017 0.017 0.341 0.317 0.350 0.310 0.446 0.479 0.480 0.444 0.029 0.028 0.029 0.026 0.234 0.209 0.063 0.060 0.024 0.020 0.021 0.026 0.026 0.029 0.027 0.027 0.023 0.022 0.019 0.021 0.021 0.021 0.020 0.021 0.016 0.018 0.019 0.017 0.018 0.019 0.016 0.018 
4 8 0.015 0.017 0.018 0.017 0.013 0.015 0.014 0.014 0.013 0.013 0.013 0.014 0.011 0.012 0.012 0.012 0.012 0.011 0.011 0.011 0.394 0.375 0.416 0.367 0.551 0.569 0.585 0.550 0.020 0.020 0.021 0.018 0.305 0.280 0.059 0.054 0.018 0.014 0.014 0.020 0.018 0.020 0.018 0.018 0.016 0.015 0.013 0.014 0.014 0.014 0.013 0.015 0.011 0.012 0.013 0.011 0.012 0.013 0.011 0.012 
4 9 0.010 0.011 0.012 0.011 0.009 0.010 0.010 0.009 0.009 0.009 0.009 0.009 0.008 0.008 0.008 0.008 0.008 0.007 0.007 0.008 0.424 0.416 0.448 0.408 0.618 0.610 0.643 0.615 0.014 0.015 0.016 0.013 0.349 0.335 0.053 0.045 0.014 0.010 0.010 0.015 0.012 0.014 0.012 0.012 0.011 0.010 0.009 0.009 0.009 0.009 0.009 0.010 0.007 0.008 0.009 0.008 0.008 0.009 0.007 0.008 
4 10 0.007 0.008 0.008 0.008 0.006 0.007 0.006 0.006 0.006 0.006 0.006 0.006 0.005 0.005 0.005 0.005 0.005 0.005 0.005 0.005 0.433 0.439 0.442 0.431 0.649 0.610 0.655 0.645 0.010 0.012 0.013 0.010 0.370 0.371 0.046 0.035 0.012 0.007 0.007 0.012 0.008 0.010 0.008 0.008 0.008 0.007 0.006 0.006 0.006 0.006 0.006 0.007 0.005 0.006 0.007 0.005 0.006 0.006 0.005 0.005 
4 11 0.005 0.005 0.006 0.005 0.004 0.005 0.004 0.004 0.004 0.004 0.004 0.004 0.003 0.003 0.004 0.004 0.004 0.003 0.003 0.003 0.429 0.448 0.408 0.439 0.649 0.580 0.630 0.648 0.007 0.009 0.010 0.008 0.378 0.394 0.039 0.027 0.011 0.005 0.005 0.010 0.005 0.007 0.006 0.006 0.006 0.005 0.004 0.004 0.004 0.004 0.004 0.004 0.003 0.004 0.005 0.003 0.004 0.004 0.003 0.004 
4 12 0.003 0.003 0.004 0.003 0.003 0.003 0.003 0.003 0.003 0.003 0.003 0.003 0.002 0.002 0.002 0.002 0.002 0.002 0.002 0.002 0.421 0.444 0.364 0.439 0.627 0.534 0.584 0.638 0.005 0.008 0.009 0.006 0.386 0.408 0.033 0.020 0.010 0.004 0.004 0.008 0.004 0.005 0.004 0.004 0.004 0.003 0.003 0.003 0.003 0.003 0.003 0.003 0.002 0.003 0.004 0.002 0.003 0.003 0.002 0.002 
4 13 0.002 0.002 0.003 0.002 0.002 0.002 0.002 0.002 0.002 0.002 0.002 0.002 0.002 0.002 0.002 0.002 0.002 0.002 0.001 0.002 0.415 0.435 0.322 0.436 0.594 0.484 0.535 0.622 0.004 0.007 0.007 0.005 0.397 0.415 0.028 0.016 0.010 0.003 0.003 0.007 0.002 0.004 0.003 0.003 0.003 0.002 0.002 0.002 0.002 0.002 0.002 0.002 0.001 0.002 0.003 0.002 0.002 0.002 0.001 0.002 
4 14 0.001 0.001 0.002 0.002 0.001 0.001 0.001 0.001 0.001 0.001 0.001 0.001 0.001 0.001 0.001 0.001 0.001 0.001 0.001 0.001 0.414 0.423 0.290 0.436 0.561 0.436 0.495 0.609 0.003 0.007 0.007 0.004 0.413 0.417 0.025 0.012 0.010 0.002 0.002 0.006 0.002 0.003 0.002 0.002 0.002 0.002 0.001 0.001 0.001 0.001 0.001 0.001 0.001 0.001 0.003 0.001 0.001 0.001 0.001 0.001 
4 15 0.001 0.001 0.001 0.001 0.001 0.001 0.001 0.001 0.001 0.001 0.001 0.001 0.001 0.001 0.001 0.001 0.001 0.001 0.001 0.001 0.416 0.408 0.257 0.435 0.524 0.383 0.452 0.599 0.003 0.007 0.006 0.004 0.419 0.402 0.022 0.010 0.010 0.002 0.002 0.006 0.001 0.002 0.001 0.001 0.002 0.001 0.001 0.001 0.001 0.001 0.001 0.001 0.001 0.001 0.003 0.001 0.001 0.001 0.001 0.001 
5 0 0.000 0.000 0.000 0.000 0.000 0.000 0.000 0.000 0.000 0.000 0.000 0.000 0.000 0.000 0.000 0.000 0.000 0.000 0.000 0.000 0.000 0.000 0.000 0.000 0.000 0.000 0.000 0.000 0.000 0.000 0.000 0.000 0.000 0.000 0.000 0.000 0.000 0.000 0.000 0.000 0.000 0.000 0.000 0.000 0.000 0.000 0.000 0.000 0.000 0.000 0.000 0.000 0.000 0.000 0.000 0.000 0.000 0.000 0.000 0.000 
5 1 0.153 0.161 0.162 0.155 0.145 0.155 0.149 0.144 0.150 0.156 0.154 0.158 0.134 0.143 0.141 0.147 0.147 0.143 0.139 0.148 0.161 0.163 0.163 0.165 0.154 0.148 0.145 0.162 0.154 0.149 0.148 0.144 0.148 0.142 0.149 0.138 0.141 0.138 0.147 0.147 0.154 0.163 0.154 0.158 0.141 0.151 0.139 0.141 0.153 0.143 0.147 0.145 0.134 0.139 0.137 0.136 0.145 0.146 0.138 0.143 
5 2 0.124 0.131 0.129 0.129 0.112 0.124 0.117 0.111 0.113 0.119 0.117 0.124 0.099 0.107 0.105 0.113 0.109 0.104 0.102 0.111 0.143 0.145 0.143 0.144 0.123 0.117 0.113 0.128 0.124 0.117 0.122 0.116 0.110 0.108 0.111 0.103 0.108 0.107 0.111 0.111 0.131 0.135 0.128 0.129 0.108 0.114 0.104 0.106 0.118 0.112 0.114 0.113 0.101 0.103 0.101 0.103 0.108 0.108 0.103 0.108 
5 3 0.103 0.109 0.106 0.110 0.089 0.097 0.092 0.088 0.088 0.091 0.091 0.096 0.074 0.079 0.077 0.084 0.080 0.076 0.076 0.082 0.126 0.126 0.123 0.120 0.096 0.093 0.089 0.099 0.099 0.093 0.098 0.091 0.081 0.080 0.083 0.076 0.082 0.082 0.082 0.082 0.113 0.114 0.110 0.110 0.086 0.090 0.082 0.085 0.092 0.089 0.088 0.088 0.075 0.076 0.075 0.077 0.080 0.081 0.077 0.080 
5 4 0.075 0.080 0.079 0.081 0.063 0.070 0.066 0.064 0.063 0.064 0.066 0.067 0.053 0.056 0.054 0.058 0.056 0.054 0.054 0.057 0.146 0.137 0.134 0.128 0.102 0.105 0.095 0.102 0.079 0.072 0.074 0.071 0.064 0.063 0.073 0.067 0.062 0.060 0.060 0.061 0.084 0.086 0.082 0.085 0.065 0.067 0.059 0.063 0.067 0.066 0.064 0.066 0.053 0.055 0.054 0.055 0.057 0.058 0.054 0.056 
5 5 0.051 0.056 0.055 0.056 0.042 0.049 0.045 0.044 0.044 0.044 0.046 0.046 0.037 0.038 0.037 0.040 0.039 0.038 0.038 0.039 0.208 0.186 0.187 0.179 0.170 0.192 0.164 0.165 0.062 0.054 0.053 0.053 0.058 0.056 0.090 0.094 0.045 0.043 0.043 0.045 0.058 0.061 0.057 0.062 0.046 0.048 0.041 0.045 0.046 0.046 0.045 0.048 0.036 0.039 0.039 0.039 0.039 0.040 0.037 0.038 
5 6 0.034 0.038 0.037 0.038 0.028 0.033 0.030 0.029 0.029 0.030 0.031 0.031 0.025 0.026 0.025 0.027 0.026 0.026 0.026 0.026 0.286 0.255 0.266 0.253 0.293 0.332 0.290 0.289 0.046 0.039 0.037 0.038 0.057 0.053 0.143 0.166 0.033 0.030 0.030 0.032 0.039 0.042 0.039 0.043 0.032 0.034 0.028 0.032 0.032 0.032 0.031 0.034 0.024 0.027 0.027 0.026 0.027 0.028 0.025 0.026 
5 7 0.023 0.025 0.025 0.025 0.019 0.022 0.020 0.020 0.020 0.020 0.021 0.021 0.017 0.017 0.017 0.018 0.018 0.018 0.017 0.017 0.350 0.316 0.342 0.322 0.421 0.463 0.424 0.422 0.033 0.028 0.025 0.026 0.055 0.051 0.219 0.255 0.023 0.020 0.021 0.023 0.026 0.030 0.027 0.030 0.022 0.023 0.019 0.022 0.021 0.022 0.022 0.024 0.016 0.019 0.019 0.018 0.018 0.019 0.016 0.018 
5 8 0.015 0.017 0.017 0.017 0.013 0.015 0.013 0.013 0.013 0.013 0.014 0.014 0.011 0.012 0.011 0.012 0.012 0.012 0.012 0.012 0.387 0.360 0.396 0.375 0.526 0.560 0.530 0.531 0.023 0.020 0.017 0.018 0.050 0.049 0.292 0.323 0.017 0.014 0.014 0.016 0.018 0.021 0.018 0.021 0.015 0.016 0.013 0.015 0.014 0.015 0.015 0.017 0.011 0.013 0.013 0.012 0.012 0.013 0.011 0.012 
5 9 0.010 0.011 0.011 0.011 0.008 0.010 0.009 0.009 0.009 0.009 0.009 0.009 0.007 0.008 0.008 0.008 0.008 0.008 0.008 0.008 0.399 0.390 0.416 0.409 0.599 0.623 0.598 0.606 0.016 0.014 0.012 0.013 0.044 0.046 0.343 0.357 0.012 0.009 0.010 0.011 0.012 0.015 0.012 0.014 0.011 0.011 0.009 0.011 0.010 0.010 0.010 0.012 0.007 0.009 0.010 0.008 0.008 0.009 0.007 0.008 
5 10 0.007 0.007 0.007 0.008 0.006 0.007 0.006 0.006 0.006 0.006 0.006 0.006 0.005 0.005 0.005 0.005 0.005 0.005 0.005 0.005 0.395 0.413 0.398 0.423 0.640 0.658 0.630 0.649 0.011 0.010 0.008 0.009 0.038 0.044 0.365 0.361 0.008 0.007 0.006 0.008 0.008 0.011 0.008 0.010 0.008 0.008 0.006 0.007 0.006 0.007 0.007 0.008 0.005 0.006 0.007 0.005 0.006 0.006 0.005 0.005 
5 11 0.005 0.005 0.005 0.005 0.004 0.004 0.004 0.004 0.004 0.004 0.004 0.004 0.003 0.003 0.003 0.004 0.003 0.004 0.003 0.003 0.384 0.429 0.352 0.418 0.651 0.675 0.630 0.666 0.008 0.007 0.006 0.007 0.032 0.044 0.361 0.347 0.006 0.005 0.004 0.005 0.005 0.008 0.006 0.007 0.006 0.006 0.004 0.005 0.004 0.005 0.005 0.006 0.003 0.004 0.005 0.004 0.004 0.004 0.003 0.004 
5 12 0.003 0.003 0.003 0.003 0.002 0.003 0.003 0.003 0.003 0.003 0.003 0.003 0.002 0.002 0.002 0.002 0.002 0.002 0.002 0.002 0.371 0.439 0.295 0.400 0.639 0.678 0.608 0.665 0.006 0.005 0.004 0.005 0.028 0.046 0.340 0.322 0.005 0.003 0.003 0.004 0.004 0.007 0.004 0.005 0.004 0.004 0.003 0.004 0.003 0.003 0.003 0.004 0.002 0.003 0.005 0.002 0.003 0.003 0.002 0.003 
5 13 0.002 0.002 0.002 0.002 0.002 0.002 0.002 0.002 0.002 0.002 0.002 0.002 0.001 0.002 0.002 0.002 0.002 0.002 0.002 0.002 0.359 0.442 0.241 0.376 0.614 0.669 0.574 0.652 0.004 0.003 0.003 0.004 0.025 0.048 0.309 0.293 0.004 0.003 0.002 0.003 0.002 0.005 0.003 0.004 0.003 0.003 0.002 0.003 0.002 0.002 0.002 0.003 0.001 0.002 0.004 0.002 0.002 0.002 0.001 0.002 
5 14 0.001 0.001 0.001 0.002 0.001 0.001 0.001 0.001 0.001 0.001 0.001 0.001 0.001 0.001 0.001 0.001 0.001 0.001 0.001 0.001 0.350 0.438 0.195 0.351 0.583 0.651 0.536 0.636 0.003 0.003 0.002 0.003 0.022 0.051 0.275 0.263 0.003 0.002 0.001 0.002 0.002 0.004 0.002 0.003 0.003 0.002 0.001 0.002 0.001 0.002 0.002 0.002 0.001 0.001 0.004 0.001 0.001 0.002 0.001 0.001 
5 15 0.001 0.001 0.001 0.001 0.001 0.001 0.001 0.001 0.001 0.001 0.001 0.001 0.001 0.001 0.001 0.001 0.001 0.001 0.001 0.001 0.338 0.425 0.156 0.325 0.542 0.618 0.491 0.611 0.002 0.002 0.002 0.002 0.020 0.055 0.236 0.226 0.003 0.002 0.001 0.001 0.001 0.004 0.001 0.002 0.002 0.002 0.001 0.001 0.001 0.001 0.001 0.002 0.001 0.001 0.004 0.001 0.001 0.001 0.001 0.001 
6 0 0.000 0.000 0.000 0.000 0.000 0.000 0.000 0.000 0.000 0.000 0.000 0.000 0.000 0.000 0.000 0.000 0.000 0.000 0.000 0.000 0.000 0.000 0.000 0.000 0.000 0.000 0.000 0.000 0.000 0.000 0.000 0.000 0.000 0.000 0.000 0.000 0.000 0.000 0.000 0.000 0.000 0.000 0.000 0.000 0.000 0.000 0.000 0.000 0.000 0.000 0.000 0.000 0.000 0.000 0.000 0.000 0.000 0.000 0.000 0.000 
6 1 0.153 0.161 0.162 0.155 0.145 0.155 0.149 0.144 0.150 0.156 0.154 0.158 0.134 0.143 0.141 0.147 0.147 0.143 0.139 0.148 0.161 0.163 0.163 0.165 0.154 0.148 0.145 0.162 0.154 0.149 0.148 0.144 0.148 0.142 0.149 0.138 0.141 0.138 0.147 0.147 0.154 0.163 0.154 0.158 0.141 0.151 0.139 0.141 0.153 0.143 0.147 0.145 0.134 0.139 0.137 0.136 0.145 0.146 0.138 0.143 
6 2 0.124 0.131 0.129 0.129 0.112 0.124 0.117 0.111 0.113 0.119 0.117 0.124 0.099 0.107 0.105 0.113 0.109 0.104 0.102 0.111 0.143 0.145 0.143 0.144 0.123 0.117 0.113 0.128 0.124 0.117 0.122 0.116 0.110 0.108 0.111 0.103 0.108 0.107 0.111 0.111 0.131 0.135 0.128 0.129 0.108 0.114 0.104 0.106 0.118 0.112 0.114 0.113 0.101 0.103 0.101 0.103 0.108 0.108 0.103 0.108 
6 3 0.103 0.109 0.106 0.110 0.089 0.097 0.092 0.088 0.088 0.091 0.091 0.096 0.074 0.079 0.077 0.084 0.080 0.076 0.076 0.082 0.126 0.126 0.123 0.120 0.096 0.093 0.089 0.099 0.099 0.093 0.098 0.091 0.081 0.080 0.083 0.076 0.082 0.082 0.082 0.082 0.113 0.114 0.110 0.110 0.086 0.090 0.082 0.085 0.092 0.089 0.088 0.088 0.075 0.076 0.075 0.077 0.080 0.081 0.077 0.080 
6 4 0.080 0.083 0.078 0.085 0.067 0.073 0.068 0.067 0.065 0.065 0.066 0.068 0.053 0.056 0.054 0.059 0.056 0.053 0.054 0.057 0.137 0.136 0.135 0.132 0.074 0.073 0.069 0.074 0.111 0.104 0.108 0.104 0.058 0.060 0.061 0.055 0.072 0.073 0.064 0.065 0.088 0.086 0.082 0.082 0.064 0.067 0.061 0.062 0.067 0.063 0.062 0.063 0.055 0.055 0.055 0.056 0.055 0.057 0.055 0.056 
6 5 0.058 0.059 0.054 0.061 0.048 0.053 0.048 0.048 0.045 0.044 0.046 0.047 0.036 0.039 0.037 0.040 0.038 0.036 0.038 0.039 0.172 0.178 0.185 0.193 0.055 0.054 0.053 0.054 0.188 0.180 0.180 0.197 0.041 0.045 0.043 0.039 0.078 0.086 0.055 0.060 0.063 0.061 0.057 0.057 0.045 0.046 0.043 0.043 0.046 0.043 0.042 0.043 0.038 0.039 0.039 0.039 0.037 0.038 0.038 0.038 
6 6 0.040 0.040 0.037 0.042 0.033 0.037 0.033 0.033 0.031 0.030 0.031 0.032 0.025 0.027 0.025 0.027 0.026 0.024 0.026 0.027 0.222 0.246 0.259 0.283 0.040 0.038 0.039 0.038 0.311 0.307 0.307 0.346 0.029 0.033 0.030 0.028 0.103 0.127 0.051 0.063 0.043 0.042 0.039 0.038 0.031 0.031 0.030 0.029 0.031 0.029 0.029 0.029 0.026 0.027 0.027 0.027 0.025 0.026 0.025 0.025 
6 7 0.028 0.027 0.025 0.029 0.023 0.026 0.022 0.023 0.021 0.020 0.021 0.022 0.017 0.018 0.017 0.018 0.017 0.016 0.017 0.018 0.278 0.326 0.333 0.363 0.028 0.027 0.028 0.027 0.434 0.436 0.442 0.487 0.020 0.024 0.020 0.019 0.146 0.187 0.053 0.072 0.030 0.028 0.026 0.026 0.021 0.021 0.020 0.019 0.021 0.020 0.019 0.019 0.018 0.018 0.018 0.019 0.017 0.017 0.017 0.017 
6 8 0.019 0.018 0.017 0.020 0.015 0.018 0.015 0.015 0.014 0.013 0.014 0.015 0.011 0.012 0.011 0.012 0.012 0.011 0.012 0.012 0.336 0.395 0.383 0.410 0.020 0.019 0.019 0.019 0.531 0.540 0.547 0.591 0.015 0.018 0.014 0.013 0.204 0.253 0.060 0.081 0.020 0.019 0.017 0.017 0.014 0.014 0.014 0.013 0.014 0.013 0.013 0.013 0.012 0.012 0.013 0.013 0.011 0.012 0.011 0.011 
6 9 0.013 0.012 0.011 0.013 0.010 0.013 0.010 0.010 0.010 0.009 0.009 0.010 0.007 0.008 0.008 0.008 0.008 0.007 0.008 0.008 0.386 0.436 0.396 0.415 0.014 0.013 0.013 0.015 0.597 0.612 0.612 0.648 0.011 0.014 0.009 0.009 0.269 0.306 0.071 0.090 0.014 0.013 0.012 0.012 0.010 0.009 0.009 0.009 0.010 0.009 0.009 0.009 0.008 0.008 0.009 0.009 0.007 0.008 0.008 0.007 
6 10 0.009 0.008 0.008 0.009 0.007 0.009 0.007 0.007 0.007 0.006 0.006 0.007 0.005 0.006 0.005 0.005 0.005 0.005 0.005 0.006 0.422 0.448 0.378 0.384 0.010 0.009 0.009 0.012 0.638 0.653 0.640 0.664 0.009 0.012 0.006 0.007 0.327 0.341 0.088 0.096 0.010 0.009 0.008 0.008 0.006 0.006 0.006 0.006 0.007 0.006 0.006 0.006 0.006 0.006 0.006 0.006 0.005 0.005 0.005 0.005 
6 11 0.006 0.005 0.005 0.006 0.005 0.007 0.005 0.005 0.005 0.004 0.004 0.006 0.003 0.004 0.003 0.004 0.004 0.003 0.004 0.004 0.441 0.437 0.342 0.333 0.007 0.007 0.006 0.011 0.660 0.669 0.638 0.648 0.008 0.010 0.004 0.005 0.372 0.359 0.108 0.100 0.007 0.006 0.005 0.005 0.004 0.004 0.004 0.004 0.005 0.004 0.004 0.004 0.004 0.004 0.004 0.004 0.003 0.003 0.003 0.003 
6 12 0.004 0.004 0.004 0.004 0.003 0.005 0.003 0.003 0.003 0.003 0.003 0.006 0.002 0.003 0.002 0.002 0.003 0.002 0.003 0.003 0.446 0.410 0.300 0.278 0.005 0.005 0.004 0.010 0.671 0.664 0.618 0.614 0.008 0.010 0.003 0.004 0.400 0.364 0.128 0.101 0.005 0.004 0.003 0.004 0.003 0.003 0.003 0.003 0.003 0.003 0.003 0.003 0.003 0.003 0.003 0.003 0.002 0.002 0.002 0.002 
6 13 0.003 0.002 0.003 0.003 0.002 0.004 0.002 0.002 0.003 0.002 0.003 0.006 0.001 0.002 0.002 0.002 0.002 0.002 0.002 0.003 0.442 0.377 0.261 0.227 0.004 0.003 0.003 0.009 0.674 0.647 0.588 0.572 0.007 0.009 0.002 0.003 0.413 0.360 0.146 0.100 0.003 0.003 0.002 0.002 0.002 0.002 0.002 0.002 0.002 0.002 0.002 0.002 0.003 0.002 0.002 0.002 0.002 0.002 0.002 0.001 
6 14 0.002 0.002 0.002 0.002 0.001 0.004 0.001 0.001 0.002 0.002 0.002 0.008 0.001 0.002 0.001 0.001 0.002 0.001 0.002 0.003 0.434 0.344 0.228 0.184 0.003 0.002 0.002 0.008 0.672 0.624 0.557 0.533 0.007 0.009 0.002 0.002 0.417 0.352 0.159 0.097 0.003 0.002 0.002 0.002 0.002 0.001 0.002 0.001 0.002 0.001 0.001 0.001 0.003 0.001 0.002 0.002 0.001 0.001 0.001 0.001 
6 15 0.002 0.001 0.002 0.002 0.001 0.003 0.001 0.001 0.002 0.001 0.002 0.011 0.001 0.001 0.001 0.001 0.001 0.001 0.002 0.003 0.426 0.310 0.196 0.149 0.002 0.002 0.001 0.008 0.653 0.579 0.505 0.482 0.006 0.009 0.001 0.002 0.392 0.324 0.171 0.093 0.002 0.002 0.001 0.001 0.001 0.001 0.001 0.001 0.001 0.001 0.001 0.001 0.002 0.001 0.001 0.001 0.001 0.001 0.001 0.001 
7 0 0.000 0.000 0.000 0.000 0.000 0.000 0.000 0.000 0.000 0.000 0.000 0.000 0.000 0.000 0.000 0.000 0.000 0.000 0.000 0.000 0.000 0.000 0.000 0.000 0.000 0.000 0.000 0.000 0.000 0.000 0.000 0.000 0.000 0.000 0.000 0.000 0.000 0.000 0.000 0.000 0.000 0.000 0.000 0.000 0.000 0.000 0.000 0.000 0.000 0.000 0.000 0.000 0.000 0.000 0.000 0.000 0.000 0.000 0.000 0.000 
7 1 0.153 0.161 0.162 0.155 0.145 0.155 0.149 0.144 0.150 0.156 0.154 0.158 0.134 0.143 0.141 0.147 0.147 0.143 0.139 0.148 0.161 0.163 0.163 0.165 0.154 0.148 0.145 0.162 0.154 0.149 0.148 0.144 0.148 0.142 0.149 0.138 0.141 0.138 0.147 0.147 0.154 0.163 0.154 0.158 0.141 0.151 0.139 0.141 0.153 0.143 0.147 0.145 0.134 0.139 0.137 0.136 0.145 0.146 0.138 0.143 
7 2 0.124 0.131 0.129 0.129 0.112 0.124 0.117 0.111 0.113 0.119 0.117 0.124 0.099 0.107 0.105 0.113 0.109 0.104 0.102 0.111 0.143 0.145 0.143 0.144 0.123 0.117 0.113 0.128 0.124 0.117 0.122 0.116 0.110 0.108 0.111 0.103 0.108 0.107 0.111 0.111 0.131 0.135 0.128 0.129 0.108 0.114 0.104 0.106 0.118 0.112 0.114 0.113 0.101 0.103 0.101 0.103 0.108 0.108 0.103 0.108 
7 3 0.103 0.109 0.106 0.110 0.089 0.097 0.092 0.088 0.088 0.091 0.091 0.096 0.074 0.079 0.077 0.084 0.080 0.076 0.076 0.082 0.126 0.126 0.123 0.120 0.096 0.093 0.089 0.099 0.099 0.093 0.098 0.091 0.081 0.080 0.083 0.076 0.082 0.082 0.082 0.082 0.113 0.114 0.110 0.110 0.086 0.090 0.082 0.085 0.092 0.089 0.088 0.088 0.075 0.076 0.075 0.077 0.080 0.081 0.077 0.080 
7 4 0.079 0.083 0.078 0.082 0.065 0.072 0.067 0.065 0.064 0.064 0.066 0.069 0.053 0.056 0.054 0.058 0.056 0.053 0.054 0.057 0.139 0.136 0.138 0.137 0.075 0.073 0.070 0.075 0.111 0.101 0.106 0.103 0.058 0.060 0.061 0.055 0.068 0.068 0.067 0.069 0.086 0.085 0.082 0.081 0.064 0.066 0.061 0.061 0.066 0.063 0.062 0.063 0.054 0.055 0.055 0.056 0.055 0.057 0.054 0.055 
7 5 0.057 0.060 0.054 0.057 0.045 0.050 0.047 0.046 0.045 0.044 0.045 0.047 0.036 0.039 0.037 0.039 0.039 0.037 0.037 0.039 0.178 0.174 0.194 0.208 0.057 0.054 0.053 0.054 0.186 0.169 0.175 0.187 0.042 0.045 0.044 0.039 0.063 0.064 0.068 0.077 0.060 0.059 0.056 0.056 0.045 0.046 0.043 0.042 0.046 0.043 0.042 0.042 0.037 0.038 0.039 0.040 0.037 0.038 0.037 0.037 
7 6 0.039 0.041 0.037 0.039 0.031 0.035 0.032 0.031 0.031 0.030 0.031 0.032 0.025 0.026 0.025 0.027 0.026 0.025 0.025 0.027 0.229 0.230 0.275 0.306 0.042 0.039 0.039 0.039 0.305 0.288 0.303 0.323 0.030 0.033 0.031 0.027 0.063 0.067 0.090 0.111 0.041 0.040 0.038 0.038 0.030 0.031 0.030 0.028 0.031 0.029 0.028 0.028 0.025 0.026 0.027 0.028 0.025 0.026 0.025 0.025 
7 7 0.027 0.028 0.025 0.026 0.021 0.024 0.021 0.021 0.021 0.020 0.021 0.022 0.017 0.018 0.017 0.018 0.018 0.017 0.017 0.018 0.284 0.293 0.356 0.390 0.030 0.027 0.028 0.027 0.426 0.415 0.441 0.453 0.022 0.024 0.021 0.019 0.067 0.070 0.136 0.165 0.028 0.027 0.026 0.026 0.020 0.021 0.020 0.019 0.021 0.019 0.019 0.019 0.017 0.018 0.019 0.019 0.017 0.017 0.016 0.017 
7 8 0.018 0.019 0.017 0.018 0.014 0.016 0.014 0.014 0.015 0.013 0.014 0.015 0.011 0.012 0.011 0.012 0.012 0.012 0.011 0.012 0.341 0.350 0.415 0.440 0.021 0.019 0.020 0.020 0.527 0.521 0.549 0.547 0.016 0.017 0.014 0.013 0.072 0.071 0.204 0.226 0.019 0.018 0.017 0.017 0.014 0.014 0.014 0.013 0.014 0.013 0.013 0.013 0.011 0.012 0.013 0.014 0.011 0.012 0.011 0.011 
7 9 0.012 0.013 0.011 0.012 0.009 0.011 0.010 0.009 0.010 0.009 0.009 0.011 0.007 0.008 0.008 0.008 0.008 0.008 0.008 0.008 0.395 0.389 0.441 0.452 0.015 0.013 0.014 0.015 0.601 0.599 0.616 0.598 0.013 0.013 0.010 0.009 0.079 0.070 0.282 0.280 0.013 0.013 0.011 0.012 0.009 0.010 0.010 0.009 0.010 0.009 0.008 0.008 0.008 0.008 0.009 0.010 0.007 0.008 0.007 0.007 
7 10 0.008 0.009 0.008 0.008 0.006 0.007 0.006 0.006 0.007 0.006 0.007 0.009 0.005 0.006 0.005 0.005 0.006 0.006 0.005 0.006 0.443 0.410 0.438 0.433 0.010 0.009 0.009 0.012 0.651 0.652 0.643 0.613 0.011 0.010 0.007 0.006 0.085 0.066 0.356 0.317 0.009 0.009 0.008 0.008 0.006 0.006 0.007 0.006 0.007 0.006 0.006 0.006 0.005 0.005 0.006 0.007 0.005 0.005 0.005 0.005 
7 11 0.006 0.006 0.005 0.005 0.004 0.005 0.004 0.004 0.006 0.004 0.005 0.008 0.003 0.004 0.003 0.004 0.004 0.004 0.004 0.004 0.483 0.414 0.414 0.395 0.007 0.007 0.006 0.010 0.683 0.683 0.639 0.600 0.009 0.008 0.005 0.005 0.092 0.062 0.416 0.336 0.006 0.006 0.005 0.005 0.004 0.004 0.005 0.004 0.004 0.004 0.004 0.004 0.004 0.004 0.004 0.005 0.003 0.003 0.003 0.003 
7 12 0.004 0.004 0.004 0.004 0.003 0.004 0.003 0.003 0.004 0.003 0.003 0.008 0.002 0.003 0.002 0.002 0.004 0.003 0.003 0.003 0.513 0.405 0.380 0.350 0.005 0.005 0.004 0.009 0.703 0.696 0.612 0.572 0.008 0.007 0.003 0.003 0.098 0.059 0.457 0.339 0.004 0.004 0.003 0.003 0.003 0.003 0.004 0.003 0.003 0.003 0.003 0.003 0.003 0.002 0.003 0.003 0.002 0.002 0.002 0.002 
7 13 0.003 0.003 0.003 0.002 0.002 0.002 0.002 0.002 0.004 0.003 0.003 0.009 0.001 0.002 0.002 0.002 0.003 0.003 0.002 0.003 0.536 0.388 0.342 0.304 0.004 0.004 0.003 0.008 0.715 0.695 0.575 0.535 0.007 0.007 0.003 0.003 0.104 0.056 0.482 0.332 0.003 0.003 0.002 0.002 0.002 0.002 0.003 0.002 0.002 0.002 0.002 0.002 0.002 0.002 0.002 0.002 0.002 0.002 0.001 0.001 
7 14 0.002 0.002 0.002 0.002 0.001 0.002 0.001 0.001 0.004 0.002 0.002 0.011 0.001 0.001 0.001 0.001 0.003 0.003 0.002 0.002 0.551 0.368 0.307 0.263 0.003 0.003 0.002 0.007 0.722 0.686 0.536 0.498 0.006 0.006 0.002 0.002 0.110 0.054 0.495 0.319 0.002 0.002 0.002 0.002 0.001 0.002 0.002 0.001 0.002 0.001 0.001 0.001 0.002 0.001 0.002 0.002 0.001 0.001 0.001 0.001 
7 15 0.001 0.001 0.001 0.001 0.001 0.001 0.001 0.001 0.004 0.002 0.002 0.015 0.001 0.001 0.001 0.001 0.003 0.003 0.001 0.002 0.558 0.339 0.271 0.222 0.003 0.002 0.001 0.007 0.716 0.664 0.485 0.457 0.005 0.007 0.002 0.002 0.112 0.051 0.491 0.292 0.002 0.001 0.001 0.001 0.001 0.001 0.002 0.001 0.001 0.001 0.001 0.001 0.001 0.001 0.001 0.001 0.001 0.001 0.001 0.001 
8 0 0.000 0.000 0.000 0.000 0.000 0.000 0.000 0.000 0.000 0.000 0.000 0.000 0.000 0.000 0.000 0.000 0.000 0.000 0.000 0.000 0.000 0.000 0.000 0.000 0.000 0.000 0.000 0.000 0.000 0.000 0.000 0.000 0.000 0.000 0.000 0.000 0.000 0.000 0.000 0.000 0.000 0.000 0.000 0.000 0.000 0.000 0.000 0.000 0.000 0.000 0.000 0.000 0.000 0.000 0.000 0.000 0.000 0.000 0.000 0.000 
8 1 0.153 0.161 0.162 0.155 0.145 0.155 0.149 0.144 0.150 0.156 0.154 0.158 0.134 0.143 0.141 0.147 0.147 0.143 0.139 0.148 0.161 0.163 0.163 0.165 0.154 0.148 0.145 0.162 0.154 0.149 0.148 0.144 0.148 0.142 0.149 0.138 0.141 0.138 0.147 0.147 0.154 0.163 0.154 0.158 0.141 0.151 0.139 0.141 0.153 0.143 0.147 0.145 0.134 0.139 0.137 0.136 0.145 0.146 0.138 0.143 
8 2 0.124 0.131 0.129 0.129 0.112 0.124 0.117 0.111 0.113 0.119 0.117 0.124 0.099 0.107 0.105 0.113 0.109 0.104 0.102 0.111 0.143 0.145 0.143 0.144 0.123 0.117 0.113 0.128 0.124 0.117 0.122 0.116 0.110 0.108 0.111 0.103 0.108 0.107 0.111 0.111 0.131 0.135 0.128 0.129 0.108 0.114 0.104 0.106 0.118 0.112 0.114 0.113 0.101 0.103 0.101 0.103 0.108 0.108 0.103 0.108 
8 3 0.103 0.109 0.106 0.110 0.089 0.097 0.092 0.088 0.088 0.091 0.091 0.096 0.074 0.079 0.077 0.084 0.080 0.076 0.076 0.082 0.126 0.126 0.123 0.120 0.096 0.093 0.089 0.099 0.099 0.093 0.098 0.091 0.081 0.080 0.083 0.076 0.082 0.082 0.082 0.082 0.113 0.114 0.110 0.110 0.086 0.090 0.082 0.085 0.092 0.089 0.088 0.088 0.075 0.076 0.075 0.077 0.080 0.081 0.077 0.080 
8 4 0.078 0.080 0.080 0.082 0.066 0.069 0.068 0.065 0.065 0.065 0.067 0.069 0.053 0.056 0.055 0.058 0.057 0.054 0.056 0.057 0.099 0.098 0.096 0.090 0.072 0.069 0.067 0.074 0.075 0.069 0.072 0.067 0.057 0.057 0.060 0.054 0.060 0.057 0.058 0.057 0.134 0.131 0.138 0.135 0.102 0.108 0.104 0.105 0.072 0.072 0.068 0.070 0.070 0.068 0.062 0.063 0.060 0.061 0.059 0.058 
8 5 0.055 0.055 0.056 0.057 0.047 0.047 0.048 0.047 0.047 0.045 0.047 0.048 0.036 0.038 0.038 0.040 0.039 0.038 0.040 0.039 0.072 0.070 0.070 0.064 0.053 0.049 0.049 0.053 0.054 0.049 0.050 0.047 0.039 0.039 0.043 0.038 0.042 0.039 0.040 0.039 0.199 0.195 0.211 0.210 0.188 0.205 0.215 0.198 0.054 0.058 0.051 0.054 0.099 0.088 0.060 0.058 0.045 0.046 0.043 0.041 
8 6 0.038 0.038 0.039 0.039 0.032 0.032 0.033 0.033 0.032 0.030 0.033 0.033 0.025 0.026 0.026 0.027 0.027 0.026 0.028 0.026 0.050 0.049 0.049 0.045 0.037 0.034 0.035 0.038 0.037 0.034 0.033 0.032 0.027 0.027 0.030 0.026 0.028 0.026 0.027 0.026 0.281 0.280 0.292 0.297 0.333 0.354 0.373 0.336 0.039 0.044 0.037 0.040 0.170 0.139 0.064 0.062 0.033 0.034 0.031 0.028 
8 7 0.026 0.026 0.027 0.026 0.022 0.021 0.023 0.023 0.022 0.020 0.023 0.022 0.017 0.018 0.018 0.018 0.018 0.018 0.020 0.018 0.034 0.033 0.034 0.031 0.026 0.023 0.025 0.026 0.025 0.023 0.022 0.022 0.018 0.018 0.020 0.018 0.019 0.017 0.018 0.018 0.354 0.353 0.354 0.359 0.476 0.492 0.509 0.464 0.028 0.032 0.026 0.029 0.258 0.210 0.071 0.070 0.025 0.025 0.021 0.019 
8 8 0.018 0.017 0.018 0.018 0.015 0.014 0.016 0.018 0.015 0.014 0.015 0.015 0.012 0.012 0.012 0.012 0.012 0.012 0.014 0.012 0.024 0.022 0.023 0.022 0.018 0.016 0.017 0.018 0.017 0.015 0.015 0.015 0.012 0.012 0.014 0.012 0.013 0.011 0.012 0.012 0.400 0.399 0.389 0.391 0.578 0.590 0.596 0.552 0.020 0.023 0.019 0.021 0.325 0.276 0.075 0.079 0.018 0.018 0.015 0.013 
8 9 0.012 0.012 0.013 0.012 0.010 0.010 0.011 0.014 0.010 0.009 0.011 0.010 0.008 0.008 0.008 0.008 0.008 0.008 0.009 0.008 0.016 0.015 0.016 0.016 0.013 0.011 0.012 0.013 0.011 0.010 0.010 0.010 0.008 0.008 0.010 0.008 0.008 0.008 0.008 0.008 0.416 0.426 0.409 0.403 0.632 0.642 0.626 0.597 0.015 0.017 0.014 0.015 0.351 0.319 0.072 0.086 0.014 0.013 0.010 0.009 
8 10 0.008 0.008 0.009 0.008 0.007 0.007 0.008 0.012 0.007 0.006 0.007 0.007 0.006 0.006 0.006 0.006 0.006 0.006 0.006 0.005 0.011 0.010 0.011 0.012 0.009 0.007 0.008 0.009 0.008 0.007 0.007 0.007 0.006 0.006 0.007 0.006 0.006 0.005 0.005 0.005 0.406 0.444 0.423 0.404 0.647 0.655 0.607 0.608 0.012 0.013 0.011 0.011 0.339 0.336 0.066 0.087 0.011 0.010 0.007 0.006 
8 11 0.006 0.006 0.006 0.005 0.005 0.004 0.005 0.012 0.005 0.004 0.005 0.005 0.005 0.004 0.004 0.004 0.004 0.004 0.004 0.004 0.008 0.007 0.007 0.010 0.006 0.005 0.006 0.006 0.005 0.005 0.004 0.004 0.004 0.004 0.004 0.004 0.004 0.003 0.004 0.003 0.379 0.456 0.434 0.397 0.634 0.641 0.555 0.595 0.010 0.010 0.010 0.008 0.303 0.332 0.059 0.084 0.009 0.008 0.005 0.004 
8 12 0.004 0.004 0.004 0.004 0.004 0.003 0.004 0.011 0.003 0.003 0.003 0.003 0.004 0.003 0.003 0.003 0.003 0.003 0.003 0.002 0.006 0.005 0.005 0.008 0.004 0.003 0.004 0.004 0.004 0.003 0.003 0.003 0.003 0.003 0.003 0.003 0.003 0.002 0.002 0.002 0.346 0.464 0.442 0.382 0.605 0.612 0.489 0.567 0.009 0.008 0.009 0.007 0.260 0.318 0.051 0.078 0.008 0.006 0.004 0.003 
8 13 0.003 0.003 0.003 0.002 0.003 0.002 0.003 0.011 0.002 0.002 0.002 0.002 0.003 0.002 0.002 0.002 0.002 0.002 0.002 0.002 0.004 0.003 0.004 0.007 0.003 0.002 0.003 0.003 0.002 0.002 0.002 0.002 0.002 0.002 0.002 0.002 0.002 0.002 0.002 0.002 0.314 0.469 0.449 0.362 0.570 0.578 0.425 0.530 0.009 0.007 0.009 0.006 0.218 0.303 0.044 0.071 0.007 0.005 0.003 0.002 
8 14 0.002 0.002 0.002 0.002 0.002 0.001 0.002 0.011 0.001 0.001 0.002 0.001 0.003 0.002 0.001 0.001 0.002 0.002 0.001 0.001 0.003 0.002 0.003 0.007 0.002 0.002 0.002 0.002 0.002 0.001 0.001 0.001 0.001 0.001 0.002 0.001 0.001 0.001 0.001 0.001 0.287 0.473 0.454 0.340 0.537 0.548 0.372 0.493 0.009 0.006 0.009 0.005 0.183 0.290 0.038 0.064 0.007 0.004 0.002 0.002 
8 15 0.002 0.001 0.002 0.001 0.002 0.001 0.001 0.011 0.001 0.001 0.001 0.001 0.002 0.001 0.001 0.001 0.001 0.001 0.001 0.001 0.003 0.001 0.002 0.006 0.001 0.001 0.002 0.002 0.001 0.001 0.001 0.001 0.001 0.001 0.001 0.001 0.001 0.001 0.001 0.001 0.263 0.474 0.457 0.316 0.505 0.514 0.325 0.452 0.010 0.005 0.009 0.004 0.149 0.273 0.032 0.058 0.007 0.003 0.002 0.002 
9 0 0.000 0.000 0.000 0.000 0.000 0.000 0.000 0.000 0.000 0.000 0.000 0.000 0.000 0.000 0.000 0.000 0.000 0.000 0.000 0.000 0.000 0.000 0.000 0.000 0.000 0.000 0.000 0.000 0.000 0.000 0.000 0.000 0.000 0.000 0.000 0.000 0.000 0.000 0.000 0.000 0.000 0.000 0.000 0.000 0.000 0.000 0.000 0.000 0.000 0.000 0.000 0.000 0.000 0.000 0.000 0.000 0.000 0.000 0.000 0.000 
9 1 0.153 0.161 0.162 0.155 0.145 0.155 0.149 0.144 0.150 0.156 0.154 0.158 0.134 0.143 0.141 0.147 0.147 0.143 0.139 0.148 0.161 0.163 0.163 0.165 0.154 0.148 0.145 0.162 0.154 0.149 0.148 0.144 0.148 0.142 0.149 0.138 0.141 0.138 0.147 0.147 0.154 0.163 0.154 0.158 0.141 0.151 0.139 0.141 0.153 0.143 0.147 0.145 0.134 0.139 0.137 0.136 0.145 0.146 0.138 0.143 
9 2 0.124 0.131 0.129 0.129 0.112 0.124 0.117 0.111 0.113 0.119 0.117 0.124 0.099 0.107 0.105 0.113 0.109 0.104 0.102 0.111 0.143 0.145 0.143 0.144 0.123 0.117 0.113 0.128 0.124 0.117 0.122 0.116 0.110 0.108 0.111 0.103 0.108 0.107 0.111 0.111 0.131 0.135 0.128 0.129 0.108 0.114 0.104 0.106 0.118 0.112 0.114 0.113 0.101 0.103 0.101 0.103 0.108 0.108 0.103 0.108 
9 3 0.103 0.109 0.106 0.110 0.089 0.097 0.092 0.088 0.088 0.091 0.091 0.096 0.074 0.079 0.077 0.084 0.080 0.076 0.076 0.082 0.126 0.126 0.123 0.120 0.096 0.093 0.089 0.099 0.099 0.093 0.098 0.091 0.081 0.080 0.083 0.076 0.082 0.082 0.082 0.082 0.113 0.114 0.110 0.110 0.086 0.090 0.082 0.085 0.092 0.089 0.088 0.088 0.075 0.076 0.075 0.077 0.080 0.081 0.077 0.080 
9 4 0.077 0.080 0.078 0.081 0.065 0.068 0.067 0.064 0.065 0.065 0.066 0.069 0.052 0.055 0.054 0.059 0.057 0.054 0.055 0.057 0.098 0.099 0.097 0.091 0.072 0.068 0.066 0.073 0.074 0.070 0.073 0.068 0.057 0.056 0.060 0.054 0.059 0.057 0.058 0.058 0.127 0.123 0.131 0.127 0.099 0.104 0.099 0.102 0.069 0.068 0.066 0.066 0.063 0.062 0.067 0.067 0.058 0.059 0.057 0.057 
9 5 0.054 0.055 0.054 0.056 0.045 0.046 0.047 0.045 0.045 0.045 0.046 0.048 0.036 0.038 0.037 0.040 0.039 0.037 0.038 0.039 0.070 0.072 0.071 0.065 0.051 0.047 0.047 0.052 0.052 0.050 0.051 0.048 0.039 0.038 0.041 0.037 0.041 0.038 0.039 0.040 0.181 0.170 0.191 0.190 0.182 0.192 0.204 0.199 0.050 0.050 0.048 0.047 0.062 0.058 0.088 0.083 0.041 0.042 0.040 0.040 
9 6 0.037 0.037 0.037 0.038 0.030 0.031 0.032 0.030 0.031 0.030 0.031 0.032 0.024 0.025 0.025 0.027 0.027 0.025 0.026 0.026 0.048 0.050 0.050 0.046 0.035 0.032 0.033 0.036 0.036 0.034 0.035 0.033 0.026 0.026 0.028 0.025 0.027 0.026 0.026 0.027 0.259 0.238 0.263 0.273 0.326 0.334 0.366 0.349 0.034 0.035 0.033 0.032 0.067 0.060 0.147 0.134 0.028 0.029 0.028 0.027 
9 7 0.025 0.025 0.025 0.025 0.020 0.020 0.022 0.021 0.021 0.020 0.021 0.022 0.016 0.017 0.017 0.018 0.018 0.017 0.017 0.017 0.032 0.034 0.034 0.032 0.024 0.021 0.022 0.024 0.024 0.024 0.023 0.022 0.018 0.017 0.019 0.017 0.018 0.017 0.018 0.018 0.339 0.303 0.323 0.345 0.467 0.468 0.514 0.491 0.024 0.024 0.023 0.022 0.072 0.064 0.228 0.211 0.019 0.020 0.019 0.018 
9 8 0.017 0.017 0.017 0.017 0.014 0.014 0.015 0.014 0.014 0.013 0.014 0.015 0.011 0.011 0.011 0.012 0.013 0.012 0.012 0.012 0.022 0.023 0.023 0.022 0.016 0.014 0.015 0.016 0.016 0.016 0.016 0.015 0.012 0.011 0.013 0.011 0.012 0.011 0.012 0.012 0.400 0.350 0.363 0.393 0.566 0.561 0.615 0.591 0.016 0.016 0.016 0.015 0.071 0.068 0.299 0.283 0.013 0.013 0.013 0.012 
9 9 0.011 0.011 0.011 0.011 0.009 0.009 0.010 0.010 0.009 0.009 0.010 0.010 0.007 0.008 0.008 0.008 0.009 0.008 0.008 0.008 0.015 0.015 0.016 0.015 0.011 0.010 0.010 0.011 0.011 0.011 0.010 0.010 0.008 0.008 0.008 0.008 0.008 0.008 0.008 0.008 0.429 0.379 0.388 0.416 0.615 0.603 0.662 0.642 0.011 0.011 0.011 0.010 0.063 0.069 0.338 0.325 0.009 0.009 0.009 0.008 
9 10 0.008 0.008 0.008 0.008 0.006 0.006 0.007 0.007 0.006 0.006 0.006 0.007 0.005 0.005 0.005 0.006 0.006 0.006 0.005 0.005 0.010 0.010 0.010 0.011 0.007 0.006 0.007 0.008 0.007 0.007 0.007 0.007 0.005 0.005 0.006 0.005 0.005 0.005 0.005 0.005 0.426 0.393 0.404 0.418 0.621 0.602 0.650 0.650 0.008 0.008 0.008 0.007 0.053 0.067 0.345 0.330 0.006 0.006 0.006 0.006 
9 11 0.005 0.005 0.005 0.005 0.004 0.004 0.005 0.006 0.004 0.004 0.004 0.004 0.004 0.003 0.003 0.004 0.004 0.004 0.003 0.003 0.007 0.007 0.007 0.008 0.005 0.004 0.005 0.005 0.005 0.005 0.005 0.005 0.004 0.003 0.004 0.003 0.004 0.003 0.003 0.004 0.397 0.395 0.413 0.405 0.596 0.574 0.589 0.626 0.006 0.005 0.007 0.005 0.043 0.062 0.329 0.307 0.004 0.004 0.004 0.004 
9 12 0.004 0.003 0.004 0.003 0.003 0.003 0.003 0.005 0.003 0.003 0.003 0.003 0.003 0.002 0.002 0.003 0.003 0.003 0.002 0.002 0.005 0.005 0.005 0.006 0.003 0.003 0.003 0.004 0.003 0.003 0.003 0.003 0.002 0.002 0.003 0.002 0.002 0.002 0.002 0.002 0.355 0.388 0.417 0.383 0.556 0.535 0.501 0.584 0.005 0.004 0.006 0.003 0.033 0.056 0.299 0.271 0.003 0.003 0.003 0.003 
9 13 0.003 0.002 0.002 0.002 0.002 0.002 0.002 0.004 0.002 0.002 0.002 0.002 0.002 0.002 0.002 0.002 0.003 0.002 0.002 0.002 0.003 0.003 0.003 0.004 0.002 0.002 0.002 0.003 0.002 0.002 0.002 0.002 0.002 0.002 0.002 0.002 0.002 0.001 0.002 0.002 0.313 0.378 0.420 0.357 0.516 0.499 0.414 0.535 0.005 0.003 0.006 0.002 0.026 0.050 0.264 0.234 0.002 0.002 0.002 0.002 
9 14 0.002 0.002 0.002 0.002 0.001 0.001 0.001 0.004 0.001 0.001 0.001 0.001 0.001 0.001 0.001 0.001 0.002 0.002 0.001 0.001 0.002 0.002 0.002 0.003 0.001 0.001 0.002 0.002 0.002 0.002 0.001 0.001 0.001 0.001 0.001 0.001 0.001 0.001 0.001 0.001 0.278 0.370 0.423 0.333 0.484 0.473 0.341 0.491 0.005 0.002 0.006 0.002 0.021 0.046 0.230 0.203 0.002 0.001 0.002 0.002 
9 15 0.002 0.001 0.001 0.001 0.001 0.001 0.001 0.004 0.001 0.001 0.001 0.001 0.001 0.001 0.001 0.001 0.002 0.001 0.001 0.001 0.002 0.001 0.002 0.003 0.001 0.001 0.001 0.001 0.001 0.001 0.001 0.001 0.001 0.001 0.001 0.001 0.001 0.001 0.001 0.001 0.252 0.365 0.427 0.308 0.459 0.452 0.281 0.447 0.005 0.002 0.006 0.002 0.017 0.044 0.195 0.174 0.001 0.001 0.001 0.001 
10 0 0.000 0.000 0.000 0.000 0.000 0.000 0.000 0.000 0.000 0.000 0.000 0.000 0.000 0.000 0.000 0.000 0.000 0.000 0.000 0.000 0.000 0.000 0.000 0.000 0.000 0.000 0.000 0.000 0.000 0.000 0.000 0.000 0.000 0.000 0.000 0.000 0.000 0.000 0.000 0.000 0.000 0.000 0.000 0.000 0.000 0.000 0.000 0.000 0.000 0.000 0.000 0.000 0.000 0.000 0.000 0.000 0.000 0.000 0.000 0.000 
10 1 0.153 0.161 0.162 0.155 0.145 0.155 0.149 0.144 0.150 0.156 0.154 0.158 0.134 0.143 0.141 0.147 0.147 0.143 0.139 0.148 0.161 0.163 0.163 0.165 0.154 0.148 0.145 0.162 0.154 0.149 0.148 0.144 0.148 0.142 0.149 0.138 0.141 0.138 0.147 0.147 0.154 0.163 0.154 0.158 0.141 0.151 0.139 0.141 0.153 0.143 0.147 0.145 0.134 0.139 0.137 0.136 0.145 0.146 0.138 0.143 
10 2 0.124 0.131 0.129 0.129 0.112 0.124 0.117 0.111 0.113 0.119 0.117 0.124 0.099 0.107 0.105 0.113 0.109 0.104 0.102 0.111 0.143 0.145 0.143 0.144 0.123 0.117 0.113 0.128 0.124 0.117 0.122 0.116 0.110 0.108 0.111 0.103 0.108 0.107 0.111 0.111 0.131 0.135 0.128 0.129 0.108 0.114 0.104 0.106 0.118 0.112 0.114 0.113 0.101 0.103 0.101 0.103 0.108 0.108 0.103 0.108 
10 3 0.103 0.109 0.106 0.110 0.089 0.097 0.092 0.088 0.088 0.091 0.091 0.096 0.074 0.079 0.077 0.084 0.080 0.076 0.076 0.082 0.126 0.126 0.123 0.120 0.096 0.093 0.089 0.099 0.099 0.093 0.098 0.091 0.081 0.080 0.083 0.076 0.082 0.082 0.082 0.082 0.113 0.114 0.110 0.110 0.086 0.090 0.082 0.085 0.092 0.089 0.088 0.088 0.075 0.076 0.075 0.077 0.080 0.081 0.077 0.080 
10 4 0.078 0.081 0.080 0.083 0.066 0.071 0.068 0.065 0.065 0.066 0.067 0.070 0.054 0.056 0.054 0.058 0.056 0.054 0.055 0.057 0.098 0.094 0.092 0.088 0.070 0.068 0.066 0.074 0.071 0.067 0.071 0.064 0.056 0.057 0.060 0.055 0.059 0.057 0.059 0.057 0.126 0.127 0.128 0.126 0.070 0.072 0.067 0.070 0.096 0.096 0.098 0.097 0.057 0.058 0.054 0.057 0.068 0.072 0.063 0.062 
10 5 0.057 0.057 0.057 0.059 0.047 0.051 0.048 0.045 0.046 0.047 0.048 0.049 0.038 0.039 0.037 0.040 0.038 0.038 0.039 0.039 0.070 0.065 0.064 0.060 0.049 0.047 0.047 0.053 0.048 0.046 0.048 0.043 0.038 0.039 0.042 0.038 0.040 0.039 0.041 0.038 0.174 0.183 0.192 0.187 0.054 0.056 0.053 0.056 0.162 0.171 0.197 0.189 0.043 0.046 0.038 0.041 0.081 0.095 0.058 0.053 
10 6 0.040 0.039 0.040 0.041 0.033 0.036 0.034 0.031 0.032 0.032 0.033 0.033 0.027 0.027 0.025 0.027 0.026 0.026 0.028 0.026 0.048 0.044 0.043 0.041 0.033 0.032 0.032 0.036 0.032 0.031 0.032 0.029 0.026 0.027 0.028 0.026 0.027 0.026 0.028 0.026 0.243 0.260 0.280 0.277 0.040 0.041 0.040 0.043 0.292 0.305 0.358 0.348 0.033 0.036 0.026 0.029 0.136 0.154 0.057 0.053 
10 7 0.028 0.027 0.028 0.028 0.023 0.025 0.024 0.021 0.022 0.022 0.023 0.023 0.019 0.018 0.017 0.018 0.017 0.018 0.019 0.018 0.032 0.030 0.029 0.027 0.023 0.022 0.022 0.025 0.021 0.020 0.022 0.019 0.017 0.018 0.019 0.018 0.018 0.017 0.019 0.017 0.306 0.328 0.362 0.362 0.029 0.029 0.030 0.031 0.430 0.441 0.501 0.493 0.024 0.027 0.018 0.020 0.222 0.229 0.057 0.056 
10 8 0.019 0.018 0.020 0.019 0.016 0.017 0.016 0.015 0.014 0.015 0.016 0.015 0.013 0.012 0.012 0.012 0.012 0.012 0.013 0.012 0.022 0.020 0.020 0.018 0.015 0.015 0.015 0.017 0.014 0.014 0.014 0.013 0.012 0.012 0.013 0.012 0.012 0.012 0.013 0.011 0.349 0.371 0.412 0.419 0.021 0.020 0.021 0.022 0.536 0.544 0.594 0.590 0.018 0.020 0.012 0.014 0.303 0.294 0.054 0.057 
10 9 0.013 0.012 0.014 0.013 0.011 0.012 0.011 0.010 0.010 0.010 0.011 0.010 0.009 0.008 0.008 0.008 0.008 0.008 0.009 0.008 0.015 0.013 0.013 0.012 0.011 0.010 0.010 0.012 0.010 0.009 0.010 0.009 0.008 0.008 0.009 0.008 0.008 0.008 0.009 0.008 0.378 0.390 0.429 0.441 0.015 0.014 0.015 0.015 0.600 0.604 0.632 0.636 0.013 0.015 0.008 0.009 0.352 0.338 0.049 0.052 
10 10 0.010 0.009 0.010 0.009 0.008 0.008 0.008 0.007 0.006 0.007 0.007 0.007 0.006 0.006 0.005 0.005 0.005 0.006 0.006 0.005 0.010 0.009 0.009 0.008 0.007 0.007 0.007 0.008 0.006 0.006 0.006 0.006 0.005 0.005 0.006 0.005 0.005 0.005 0.006 0.005 0.405 0.397 0.421 0.430 0.011 0.009 0.011 0.011 0.624 0.625 0.614 0.638 0.010 0.011 0.006 0.006 0.363 0.363 0.043 0.043 
10 11 0.007 0.006 0.007 0.006 0.005 0.006 0.005 0.005 0.004 0.004 0.005 0.005 0.004 0.004 0.004 0.004 0.003 0.004 0.004 0.004 0.007 0.006 0.006 0.006 0.005 0.005 0.005 0.005 0.004 0.004 0.004 0.004 0.003 0.004 0.004 0.004 0.004 0.003 0.004 0.003 0.437 0.399 0.400 0.400 0.009 0.006 0.009 0.008 0.618 0.616 0.557 0.610 0.007 0.008 0.004 0.004 0.346 0.375 0.039 0.034 
10 12 0.005 0.004 0.005 0.004 0.004 0.004 0.004 0.003 0.003 0.003 0.003 0.003 0.003 0.003 0.002 0.002 0.002 0.003 0.003 0.002 0.004 0.004 0.004 0.004 0.004 0.003 0.003 0.004 0.003 0.003 0.003 0.003 0.002 0.002 0.003 0.002 0.002 0.002 0.003 0.002 0.472 0.399 0.374 0.363 0.007 0.005 0.007 0.005 0.595 0.590 0.484 0.566 0.006 0.006 0.003 0.003 0.315 0.378 0.035 0.026 
10 13 0.004 0.003 0.004 0.003 0.003 0.003 0.003 0.002 0.002 0.002 0.002 0.002 0.002 0.002 0.002 0.002 0.002 0.002 0.002 0.002 0.003 0.003 0.003 0.003 0.003 0.002 0.002 0.003 0.002 0.002 0.002 0.002 0.002 0.002 0.002 0.002 0.002 0.002 0.002 0.002 0.504 0.401 0.349 0.327 0.006 0.003 0.006 0.004 0.568 0.559 0.417 0.522 0.005 0.004 0.002 0.002 0.284 0.378 0.032 0.020 
10 14 0.004 0.002 0.003 0.002 0.002 0.002 0.002 0.002 0.001 0.001 0.002 0.001 0.001 0.001 0.001 0.001 0.001 0.001 0.001 0.001 0.002 0.002 0.002 0.002 0.002 0.002 0.002 0.002 0.001 0.001 0.001 0.001 0.001 0.001 0.001 0.001 0.001 0.001 0.001 0.001 0.532 0.406 0.328 0.297 0.006 0.002 0.005 0.003 0.549 0.530 0.366 0.486 0.004 0.003 0.001 0.002 0.260 0.377 0.030 0.016 
10 15 0.003 0.002 0.003 0.002 0.001 0.001 0.001 0.001 0.001 0.001 0.001 0.001 0.001 0.001 0.001 0.001 0.001 0.001 0.001 0.001 0.001 0.001 0.001 0.001 0.001 0.001 0.001 0.001 0.001 0.001 0.001 0.001 0.001 0.001 0.001 0.001 0.001 0.001 0.001 0.001 0.548 0.409 0.307 0.270 0.005 0.002 0.004 0.002 0.532 0.496 0.322 0.449 0.003 0.002 0.001 0.001 0.235 0.360 0.028 0.012 
11 0 0.000 0.000 0.000 0.000 0.000 0.000 0.000 0.000 0.000 0.000 0.000 0.000 0.000 0.000 0.000 0.000 0.000 0.000 0.000 0.000 0.000 0.000 0.000 0.000 0.000 0.000 0.000 0.000 0.000 0.000 0.000 0.000 0.000 0.000 0.000 0.000 0.000 0.000 0.000 0.000 0.000 0.000 0.000 0.000 0.000 0.000 0.000 0.000 0.000 0.000 0.000 0.000 0.000 0.000 0.000 0.000 0.000 0.000 0.000 0.000 
11 1 0.153 0.161 0.162 0.155 0.145 0.155 0.149 0.144 0.150 0.156 0.154 0.158 0.134 0.143 0.141 0.147 0.147 0.143 0.139 0.148 0.161 0.163 0.163 0.165 0.154 0.148 0.145 0.162 0.154 0.149 0.148 0.144 0.148 0.142 0.149 0.138 0.141 0.138 0.147 0.147 0.154 0.163 0.154 0.158 0.141 0.151 0.139 0.141 0.153 0.143 0.147 0.145 0.134 0.139 0.137 0.136 0.145 0.146 0.138 0.143 
11 2 0.124 0.131 0.129 0.129 0.112 0.124 0.117 0.111 0.113 0.119 0.117 0.124 0.099 0.107 0.105 0.113 0.109 0.104 0.102 0.111 0.143 0.145 0.143 0.144 0.123 0.117 0.113 0.128 0.124 0.117 0.122 0.116 0.110 0.108 0.111 0.103 0.108 0.107 0.111 0.111 0.131 0.135 0.128 0.129 0.108 0.114 0.104 0.106 0.118 0.112 0.114 0.113 0.101 0.103 0.101 0.103 0.108 0.108 0.103 0.108 
11 3 0.103 0.109 0.106 0.110 0.089 0.097 0.092 0.088 0.088 0.091 0.091 0.096 0.074 0.079 0.077 0.084 0.080 0.076 0.076 0.082 0.126 0.126 0.123 0.120 0.096 0.093 0.089 0.099 0.099 0.093 0.098 0.091 0.081 0.080 0.083 0.076 0.082 0.082 0.082 0.082 0.113 0.114 0.110 0.110 0.086 0.090 0.082 0.085 0.092 0.089 0.088 0.088 0.075 0.076 0.075 0.077 0.080 0.081 0.077 0.080 
11 4 0.078 0.080 0.079 0.083 0.066 0.070 0.067 0.065 0.066 0.066 0.066 0.070 0.054 0.055 0.054 0.059 0.056 0.054 0.054 0.057 0.098 0.094 0.094 0.087 0.070 0.067 0.066 0.073 0.071 0.067 0.073 0.065 0.056 0.056 0.060 0.054 0.059 0.058 0.059 0.058 0.131 0.130 0.131 0.125 0.068 0.073 0.065 0.069 0.101 0.098 0.101 0.096 0.057 0.057 0.054 0.058 0.063 0.066 0.072 0.069 
11 5 0.056 0.056 0.056 0.059 0.048 0.049 0.048 0.045 0.047 0.047 0.046 0.049 0.039 0.038 0.037 0.041 0.038 0.038 0.037 0.039 0.070 0.065 0.066 0.060 0.048 0.047 0.046 0.051 0.048 0.045 0.051 0.044 0.038 0.038 0.043 0.038 0.041 0.039 0.041 0.039 0.192 0.188 0.197 0.184 0.051 0.056 0.048 0.053 0.191 0.179 0.218 0.185 0.042 0.043 0.039 0.042 0.056 0.061 0.102 0.094 
11 6 0.039 0.039 0.039 0.041 0.034 0.034 0.034 0.032 0.033 0.032 0.031 0.034 0.027 0.026 0.025 0.028 0.026 0.026 0.026 0.026 0.048 0.044 0.046 0.040 0.033 0.032 0.032 0.035 0.032 0.031 0.034 0.029 0.026 0.026 0.030 0.026 0.028 0.026 0.028 0.027 0.271 0.264 0.282 0.269 0.036 0.040 0.034 0.039 0.353 0.323 0.392 0.342 0.031 0.032 0.027 0.030 0.057 0.062 0.177 0.177 
11 7 0.027 0.026 0.027 0.028 0.024 0.023 0.024 0.022 0.022 0.022 0.021 0.023 0.020 0.017 0.017 0.019 0.017 0.018 0.017 0.017 0.032 0.029 0.031 0.027 0.022 0.021 0.022 0.024 0.021 0.020 0.023 0.020 0.017 0.017 0.021 0.018 0.018 0.018 0.019 0.018 0.339 0.333 0.355 0.347 0.025 0.028 0.024 0.028 0.506 0.469 0.540 0.487 0.022 0.023 0.019 0.021 0.062 0.062 0.269 0.287 
11 8 0.019 0.018 0.019 0.020 0.017 0.016 0.017 0.016 0.015 0.015 0.014 0.015 0.014 0.012 0.012 0.013 0.012 0.012 0.012 0.012 0.022 0.020 0.021 0.018 0.015 0.015 0.015 0.016 0.014 0.014 0.016 0.013 0.012 0.012 0.015 0.012 0.012 0.012 0.013 0.012 0.380 0.385 0.398 0.397 0.017 0.019 0.017 0.020 0.616 0.582 0.636 0.586 0.015 0.017 0.014 0.015 0.063 0.058 0.342 0.372 
11 9 0.013 0.012 0.014 0.013 0.012 0.011 0.012 0.011 0.010 0.010 0.010 0.010 0.010 0.008 0.008 0.009 0.008 0.008 0.008 0.008 0.015 0.013 0.014 0.012 0.010 0.010 0.011 0.011 0.010 0.009 0.010 0.009 0.008 0.008 0.011 0.009 0.008 0.008 0.008 0.008 0.406 0.419 0.410 0.412 0.012 0.013 0.012 0.014 0.671 0.647 0.671 0.631 0.011 0.012 0.010 0.010 0.057 0.050 0.373 0.398 
11 10 0.009 0.008 0.010 0.009 0.008 0.007 0.008 0.008 0.007 0.007 0.006 0.007 0.007 0.005 0.005 0.007 0.005 0.006 0.005 0.005 0.010 0.009 0.010 0.008 0.007 0.008 0.008 0.008 0.006 0.006 0.007 0.006 0.005 0.005 0.008 0.006 0.005 0.005 0.006 0.005 0.431 0.444 0.397 0.395 0.009 0.009 0.008 0.010 0.663 0.661 0.630 0.619 0.008 0.009 0.008 0.008 0.046 0.042 0.367 0.365 
11 11 0.007 0.006 0.007 0.007 0.006 0.005 0.006 0.007 0.005 0.005 0.004 0.005 0.005 0.004 0.004 0.005 0.004 0.004 0.003 0.003 0.007 0.006 0.007 0.006 0.005 0.007 0.007 0.006 0.004 0.004 0.005 0.004 0.004 0.004 0.006 0.004 0.004 0.003 0.004 0.004 0.464 0.463 0.371 0.360 0.008 0.007 0.006 0.008 0.603 0.632 0.534 0.563 0.006 0.007 0.007 0.006 0.035 0.034 0.340 0.302 
11 12 0.005 0.004 0.005 0.005 0.004 0.003 0.004 0.005 0.003 0.003 0.003 0.003 0.003 0.002 0.003 0.004 0.002 0.003 0.002 0.002 0.005 0.004 0.005 0.004 0.004 0.006 0.006 0.004 0.003 0.003 0.003 0.003 0.002 0.002 0.004 0.003 0.002 0.002 0.003 0.002 0.501 0.480 0.340 0.319 0.008 0.005 0.005 0.006 0.525 0.582 0.428 0.489 0.004 0.005 0.007 0.004 0.026 0.028 0.308 0.239 
11 13 0.004 0.003 0.004 0.004 0.003 0.002 0.003 0.004 0.002 0.002 0.002 0.002 0.002 0.002 0.002 0.003 0.002 0.002 0.002 0.002 0.003 0.003 0.003 0.003 0.003 0.006 0.005 0.003 0.002 0.002 0.002 0.002 0.002 0.002 0.003 0.002 0.002 0.002 0.002 0.002 0.532 0.496 0.310 0.281 0.008 0.004 0.004 0.005 0.458 0.532 0.341 0.421 0.003 0.004 0.007 0.004 0.019 0.024 0.282 0.188 
11 14 0.004 0.002 0.003 0.003 0.002 0.002 0.002 0.004 0.001 0.001 0.001 0.001 0.002 0.001 0.001 0.003 0.001 0.001 0.001 0.001 0.002 0.002 0.002 0.002 0.002 0.006 0.005 0.002 0.001 0.001 0.001 0.001 0.001 0.001 0.002 0.002 0.001 0.001 0.001 0.001 0.551 0.510 0.285 0.249 0.008 0.004 0.004 0.005 0.416 0.496 0.281 0.368 0.003 0.003 0.007 0.003 0.015 0.020 0.265 0.153 
11 15 0.003 0.002 0.003 0.002 0.002 0.001 0.001 0.003 0.001 0.001 0.001 0.001 0.001 0.001 0.001 0.002 0.001 0.001 0.001 0.001 0.002 0.001 0.002 0.002 0.002 0.006 0.005 0.002 0.001 0.001 0.001 0.001 0.001 0.001 0.002 0.001 0.001 0.001 0.001 0.001 0.546 0.525 0.263 0.221 0.008 0.003 0.003 0.004 0.395 0.464 0.246 0.328 0.002 0.002 0.006 0.003 0.012 0.017 0.243 0.127 
