0 0 0.500 0.500 0.500 0.500 0.500 0.500 0.500 0.500 0.500 0.500 0.500 0.500 0.500 0.500 0.500 0.500 
0 1 0.406 0.598 0.403 0.447 0.408 0.469 0.403 0.401 0.504 0.405 0.400 0.405 0.452 0.403 0.515 0.402 
0 2 0.344 0.653 0.346 0.404 0.361 0.445 0.341 0.331 0.507 0.354 0.325 0.353 0.437 0.334 0.549 0.355 
0 3 0.290 0.612 0.360 0.345 0.392 0.427 0.298 0.294 0.536 0.322 0.335 0.404 0.431 0.298 0.551 0.438 
0 4 0.241 0.514 0.417 0.287 0.475 0.432 0.260 0.293 0.603 0.278 0.445 0.507 0.430 0.301 0.510 0.545 
0 5 0.193 0.413 0.481 0.238 0.575 0.433 0.237 0.298 0.678 0.227 0.551 0.602 0.390 0.312 0.440 0.636 
0 6 0.155 0.330 0.556 0.197 0.660 0.424 0.259 0.310 0.742 0.182 0.639 0.680 0.323 0.319 0.369 0.709 
0 7 0.124 0.264 0.636 0.162 0.728 0.401 0.345 0.323 0.794 0.146 0.709 0.742 0.260 0.318 0.313 0.767 
0 8 0.099 0.212 0.707 0.132 0.782 0.367 0.457 0.343 0.835 0.116 0.766 0.789 0.209 0.313 0.273 0.813 
0 9 0.079 0.169 0.765 0.107 0.826 0.326 0.559 0.373 0.868 0.093 0.812 0.825 0.167 0.307 0.245 0.851 
0 10 0.063 0.135 0.812 0.087 0.861 0.285 0.645 0.412 0.894 0.075 0.849 0.850 0.134 0.303 0.224 0.881 
0 11 0.051 0.108 0.849 0.071 0.889 0.244 0.715 0.458 0.916 0.060 0.878 0.868 0.107 0.302 0.207 0.904 
0 12 0.041 0.087 0.879 0.057 0.911 0.207 0.771 0.506 0.932 0.048 0.902 0.881 0.086 0.302 0.191 0.924 
0 13 0.032 0.069 0.904 0.047 0.929 0.175 0.816 0.552 0.946 0.038 0.921 0.892 0.068 0.303 0.174 0.939 
0 14 0.026 0.055 0.923 0.038 0.943 0.146 0.852 0.594 0.957 0.031 0.936 0.902 0.055 0.304 0.158 0.951 
0 15 0.021 0.044 0.938 0.031 0.954 0.122 0.881 0.627 0.965 0.024 0.949 0.913 0.044 0.305 0.141 0.961 
0 16 0.017 0.035 0.951 0.026 0.963 0.102 0.904 0.653 0.972 0.020 0.958 0.924 0.035 0.305 0.126 0.969 
0 17 0.013 0.028 0.960 0.021 0.971 0.086 0.923 0.669 0.978 0.016 0.966 0.934 0.028 0.303 0.111 0.975 
0 18 0.011 0.023 0.968 0.018 0.977 0.072 0.937 0.674 0.982 0.013 0.972 0.944 0.023 0.298 0.098 0.980 
0 19 0.009 0.018 0.975 0.014 0.981 0.061 0.948 0.669 0.986 0.010 0.977 0.953 0.018 0.292 0.087 0.984 
0 20 0.007 0.015 0.980 0.012 0.985 0.052 0.957 0.653 0.989 0.008 0.981 0.961 0.015 0.284 0.077 0.987 
0 21 0.005 0.012 0.984 0.010 0.988 0.044 0.963 0.627 0.991 0.006 0.984 0.968 0.012 0.276 0.069 0.990 
0 22 0.004 0.009 0.987 0.008 0.990 0.038 0.968 0.593 0.993 0.005 0.985 0.973 0.010 0.266 0.061 0.992 
1 0 0.500 0.500 0.500 0.500 0.500 0.500 0.500 0.500 0.500 0.500 0.500 0.500 0.500 0.500 0.500 0.500 
1 1 0.406 0.598 0.403 0.447 0.408 0.469 0.403 0.401 0.504 0.405 0.400 0.405 0.452 0.403 0.515 0.402 
1 2 0.344 0.653 0.346 0.404 0.361 0.445 0.341 0.331 0.507 0.354 0.325 0.353 0.437 0.334 0.549 0.355 
1 3 0.300 0.610 0.331 0.346 0.374 0.394 0.295 0.294 0.468 0.400 0.307 0.398 0.491 0.302 0.607 0.423 
1 4 0.273 0.513 0.329 0.285 0.434 0.336 0.257 0.295 0.413 0.494 0.382 0.498 0.574 0.313 0.667 0.524 
1 5 0.221 0.412 0.308 0.233 0.535 0.275 0.233 0.300 0.350 0.588 0.483 0.595 0.649 0.312 0.714 0.619 
1 6 0.177 0.330 0.296 0.190 0.627 0.221 0.222 0.297 0.283 0.670 0.577 0.674 0.700 0.272 0.740 0.695 
1 7 0.142 0.264 0.290 0.154 0.702 0.177 0.230 0.279 0.226 0.736 0.656 0.738 0.717 0.222 0.739 0.756 
1 8 0.113 0.211 0.279 0.125 0.761 0.141 0.258 0.248 0.181 0.789 0.719 0.789 0.694 0.178 0.712 0.805 
1 9 0.091 0.169 0.262 0.100 0.809 0.113 0.300 0.213 0.145 0.831 0.767 0.830 0.640 0.143 0.658 0.844 
1 10 0.072 0.135 0.242 0.080 0.847 0.091 0.349 0.179 0.116 0.865 0.800 0.863 0.570 0.114 0.580 0.875 
1 11 0.058 0.108 0.221 0.064 0.878 0.072 0.401 0.150 0.093 0.892 0.815 0.888 0.494 0.091 0.490 0.900 
1 12 0.046 0.086 0.202 0.052 0.902 0.058 0.456 0.124 0.074 0.913 0.807 0.908 0.422 0.073 0.404 0.920 
1 13 0.037 0.069 0.186 0.041 0.922 0.046 0.513 0.104 0.059 0.931 0.774 0.923 0.358 0.059 0.329 0.936 
1 14 0.030 0.055 0.175 0.033 0.937 0.037 0.572 0.087 0.047 0.945 0.717 0.933 0.303 0.047 0.266 0.949 
1 15 0.024 0.044 0.169 0.027 0.950 0.030 0.631 0.074 0.038 0.956 0.645 0.940 0.257 0.037 0.214 0.959 
1 16 0.019 0.035 0.172 0.021 0.960 0.024 0.696 0.068 0.030 0.965 0.580 0.940 0.215 0.030 0.172 0.967 
1 17 0.015 0.028 0.183 0.017 0.968 0.019 0.754 0.072 0.024 0.972 0.520 0.932 0.178 0.024 0.139 0.974 
1 18 0.012 0.023 0.201 0.014 0.974 0.015 0.802 0.088 0.019 0.977 0.464 0.914 0.147 0.019 0.112 0.979 
1 19 0.010 0.018 0.223 0.011 0.979 0.012 0.841 0.122 0.016 0.982 0.410 0.883 0.122 0.015 0.090 0.983 
1 20 0.008 0.015 0.252 0.009 0.984 0.010 0.873 0.181 0.012 0.985 0.360 0.840 0.101 0.012 0.072 0.987 
1 21 0.006 0.012 0.291 0.007 0.987 0.008 0.898 0.263 0.010 0.988 0.314 0.785 0.085 0.010 0.058 0.989 
1 22 0.005 0.009 0.347 0.006 0.989 0.006 0.918 0.358 0.008 0.991 0.272 0.728 0.072 0.008 0.046 0.991 
2 0 0.500 0.500 0.500 0.500 0.500 0.500 0.500 0.500 0.500 0.500 0.500 0.500 0.500 0.500 0.500 0.500 
2 1 0.406 0.598 0.403 0.447 0.408 0.469 0.403 0.401 0.504 0.405 0.400 0.405 0.452 0.403 0.515 0.402 
2 2 0.344 0.653 0.346 0.404 0.361 0.445 0.341 0.331 0.507 0.354 0.325 0.353 0.437 0.334 0.549 0.355 
2 3 0.293 0.654 0.383 0.340 0.342 0.499 0.338 0.291 0.538 0.363 0.304 0.409 0.458 0.297 0.526 0.432 
2 4 0.252 0.615 0.471 0.276 0.318 0.590 0.396 0.279 0.602 0.418 0.364 0.515 0.521 0.296 0.451 0.537 
2 5 0.202 0.508 0.547 0.222 0.359 0.669 0.505 0.286 0.677 0.485 0.443 0.609 0.571 0.293 0.365 0.630 
2 6 0.162 0.407 0.598 0.179 0.469 0.735 0.603 0.339 0.740 0.550 0.509 0.686 0.585 0.272 0.292 0.704 
2 7 0.129 0.326 0.627 0.145 0.573 0.787 0.682 0.433 0.792 0.621 0.560 0.748 0.555 0.240 0.234 0.763 
2 8 0.104 0.261 0.638 0.117 0.658 0.829 0.746 0.533 0.833 0.691 0.591 0.797 0.495 0.204 0.187 0.810 
2 9 0.083 0.209 0.631 0.094 0.726 0.863 0.797 0.622 0.866 0.751 0.594 0.836 0.428 0.169 0.150 0.848 
2 10 0.066 0.167 0.610 0.076 0.781 0.890 0.837 0.695 0.892 0.801 0.561 0.867 0.367 0.138 0.120 0.879 
2 11 0.053 0.134 0.575 0.061 0.825 0.912 0.870 0.755 0.913 0.841 0.501 0.892 0.315 0.112 0.096 0.903 
2 12 0.042 0.107 0.532 0.049 0.860 0.930 0.896 0.803 0.930 0.873 0.428 0.911 0.272 0.091 0.077 0.922 
2 13 0.034 0.086 0.483 0.039 0.888 0.944 0.917 0.841 0.943 0.898 0.356 0.927 0.237 0.073 0.061 0.938 
2 14 0.027 0.068 0.434 0.032 0.910 0.955 0.933 0.873 0.954 0.918 0.292 0.940 0.205 0.059 0.049 0.950 
2 15 0.022 0.055 0.385 0.025 0.928 0.964 0.947 0.897 0.962 0.935 0.237 0.949 0.176 0.048 0.039 0.960 
2 16 0.017 0.044 0.343 0.020 0.943 0.971 0.957 0.918 0.969 0.948 0.193 0.956 0.150 0.038 0.031 0.968 
2 17 0.014 0.035 0.305 0.016 0.954 0.977 0.966 0.934 0.975 0.958 0.156 0.960 0.126 0.031 0.025 0.975 
2 18 0.011 0.028 0.273 0.013 0.963 0.982 0.973 0.947 0.979 0.967 0.126 0.961 0.106 0.025 0.020 0.980 
2 19 0.009 0.022 0.247 0.011 0.971 0.985 0.978 0.957 0.982 0.973 0.102 0.959 0.088 0.020 0.016 0.984 
2 20 0.007 0.018 0.225 0.009 0.976 0.988 0.983 0.966 0.985 0.979 0.083 0.953 0.073 0.016 0.013 0.987 
2 21 0.006 0.014 0.209 0.007 0.981 0.991 0.986 0.972 0.988 0.983 0.067 0.945 0.060 0.013 0.010 0.990 
2 22 0.005 0.011 0.198 0.006 0.985 0.992 0.989 0.978 0.989 0.986 0.054 0.933 0.050 0.011 0.008 0.992 
3 0 0.500 0.500 0.500 0.500 0.500 0.500 0.500 0.500 0.500 0.500 0.500 0.500 0.500 0.500 0.500 0.500 
3 1 0.406 0.598 0.403 0.447 0.408 0.469 0.403 0.401 0.504 0.405 0.400 0.405 0.452 0.403 0.515 0.402 
3 2 0.344 0.653 0.346 0.404 0.361 0.445 0.341 0.331 0.507 0.354 0.325 0.353 0.437 0.334 0.549 0.355 
3 3 0.286 0.621 0.336 0.339 0.351 0.450 0.316 0.282 0.541 0.372 0.305 0.403 0.454 0.289 0.556 0.425 
3 4 0.234 0.528 0.350 0.275 0.362 0.502 0.329 0.250 0.610 0.435 0.374 0.503 0.480 0.263 0.524 0.528 
3 5 0.188 0.424 0.340 0.221 0.453 0.565 0.420 0.230 0.684 0.510 0.465 0.597 0.452 0.231 0.445 0.622 
3 6 0.150 0.340 0.304 0.178 0.560 0.628 0.532 0.249 0.746 0.585 0.544 0.674 0.375 0.193 0.360 0.698 
3 7 0.120 0.272 0.261 0.143 0.647 0.686 0.625 0.333 0.797 0.658 0.608 0.734 0.302 0.158 0.289 0.758 
3 8 0.096 0.217 0.219 0.115 0.718 0.735 0.700 0.446 0.837 0.723 0.659 0.780 0.242 0.128 0.231 0.807 
3 9 0.077 0.174 0.183 0.093 0.774 0.779 0.760 0.552 0.870 0.778 0.695 0.811 0.194 0.103 0.185 0.845 
3 10 0.062 0.139 0.153 0.074 0.819 0.818 0.808 0.640 0.896 0.822 0.708 0.828 0.155 0.083 0.148 0.876 
3 11 0.049 0.111 0.129 0.060 0.856 0.853 0.846 0.711 0.916 0.858 0.688 0.832 0.124 0.066 0.118 0.901 
3 12 0.039 0.089 0.110 0.048 0.884 0.881 0.877 0.769 0.933 0.886 0.632 0.826 0.099 0.053 0.095 0.921 
3 13 0.031 0.071 0.096 0.038 0.908 0.905 0.902 0.815 0.946 0.909 0.547 0.820 0.079 0.043 0.076 0.937 
3 14 0.025 0.057 0.085 0.031 0.926 0.924 0.921 0.851 0.957 0.927 0.454 0.820 0.064 0.034 0.061 0.949 
3 15 0.020 0.046 0.076 0.025 0.941 0.939 0.937 0.881 0.965 0.942 0.369 0.826 0.051 0.027 0.049 0.959 
3 16 0.016 0.036 0.071 0.020 0.953 0.951 0.950 0.904 0.972 0.953 0.299 0.826 0.041 0.022 0.039 0.968 
3 17 0.013 0.029 0.073 0.016 0.962 0.961 0.960 0.923 0.977 0.963 0.242 0.820 0.033 0.018 0.031 0.974 
3 18 0.010 0.023 0.081 0.013 0.970 0.969 0.968 0.938 0.981 0.970 0.195 0.808 0.027 0.014 0.025 0.979 
3 19 0.008 0.019 0.097 0.010 0.976 0.975 0.974 0.950 0.985 0.976 0.157 0.790 0.022 0.012 0.020 0.983 
3 20 0.007 0.015 0.124 0.008 0.981 0.980 0.979 0.960 0.987 0.981 0.127 0.766 0.018 0.009 0.016 0.987 
3 21 0.005 0.012 0.163 0.007 0.984 0.984 0.984 0.967 0.989 0.985 0.102 0.736 0.015 0.008 0.013 0.989 
3 22 0.004 0.010 0.217 0.005 0.988 0.987 0.987 0.973 0.991 0.988 0.082 0.698 0.012 0.006 0.010 0.991 
4 0 0.500 0.500 0.500 0.500 0.500 0.500 0.500 0.500 0.500 0.500 0.500 0.500 0.500 0.500 0.500 0.500 
4 1 0.406 0.598 0.403 0.447 0.408 0.469 0.403 0.401 0.504 0.405 0.400 0.405 0.452 0.403 0.515 0.402 
4 2 0.344 0.653 0.346 0.404 0.361 0.445 0.341 0.331 0.507 0.354 0.325 0.353 0.437 0.334 0.549 0.355 
4 3 0.297 0.631 0.371 0.336 0.336 0.489 0.337 0.296 0.466 0.427 0.290 0.390 0.473 0.295 0.569 0.429 
4 4 0.260 0.560 0.443 0.271 0.304 0.575 0.401 0.303 0.407 0.537 0.306 0.485 0.553 0.285 0.558 0.534 
4 5 0.210 0.454 0.499 0.217 0.323 0.655 0.508 0.344 0.354 0.629 0.341 0.579 0.626 0.269 0.487 0.627 
4 6 0.168 0.363 0.549 0.174 0.414 0.722 0.606 0.444 0.303 0.703 0.358 0.654 0.682 0.241 0.394 0.701 
4 7 0.134 0.291 0.605 0.139 0.521 0.778 0.685 0.550 0.257 0.763 0.360 0.708 0.720 0.208 0.315 0.761 
4 8 0.107 0.233 0.660 0.111 0.614 0.822 0.748 0.639 0.218 0.810 0.353 0.741 0.738 0.175 0.252 0.809 
4 9 0.086 0.186 0.710 0.089 0.691 0.857 0.798 0.711 0.187 0.848 0.338 0.754 0.736 0.145 0.202 0.847 
4 10 0.069 0.149 0.753 0.071 0.753 0.886 0.839 0.769 0.162 0.878 0.316 0.748 0.717 0.119 0.162 0.878 
4 11 0.055 0.119 0.790 0.057 0.802 0.909 0.871 0.815 0.142 0.903 0.286 0.730 0.691 0.097 0.129 0.902 
4 12 0.044 0.095 0.820 0.046 0.842 0.927 0.897 0.852 0.126 0.922 0.252 0.707 0.667 0.079 0.103 0.922 
4 13 0.035 0.076 0.844 0.037 0.873 0.942 0.917 0.882 0.113 0.938 0.215 0.688 0.659 0.064 0.083 0.937 
4 14 0.028 0.061 0.861 0.029 0.899 0.953 0.934 0.905 0.100 0.950 0.180 0.679 0.673 0.052 0.066 0.950 
4 15 0.023 0.049 0.870 0.023 0.919 0.963 0.947 0.924 0.089 0.960 0.148 0.687 0.708 0.042 0.053 0.960 
4 16 0.018 0.039 0.873 0.019 0.935 0.970 0.958 0.939 0.086 0.968 0.127 0.679 0.734 0.034 0.042 0.968 
4 17 0.014 0.031 0.870 0.015 0.948 0.976 0.966 0.952 0.091 0.975 0.114 0.662 0.757 0.028 0.034 0.974 
4 18 0.012 0.025 0.861 0.012 0.958 0.981 0.973 0.961 0.103 0.980 0.108 0.645 0.778 0.023 0.027 0.979 
4 19 0.009 0.020 0.846 0.010 0.967 0.985 0.978 0.969 0.123 0.984 0.106 0.632 0.799 0.019 0.022 0.984 
4 20 0.007 0.016 0.824 0.008 0.973 0.988 0.983 0.975 0.149 0.987 0.105 0.628 0.820 0.016 0.017 0.987 
4 21 0.006 0.013 0.794 0.006 0.979 0.990 0.986 0.980 0.180 0.990 0.104 0.636 0.841 0.013 0.014 0.989 
4 22 0.005 0.010 0.754 0.005 0.983 0.992 0.989 0.984 0.215 0.992 0.103 0.654 0.861 0.011 0.011 0.992 
5 0 0.500 0.500 0.500 0.500 0.500 0.500 0.500 0.500 0.500 0.500 0.500 0.500 0.500 0.500 0.500 0.500 
5 1 0.406 0.598 0.403 0.447 0.408 0.469 0.403 0.401 0.504 0.405 0.400 0.405 0.452 0.403 0.515 0.402 
5 2 0.344 0.653 0.346 0.404 0.361 0.445 0.341 0.331 0.507 0.354 0.325 0.353 0.437 0.334 0.549 0.355 
5 3 0.303 0.611 0.384 0.339 0.354 0.478 0.361 0.313 0.476 0.427 0.303 0.350 0.427 0.297 0.589 0.427 
5 4 0.273 0.522 0.480 0.273 0.367 0.558 0.464 0.387 0.438 0.536 0.363 0.363 0.416 0.291 0.626 0.532 
5 5 0.221 0.422 0.570 0.219 0.453 0.640 0.568 0.494 0.445 0.629 0.465 0.375 0.368 0.280 0.650 0.625 
5 6 0.177 0.338 0.642 0.176 0.556 0.711 0.654 0.592 0.529 0.703 0.565 0.398 0.306 0.258 0.662 0.700 
5 7 0.142 0.271 0.696 0.140 0.644 0.769 0.723 0.672 0.620 0.762 0.651 0.445 0.249 0.231 0.673 0.760 
5 8 0.113 0.217 0.728 0.112 0.715 0.815 0.778 0.737 0.696 0.810 0.720 0.510 0.201 0.204 0.688 0.808 
5 9 0.091 0.173 0.738 0.090 0.772 0.852 0.822 0.790 0.757 0.848 0.776 0.578 0.162 0.178 0.706 0.846 
5 10 0.073 0.139 0.725 0.072 0.818 0.882 0.858 0.832 0.805 0.878 0.820 0.642 0.130 0.153 0.728 0.877 
5 11 0.058 0.111 0.691 0.058 0.854 0.905 0.886 0.865 0.844 0.903 0.856 0.698 0.104 0.131 0.753 0.902 
5 12 0.046 0.089 0.640 0.046 0.883 0.924 0.909 0.892 0.876 0.922 0.885 0.745 0.084 0.112 0.778 0.921 
5 13 0.037 0.071 0.580 0.037 0.907 0.939 0.927 0.914 0.900 0.938 0.908 0.785 0.067 0.095 0.802 0.937 
5 14 0.030 0.057 0.518 0.029 0.925 0.952 0.942 0.931 0.920 0.950 0.926 0.818 0.054 0.080 0.825 0.950 
5 15 0.024 0.045 0.459 0.024 0.940 0.961 0.953 0.945 0.936 0.960 0.941 0.846 0.043 0.067 0.844 0.960 
5 16 0.019 0.036 0.404 0.019 0.952 0.969 0.963 0.956 0.949 0.968 0.953 0.870 0.034 0.056 0.861 0.968 
5 17 0.015 0.029 0.357 0.015 0.962 0.975 0.970 0.965 0.959 0.974 0.962 0.891 0.027 0.047 0.875 0.974 
5 18 0.012 0.023 0.318 0.012 0.969 0.980 0.976 0.972 0.967 0.980 0.970 0.907 0.022 0.039 0.888 0.979 
5 19 0.010 0.019 0.287 0.010 0.976 0.984 0.981 0.977 0.974 0.984 0.976 0.920 0.018 0.033 0.900 0.984 
5 20 0.008 0.015 0.264 0.008 0.980 0.987 0.985 0.982 0.979 0.987 0.981 0.931 0.014 0.027 0.911 0.987 
5 21 0.006 0.012 0.249 0.006 0.984 0.990 0.988 0.985 0.983 0.990 0.984 0.939 0.011 0.023 0.921 0.989 
5 22 0.005 0.010 0.241 0.005 0.987 0.992 0.990 0.988 0.987 0.992 0.988 0.945 0.009 0.019 0.931 0.992 
6 0 0.500 0.500 0.500 0.500 0.500 0.500 0.500 0.500 0.500 0.500 0.500 0.500 0.500 0.500 0.500 0.500 
6 1 0.406 0.598 0.403 0.447 0.408 0.469 0.403 0.401 0.504 0.405 0.400 0.405 0.452 0.403 0.515 0.402 
6 2 0.344 0.653 0.346 0.404 0.361 0.445 0.341 0.331 0.507 0.354 0.325 0.353 0.437 0.334 0.549 0.355 
6 3 0.299 0.656 0.368 0.343 0.340 0.481 0.335 0.289 0.542 0.372 0.303 0.407 0.465 0.301 0.548 0.419 
6 4 0.269 0.624 0.437 0.280 0.315 0.563 0.388 0.270 0.609 0.444 0.365 0.512 0.534 0.310 0.503 0.521 
6 5 0.218 0.520 0.491 0.226 0.346 0.642 0.495 0.267 0.683 0.530 0.449 0.607 0.595 0.317 0.422 0.616 
6 6 0.175 0.418 0.510 0.183 0.451 0.709 0.595 0.307 0.745 0.609 0.517 0.685 0.631 0.303 0.341 0.693 
6 7 0.140 0.334 0.498 0.149 0.557 0.764 0.676 0.396 0.795 0.683 0.565 0.747 0.631 0.273 0.273 0.754 
6 8 0.112 0.267 0.466 0.120 0.645 0.810 0.741 0.497 0.835 0.745 0.583 0.796 0.598 0.232 0.218 0.803 
6 9 0.089 0.214 0.423 0.097 0.716 0.847 0.793 0.590 0.867 0.796 0.561 0.836 0.543 0.192 0.175 0.843 
6 10 0.072 0.171 0.375 0.078 0.773 0.877 0.834 0.668 0.893 0.837 0.502 0.868 0.481 0.156 0.140 0.874 
6 11 0.057 0.137 0.329 0.062 0.818 0.902 0.867 0.732 0.914 0.870 0.427 0.893 0.417 0.127 0.112 0.899 
6 12 0.046 0.110 0.287 0.050 0.854 0.921 0.894 0.785 0.930 0.896 0.353 0.912 0.354 0.102 0.089 0.919 
6 13 0.037 0.088 0.251 0.040 0.884 0.937 0.915 0.827 0.943 0.916 0.288 0.927 0.295 0.082 0.072 0.936 
6 14 0.029 0.070 0.219 0.032 0.907 0.950 0.932 0.861 0.954 0.933 0.233 0.938 0.242 0.066 0.057 0.948 
6 15 0.023 0.056 0.193 0.026 0.925 0.960 0.946 0.888 0.963 0.947 0.188 0.945 0.196 0.053 0.046 0.959 
6 16 0.019 0.045 0.171 0.021 0.940 0.968 0.957 0.910 0.970 0.957 0.151 0.948 0.160 0.043 0.037 0.967 
6 17 0.015 0.036 0.155 0.016 0.952 0.974 0.965 0.928 0.975 0.966 0.122 0.947 0.129 0.034 0.029 0.974 
6 18 0.012 0.029 0.143 0.013 0.962 0.979 0.972 0.942 0.980 0.973 0.098 0.942 0.105 0.028 0.023 0.979 
6 19 0.010 0.023 0.136 0.011 0.969 0.983 0.978 0.953 0.983 0.978 0.079 0.933 0.085 0.022 0.019 0.983 
6 20 0.008 0.018 0.133 0.009 0.976 0.987 0.982 0.962 0.986 0.982 0.064 0.921 0.069 0.018 0.015 0.986 
6 21 0.006 0.015 0.135 0.007 0.980 0.989 0.986 0.970 0.988 0.986 0.052 0.905 0.056 0.014 0.012 0.989 
6 22 0.005 0.012 0.143 0.006 0.984 0.992 0.989 0.975 0.990 0.989 0.042 0.885 0.046 0.012 0.010 0.991 
7 0 0.500 0.500 0.500 0.500 0.500 0.500 0.500 0.500 0.500 0.500 0.500 0.500 0.500 0.500 0.500 0.500 
7 1 0.406 0.598 0.403 0.447 0.408 0.469 0.403 0.401 0.504 0.405 0.400 0.405 0.452 0.403 0.515 0.402 
7 2 0.344 0.653 0.346 0.404 0.361 0.445 0.341 0.331 0.507 0.354 0.325 0.353 0.437 0.334 0.549 0.355 
7 3 0.293 0.585 0.346 0.341 0.378 0.419 0.324 0.308 0.466 0.404 0.323 0.354 0.409 0.295 0.607 0.430 
7 4 0.245 0.479 0.376 0.277 0.452 0.400 0.364 0.362 0.417 0.504 0.420 0.375 0.359 0.277 0.667 0.535 
7 5 0.196 0.384 0.399 0.223 0.555 0.371 0.443 0.449 0.386 0.601 0.530 0.397 0.293 0.246 0.724 0.628 
7 6 0.157 0.308 0.414 0.179 0.644 0.328 0.515 0.531 0.380 0.680 0.623 0.419 0.235 0.206 0.775 0.702 
7 7 0.126 0.246 0.429 0.143 0.715 0.277 0.558 0.595 0.386 0.744 0.698 0.442 0.188 0.168 0.819 0.762 
7 8 0.100 0.197 0.440 0.114 0.772 0.228 0.564 0.637 0.401 0.795 0.759 0.471 0.150 0.136 0.854 0.809 
7 9 0.080 0.158 0.440 0.092 0.818 0.185 0.527 0.650 0.421 0.836 0.807 0.513 0.120 0.109 0.883 0.848 
7 10 0.064 0.126 0.423 0.073 0.854 0.149 0.459 0.624 0.444 0.869 0.846 0.568 0.096 0.087 0.906 0.878 
7 11 0.051 0.101 0.386 0.059 0.883 0.120 0.381 0.559 0.468 0.895 0.876 0.633 0.077 0.070 0.925 0.902 
7 12 0.041 0.081 0.336 0.047 0.907 0.097 0.310 0.476 0.488 0.916 0.901 0.697 0.062 0.056 0.940 0.922 
7 13 0.033 0.065 0.285 0.038 0.925 0.078 0.250 0.395 0.501 0.933 0.921 0.753 0.049 0.045 0.952 0.938 
7 14 0.026 0.052 0.240 0.030 0.940 0.063 0.202 0.325 0.502 0.946 0.937 0.801 0.039 0.036 0.962 0.950 
7 15 0.021 0.041 0.203 0.024 0.952 0.050 0.163 0.266 0.478 0.957 0.949 0.839 0.032 0.029 0.969 0.960 
7 16 0.017 0.033 0.180 0.019 0.962 0.040 0.133 0.218 0.420 0.966 0.960 0.870 0.025 0.023 0.975 0.968 
7 17 0.013 0.026 0.175 0.015 0.969 0.032 0.113 0.181 0.347 0.973 0.968 0.893 0.020 0.019 0.980 0.974 
7 18 0.011 0.021 0.197 0.012 0.976 0.026 0.105 0.153 0.280 0.978 0.974 0.910 0.016 0.015 0.984 0.980 
7 19 0.009 0.017 0.256 0.010 0.980 0.021 0.117 0.135 0.225 0.982 0.979 0.920 0.013 0.012 0.987 0.984 
7 20 0.007 0.014 0.346 0.008 0.984 0.017 0.160 0.129 0.180 0.986 0.983 0.919 0.010 0.009 0.989 0.987 
7 21 0.006 0.011 0.448 0.006 0.987 0.013 0.231 0.135 0.144 0.989 0.987 0.905 0.008 0.008 0.990 0.990 
7 22 0.004 0.009 0.546 0.005 0.990 0.011 0.312 0.150 0.115 0.991 0.989 0.877 0.007 0.006 0.991 0.992 
8 0 0.500 0.500 0.500 0.500 0.500 0.500 0.500 0.500 0.500 0.500 0.500 0.500 0.500 0.500 0.500 0.500 
8 1 0.406 0.598 0.403 0.447 0.408 0.469 0.403 0.401 0.504 0.405 0.400 0.405 0.452 0.403 0.515 0.402 
8 2 0.344 0.653 0.346 0.404 0.361 0.445 0.341 0.331 0.507 0.354 0.325 0.353 0.437 0.334 0.549 0.355 
8 3 0.448 0.669 0.373 0.429 0.307 0.386 0.327 0.315 0.523 0.321 0.297 0.343 0.509 0.335 0.623 0.409 
8 4 0.557 0.655 0.449 0.513 0.255 0.319 0.388 0.368 0.554 0.275 0.365 0.365 0.601 0.415 0.696 0.503 
8 5 0.646 0.675 0.534 0.601 0.207 0.257 0.488 0.459 0.589 0.226 0.477 0.412 0.680 0.518 0.757 0.579 
8 6 0.717 0.722 0.610 0.673 0.166 0.206 0.585 0.543 0.631 0.184 0.579 0.504 0.744 0.612 0.805 0.630 
8 7 0.773 0.769 0.671 0.728 0.133 0.165 0.666 0.602 0.681 0.149 0.663 0.599 0.795 0.688 0.844 0.653 
8 8 0.819 0.811 0.719 0.764 0.106 0.132 0.732 0.627 0.734 0.121 0.730 0.679 0.836 0.750 0.875 0.652 
8 9 0.855 0.846 0.752 0.780 0.085 0.106 0.786 0.607 0.782 0.098 0.784 0.743 0.869 0.799 0.900 0.627 
8 10 0.884 0.874 0.773 0.776 0.068 0.085 0.828 0.548 0.824 0.079 0.827 0.794 0.895 0.839 0.920 0.579 
8 11 0.907 0.898 0.783 0.756 0.054 0.068 0.863 0.471 0.858 0.064 0.862 0.835 0.916 0.871 0.936 0.513 
8 12 0.926 0.918 0.783 0.730 0.043 0.054 0.890 0.393 0.886 0.051 0.889 0.868 0.933 0.896 0.949 0.439 
8 13 0.941 0.933 0.779 0.704 0.035 0.043 0.912 0.325 0.908 0.042 0.912 0.895 0.946 0.917 0.959 0.367 
8 14 0.952 0.946 0.775 0.685 0.028 0.035 0.929 0.267 0.927 0.034 0.929 0.916 0.957 0.933 0.967 0.302 
8 15 0.962 0.957 0.772 0.679 0.022 0.028 0.943 0.220 0.941 0.027 0.943 0.933 0.966 0.946 0.974 0.247 
8 16 0.970 0.965 0.734 0.689 0.018 0.022 0.955 0.180 0.953 0.022 0.955 0.946 0.973 0.957 0.979 0.198 
8 17 0.976 0.972 0.660 0.714 0.014 0.018 0.964 0.146 0.962 0.018 0.964 0.957 0.978 0.965 0.983 0.159 
8 18 0.981 0.977 0.565 0.748 0.011 0.016 0.971 0.119 0.970 0.014 0.971 0.965 0.982 0.971 0.987 0.127 
8 19 0.984 0.982 0.470 0.785 0.009 0.014 0.977 0.097 0.976 0.012 0.977 0.972 0.986 0.975 0.989 0.102 
8 20 0.988 0.985 0.384 0.819 0.007 0.015 0.981 0.079 0.981 0.009 0.981 0.978 0.989 0.979 0.991 0.082 
8 21 0.990 0.988 0.311 0.850 0.006 0.021 0.985 0.064 0.984 0.008 0.985 0.982 0.991 0.982 0.993 0.065 
8 22 0.992 0.990 0.250 0.876 0.005 0.038 0.988 0.052 0.987 0.006 0.988 0.986 0.993 0.985 0.995 0.052 
9 0 0.500 0.500 0.500 0.500 0.500 0.500 0.500 0.500 0.500 0.500 0.500 0.500 0.500 0.500 0.500 0.500 
9 1 0.406 0.598 0.403 0.447 0.408 0.469 0.403 0.401 0.504 0.405 0.400 0.405 0.452 0.403 0.515 0.402 
9 2 0.344 0.653 0.346 0.404 0.361 0.445 0.341 0.331 0.507 0.354 0.325 0.353 0.437 0.334 0.549 0.355 
9 3 0.433 0.693 0.327 0.449 0.405 0.404 0.327 0.322 0.553 0.365 0.288 0.301 0.403 0.298 0.626 0.324 
9 4 0.545 0.739 0.329 0.546 0.510 0.352 0.392 0.421 0.627 0.407 0.323 0.247 0.347 0.279 0.699 0.297 
9 5 0.636 0.790 0.377 0.632 0.602 0.325 0.484 0.535 0.696 0.457 0.426 0.198 0.293 0.279 0.759 0.244 
9 6 0.709 0.832 0.487 0.702 0.676 0.346 0.572 0.628 0.755 0.481 0.535 0.159 0.247 0.321 0.807 0.196 
9 7 0.767 0.865 0.588 0.755 0.735 0.413 0.645 0.702 0.803 0.482 0.627 0.127 0.208 0.407 0.846 0.158 
9 8 0.814 0.892 0.671 0.788 0.782 0.503 0.704 0.762 0.841 0.467 0.701 0.102 0.176 0.505 0.877 0.127 
9 9 0.851 0.914 0.737 0.800 0.818 0.594 0.750 0.809 0.873 0.441 0.761 0.081 0.149 0.595 0.901 0.102 
9 10 0.881 0.931 0.789 0.790 0.847 0.672 0.786 0.848 0.898 0.412 0.809 0.065 0.127 0.671 0.921 0.081 
9 11 0.905 0.945 0.831 0.763 0.871 0.737 0.813 0.878 0.918 0.386 0.847 0.052 0.107 0.733 0.937 0.065 
9 12 0.924 0.956 0.865 0.726 0.891 0.789 0.834 0.902 0.935 0.367 0.878 0.042 0.089 0.784 0.949 0.052 
9 13 0.939 0.965 0.892 0.687 0.907 0.831 0.850 0.922 0.948 0.356 0.902 0.033 0.074 0.824 0.960 0.042 
9 14 0.951 0.972 0.914 0.654 0.922 0.865 0.862 0.938 0.958 0.353 0.922 0.027 0.061 0.856 0.968 0.033 
9 15 0.961 0.977 0.931 0.631 0.934 0.892 0.869 0.950 0.966 0.356 0.937 0.021 0.050 0.882 0.974 0.027 
9 16 0.969 0.982 0.945 0.621 0.945 0.914 0.875 0.960 0.973 0.366 0.950 0.017 0.041 0.903 0.979 0.021 
9 17 0.975 0.986 0.956 0.621 0.954 0.931 0.880 0.968 0.979 0.379 0.960 0.014 0.034 0.919 0.983 0.017 
9 18 0.980 0.988 0.965 0.630 0.961 0.945 0.884 0.974 0.983 0.397 0.968 0.011 0.028 0.931 0.987 0.014 
9 19 0.984 0.991 0.972 0.643 0.968 0.956 0.889 0.980 0.986 0.417 0.974 0.009 0.023 0.941 0.989 0.011 
9 20 0.987 0.993 0.977 0.659 0.973 0.965 0.894 0.984 0.989 0.441 0.979 0.007 0.019 0.948 0.992 0.009 
9 21 0.990 0.994 0.982 0.673 0.978 0.972 0.900 0.987 0.991 0.468 0.984 0.006 0.015 0.954 0.993 0.007 
9 22 0.992 0.995 0.985 0.684 0.981 0.977 0.907 0.990 0.993 0.500 0.987 0.004 0.013 0.958 0.995 0.006 
10 0 0.500 0.500 0.500 0.500 0.500 0.500 0.500 0.500 0.500 0.500 0.500 0.500 0.500 0.500 0.500 0.500 
10 1 0.406 0.598 0.403 0.447 0.408 0.469 0.403 0.401 0.504 0.405 0.400 0.405 0.452 0.403 0.515 0.402 
10 2 0.344 0.653 0.346 0.404 0.361 0.445 0.341 0.331 0.507 0.354 0.325 0.353 0.437 0.334 0.549 0.355 
10 3 0.461 0.702 0.377 0.450 0.378 0.374 0.322 0.349 0.553 0.357 0.290 0.298 0.445 0.333 0.629 0.386 
10 4 0.568 0.754 0.463 0.549 0.474 0.302 0.382 0.465 0.629 0.381 0.341 0.242 0.453 0.398 0.703 0.465 
10 5 0.655 0.803 0.561 0.637 0.565 0.243 0.479 0.571 0.699 0.424 0.454 0.194 0.477 0.491 0.762 0.491 
10 6 0.724 0.842 0.647 0.707 0.639 0.195 0.570 0.657 0.757 0.487 0.561 0.155 0.508 0.580 0.810 0.471 
10 7 0.779 0.874 0.717 0.756 0.696 0.156 0.648 0.726 0.804 0.567 0.648 0.124 0.536 0.656 0.848 0.436 
10 8 0.823 0.899 0.773 0.762 0.741 0.126 0.711 0.781 0.842 0.646 0.719 0.099 0.561 0.718 0.878 0.395 
10 9 0.859 0.919 0.819 0.691 0.772 0.102 0.763 0.824 0.872 0.715 0.775 0.079 0.585 0.768 0.902 0.352 
10 10 0.887 0.935 0.855 0.577 0.781 0.083 0.803 0.860 0.896 0.772 0.820 0.064 0.607 0.809 0.922 0.307 
10 11 0.910 0.948 0.884 0.467 0.749 0.068 0.833 0.888 0.915 0.817 0.856 0.051 0.628 0.841 0.938 0.261 
10 12 0.928 0.959 0.907 0.375 0.656 0.057 0.855 0.910 0.931 0.854 0.885 0.041 0.649 0.866 0.950 0.217 
10 13 0.942 0.967 0.926 0.301 0.539 0.047 0.870 0.928 0.944 0.883 0.908 0.033 0.668 0.886 0.960 0.177 
10 14 0.954 0.974 0.941 0.241 0.435 0.039 0.884 0.942 0.954 0.906 0.926 0.026 0.672 0.900 0.968 0.143 
10 15 0.963 0.979 0.952 0.193 0.349 0.033 0.900 0.954 0.962 0.925 0.941 0.021 0.641 0.911 0.974 0.116 
10 16 0.970 0.983 0.962 0.154 0.280 0.027 0.917 0.963 0.969 0.940 0.953 0.017 0.565 0.917 0.980 0.093 
10 17 0.976 0.986 0.970 0.124 0.224 0.022 0.932 0.971 0.974 0.952 0.962 0.013 0.471 0.920 0.984 0.075 
10 18 0.981 0.989 0.976 0.099 0.180 0.017 0.945 0.976 0.979 0.962 0.970 0.011 0.384 0.919 0.987 0.060 
10 19 0.985 0.991 0.981 0.079 0.144 0.014 0.955 0.981 0.983 0.969 0.976 0.009 0.310 0.916 0.990 0.049 
10 20 0.988 0.993 0.984 0.063 0.115 0.011 0.964 0.985 0.986 0.975 0.981 0.007 0.249 0.913 0.992 0.039 
10 21 0.990 0.994 0.988 0.051 0.092 0.009 0.971 0.988 0.989 0.980 0.984 0.005 0.200 0.909 0.993 0.032 
10 22 0.992 0.996 0.990 0.041 0.074 0.007 0.977 0.990 0.991 0.984 0.988 0.004 0.160 0.905 0.995 0.025 
11 0 0.500 0.500 0.500 0.500 0.500 0.500 0.500 0.500 0.500 0.500 0.500 0.500 0.500 0.500 0.500 0.500 
11 1 0.406 0.598 0.403 0.447 0.408 0.469 0.403 0.401 0.504 0.405 0.400 0.405 0.452 0.403 0.515 0.402 
11 2 0.344 0.653 0.346 0.404 0.361 0.445 0.341 0.331 0.507 0.354 0.325 0.353 0.437 0.334 0.549 0.355 
11 3 0.452 0.698 0.328 0.457 0.311 0.386 0.301 0.321 0.544 0.315 0.287 0.310 0.485 0.312 0.619 0.335 
11 4 0.561 0.743 0.320 0.558 0.267 0.318 0.290 0.400 0.606 0.267 0.316 0.264 0.561 0.333 0.692 0.314 
11 5 0.649 0.793 0.303 0.645 0.218 0.260 0.297 0.511 0.663 0.219 0.407 0.218 0.642 0.405 0.753 0.255 
11 6 0.719 0.834 0.268 0.715 0.175 0.214 0.318 0.608 0.705 0.179 0.510 0.184 0.713 0.508 0.801 0.204 
11 7 0.775 0.867 0.227 0.772 0.140 0.179 0.353 0.686 0.732 0.145 0.601 0.163 0.770 0.604 0.840 0.163 
11 8 0.820 0.894 0.190 0.818 0.112 0.155 0.405 0.748 0.746 0.117 0.678 0.159 0.816 0.682 0.870 0.130 
11 9 0.856 0.915 0.158 0.854 0.090 0.143 0.471 0.799 0.752 0.094 0.741 0.178 0.853 0.746 0.893 0.104 
11 10 0.885 0.932 0.131 0.883 0.072 0.145 0.544 0.839 0.753 0.076 0.792 0.224 0.882 0.796 0.911 0.083 
11 11 0.908 0.946 0.108 0.907 0.058 0.163 0.615 0.871 0.754 0.061 0.833 0.298 0.906 0.837 0.923 0.067 
11 12 0.926 0.957 0.090 0.925 0.046 0.201 0.678 0.897 0.756 0.049 0.866 0.389 0.925 0.870 0.930 0.053 
11 13 0.941 0.965 0.074 0.940 0.037 0.262 0.732 0.918 0.763 0.039 0.893 0.485 0.940 0.896 0.933 0.043 
11 14 0.953 0.972 0.061 0.952 0.029 0.345 0.776 0.934 0.777 0.032 0.914 0.575 0.952 0.917 0.938 0.034 
11 15 0.962 0.978 0.049 0.962 0.024 0.442 0.810 0.947 0.798 0.025 0.931 0.655 0.961 0.933 0.947 0.027 
11 16 0.970 0.982 0.040 0.969 0.019 0.542 0.840 0.958 0.818 0.020 0.945 0.723 0.969 0.947 0.956 0.022 
11 17 0.976 0.986 0.032 0.975 0.015 0.630 0.867 0.966 0.836 0.016 0.956 0.778 0.975 0.957 0.965 0.018 
11 18 0.981 0.988 0.026 0.980 0.012 0.703 0.889 0.971 0.852 0.013 0.964 0.822 0.980 0.966 0.972 0.014 
11 19 0.985 0.990 0.021 0.984 0.010 0.762 0.908 0.974 0.865 0.010 0.972 0.858 0.984 0.973 0.977 0.011 
11 20 0.988 0.991 0.017 0.987 0.008 0.809 0.923 0.975 0.875 0.008 0.977 0.886 0.987 0.978 0.982 0.009 
11 21 0.990 0.992 0.014 0.990 0.006 0.847 0.935 0.973 0.882 0.007 0.982 0.909 0.990 0.983 0.985 0.007 
11 22 0.992 0.991 0.011 0.992 0.005 0.878 0.944 0.968 0.887 0.005 0.985 0.927 0.992 0.986 0.988 0.006 
12 0 0.500 0.500 0.500 0.500 0.500 0.500 0.500 0.500 0.500 0.500 0.500 0.500 0.500 0.500 0.500 0.500 
12 1 0.406 0.598 0.403 0.447 0.408 0.469 0.403 0.401 0.504 0.405 0.400 0.405 0.452 0.403 0.515 0.402 
12 2 0.344 0.653 0.346 0.404 0.361 0.445 0.341 0.331 0.507 0.354 0.325 0.353 0.437 0.334 0.549 0.355 
12 3 0.437 0.687 0.317 0.452 0.317 0.476 0.331 0.307 0.510 0.324 0.287 0.318 0.474 0.314 0.617 0.311 
12 4 0.548 0.713 0.288 0.551 0.273 0.548 0.395 0.356 0.522 0.282 0.312 0.284 0.546 0.349 0.689 0.259 
12 5 0.639 0.757 0.244 0.639 0.224 0.632 0.478 0.453 0.540 0.230 0.386 0.247 0.628 0.433 0.750 0.208 
12 6 0.711 0.800 0.198 0.711 0.180 0.704 0.553 0.548 0.542 0.185 0.479 0.236 0.702 0.537 0.800 0.166 
12 7 0.769 0.837 0.159 0.769 0.144 0.763 0.616 0.629 0.525 0.148 0.567 0.270 0.761 0.627 0.840 0.133 
12 8 0.815 0.868 0.127 0.815 0.115 0.811 0.667 0.694 0.496 0.119 0.643 0.352 0.809 0.701 0.872 0.106 
12 9 0.852 0.892 0.102 0.852 0.092 0.848 0.707 0.743 0.459 0.095 0.708 0.454 0.847 0.761 0.897 0.085 
12 10 0.882 0.911 0.081 0.882 0.074 0.879 0.737 0.777 0.415 0.076 0.760 0.553 0.878 0.809 0.918 0.068 
12 11 0.905 0.925 0.065 0.905 0.059 0.903 0.759 0.797 0.368 0.061 0.803 0.638 0.902 0.847 0.934 0.054 
12 12 0.924 0.936 0.052 0.924 0.047 0.922 0.774 0.802 0.320 0.049 0.838 0.708 0.922 0.877 0.947 0.044 
12 13 0.939 0.945 0.042 0.939 0.038 0.938 0.782 0.794 0.275 0.039 0.866 0.766 0.937 0.902 0.958 0.035 
12 14 0.952 0.950 0.033 0.952 0.030 0.950 0.785 0.775 0.233 0.031 0.888 0.812 0.950 0.922 0.966 0.028 
12 15 0.961 0.953 0.027 0.961 0.024 0.960 0.783 0.744 0.196 0.025 0.906 0.849 0.960 0.937 0.973 0.022 
12 16 0.969 0.955 0.021 0.969 0.019 0.968 0.777 0.707 0.164 0.020 0.921 0.879 0.968 0.950 0.978 0.018 
12 17 0.975 0.955 0.017 0.975 0.015 0.975 0.768 0.664 0.138 0.016 0.932 0.903 0.974 0.960 0.983 0.014 
12 18 0.980 0.954 0.014 0.980 0.012 0.980 0.759 0.617 0.115 0.013 0.942 0.922 0.979 0.968 0.986 0.011 
12 19 0.984 0.953 0.011 0.984 0.010 0.984 0.750 0.565 0.096 0.010 0.949 0.938 0.984 0.974 0.989 0.009 
12 20 0.987 0.951 0.009 0.987 0.008 0.987 0.743 0.514 0.080 0.008 0.955 0.950 0.987 0.979 0.991 0.007 
12 21 0.990 0.948 0.007 0.990 0.006 0.990 0.740 0.465 0.067 0.007 0.959 0.960 0.989 0.984 0.993 0.006 
12 22 0.992 0.947 0.006 0.992 0.005 0.992 0.741 0.420 0.055 0.005 0.962 0.968 0.992 0.987 0.994 0.005 
13 0 0.500 0.500 0.500 0.500 0.500 0.500 0.500 0.500 0.500 0.500 0.500 0.500 0.500 0.500 0.500 0.500 
13 1 0.406 0.598 0.403 0.447 0.408 0.469 0.403 0.401 0.504 0.405 0.400 0.405 0.452 0.403 0.515 0.402 
13 2 0.344 0.653 0.346 0.404 0.361 0.445 0.341 0.331 0.507 0.354 0.325 0.353 0.437 0.334 0.549 0.355 
13 3 0.442 0.698 0.408 0.366 0.329 0.379 0.317 0.340 0.520 0.365 0.296 0.307 0.443 0.340 0.623 0.416 
13 4 0.552 0.747 0.515 0.331 0.320 0.308 0.348 0.444 0.559 0.413 0.359 0.257 0.450 0.417 0.696 0.515 
13 5 0.642 0.797 0.611 0.289 0.296 0.247 0.427 0.553 0.615 0.505 0.471 0.208 0.456 0.506 0.757 0.598 
13 6 0.713 0.837 0.688 0.238 0.255 0.198 0.526 0.642 0.676 0.601 0.573 0.167 0.434 0.584 0.806 0.656 
13 7 0.771 0.870 0.751 0.192 0.213 0.158 0.617 0.714 0.733 0.681 0.658 0.134 0.379 0.646 0.844 0.688 
13 8 0.817 0.896 0.801 0.154 0.175 0.127 0.692 0.771 0.783 0.745 0.726 0.107 0.314 0.695 0.876 0.691 
13 9 0.853 0.917 0.840 0.124 0.143 0.101 0.754 0.817 0.825 0.796 0.781 0.086 0.255 0.732 0.900 0.667 
13 10 0.883 0.933 0.872 0.099 0.117 0.081 0.803 0.853 0.859 0.837 0.824 0.068 0.205 0.758 0.920 0.621 
13 11 0.906 0.947 0.898 0.079 0.095 0.065 0.842 0.883 0.887 0.869 0.859 0.055 0.165 0.775 0.936 0.559 
13 12 0.925 0.957 0.918 0.064 0.077 0.052 0.874 0.906 0.909 0.895 0.887 0.044 0.132 0.784 0.949 0.491 
13 13 0.940 0.966 0.935 0.051 0.062 0.042 0.899 0.925 0.927 0.916 0.910 0.035 0.106 0.785 0.959 0.422 
13 14 0.952 0.973 0.948 0.041 0.050 0.033 0.919 0.940 0.942 0.933 0.928 0.028 0.085 0.781 0.967 0.359 
13 15 0.962 0.978 0.958 0.033 0.041 0.027 0.935 0.952 0.953 0.946 0.942 0.022 0.068 0.773 0.974 0.302 
13 16 0.969 0.983 0.967 0.026 0.033 0.021 0.948 0.962 0.962 0.957 0.954 0.018 0.054 0.762 0.979 0.252 
13 17 0.975 0.986 0.973 0.021 0.027 0.017 0.959 0.969 0.970 0.966 0.963 0.014 0.044 0.752 0.983 0.209 
13 18 0.980 0.989 0.979 0.017 0.022 0.014 0.967 0.975 0.976 0.973 0.970 0.011 0.035 0.743 0.987 0.173 
13 19 0.984 0.991 0.983 0.013 0.018 0.011 0.973 0.980 0.981 0.978 0.976 0.009 0.028 0.739 0.989 0.142 
13 20 0.987 0.993 0.986 0.011 0.015 0.009 0.979 0.984 0.984 0.982 0.981 0.007 0.022 0.739 0.991 0.116 
13 21 0.990 0.994 0.989 0.009 0.012 0.007 0.983 0.987 0.987 0.986 0.985 0.006 0.018 0.744 0.993 0.094 
13 22 0.992 0.995 0.991 0.007 0.010 0.006 0.986 0.990 0.990 0.989 0.988 0.005 0.014 0.752 0.995 0.076 
14 0 0.500 0.500 0.500 0.500 0.500 0.500 0.500 0.500 0.500 0.500 0.500 0.500 0.500 0.500 0.500 0.500 
14 1 0.406 0.598 0.403 0.447 0.408 0.469 0.403 0.401 0.504 0.405 0.400 0.405 0.452 0.403 0.515 0.402 
14 2 0.344 0.653 0.346 0.404 0.361 0.445 0.341 0.331 0.507 0.354 0.325 0.353 0.437 0.334 0.549 0.355 
14 3 0.413 0.679 0.324 0.444 0.428 0.429 0.344 0.313 0.556 0.381 0.298 0.311 0.410 0.297 0.623 0.327 
14 4 0.527 0.707 0.316 0.540 0.536 0.422 0.433 0.400 0.633 0.450 0.364 0.264 0.366 0.280 0.695 0.300 
14 5 0.622 0.760 0.340 0.627 0.627 0.477 0.535 0.516 0.703 0.526 0.477 0.214 0.322 0.280 0.756 0.247 
14 6 0.697 0.808 0.431 0.698 0.700 0.570 0.623 0.613 0.761 0.597 0.580 0.172 0.286 0.315 0.804 0.198 
14 7 0.758 0.846 0.538 0.754 0.759 0.653 0.695 0.690 0.808 0.660 0.664 0.138 0.254 0.390 0.843 0.159 
14 8 0.806 0.877 0.629 0.794 0.806 0.722 0.754 0.752 0.846 0.716 0.731 0.110 0.224 0.480 0.875 0.127 
14 9 0.845 0.902 0.703 0.820 0.844 0.778 0.802 0.802 0.877 0.765 0.785 0.088 0.195 0.565 0.900 0.102 
14 10 0.876 0.921 0.762 0.833 0.875 0.822 0.840 0.841 0.902 0.806 0.828 0.071 0.167 0.639 0.920 0.081 
14 11 0.901 0.937 0.810 0.833 0.899 0.858 0.871 0.873 0.921 0.840 0.862 0.056 0.142 0.702 0.936 0.065 
14 12 0.921 0.950 0.848 0.821 0.919 0.886 0.896 0.898 0.937 0.869 0.890 0.045 0.120 0.754 0.949 0.052 
14 13 0.937 0.960 0.878 0.799 0.935 0.909 0.916 0.919 0.950 0.892 0.912 0.036 0.100 0.796 0.959 0.042 
14 14 0.949 0.968 0.903 0.768 0.947 0.927 0.932 0.935 0.960 0.912 0.929 0.029 0.084 0.830 0.967 0.033 
14 15 0.959 0.974 0.922 0.730 0.957 0.942 0.944 0.948 0.968 0.928 0.944 0.023 0.070 0.857 0.974 0.027 
14 16 0.968 0.979 0.938 0.650 0.965 0.953 0.954 0.958 0.974 0.941 0.955 0.018 0.057 0.877 0.979 0.021 
14 17 0.974 0.983 0.950 0.552 0.971 0.963 0.961 0.967 0.979 0.951 0.964 0.015 0.047 0.890 0.983 0.017 
14 18 0.979 0.987 0.960 0.456 0.975 0.970 0.966 0.973 0.983 0.960 0.971 0.012 0.039 0.896 0.987 0.014 
14 19 0.983 0.989 0.968 0.372 0.977 0.976 0.968 0.979 0.987 0.968 0.977 0.009 0.031 0.898 0.989 0.011 
14 20 0.987 0.992 0.974 0.301 0.976 0.981 0.966 0.983 0.989 0.973 0.981 0.008 0.026 0.895 0.991 0.009 
14 21 0.989 0.993 0.980 0.244 0.973 0.985 0.961 0.986 0.992 0.978 0.985 0.006 0.021 0.889 0.993 0.007 
14 22 0.991 0.995 0.984 0.197 0.965 0.988 0.951 0.989 0.993 0.982 0.988 0.005 0.017 0.885 0.994 0.006 
15 0 0.500 0.500 0.500 0.500 0.500 0.500 0.500 0.500 0.500 0.500 0.500 0.500 0.500 0.500 0.500 0.500 
15 1 0.406 0.598 0.403 0.447 0.408 0.469 0.403 0.401 0.504 0.405 0.400 0.405 0.452 0.403 0.515 0.402 
15 2 0.344 0.653 0.346 0.404 0.361 0.445 0.341 0.331 0.507 0.354 0.325 0.353 0.437 0.334 0.549 0.355 
15 3 0.461 0.708 0.319 0.480 0.390 0.396 0.317 0.344 0.560 0.361 0.285 0.295 0.420 0.305 0.628 0.319 
15 4 0.568 0.763 0.299 0.582 0.496 0.333 0.363 0.460 0.639 0.396 0.309 0.238 0.382 0.299 0.701 0.279 
15 5 0.655 0.810 0.303 0.665 0.589 0.288 0.440 0.568 0.708 0.441 0.402 0.190 0.350 0.326 0.761 0.225 
15 6 0.724 0.848 0.395 0.732 0.666 0.267 0.520 0.654 0.766 0.458 0.511 0.152 0.330 0.402 0.809 0.181 
15 7 0.779 0.879 0.510 0.786 0.727 0.278 0.595 0.723 0.812 0.436 0.606 0.122 0.324 0.501 0.847 0.145 
15 8 0.823 0.903 0.608 0.828 0.774 0.336 0.659 0.779 0.850 0.394 0.685 0.097 0.321 0.595 0.878 0.116 
15 9 0.859 0.922 0.686 0.862 0.811 0.433 0.711 0.823 0.880 0.347 0.748 0.078 0.303 0.673 0.902 0.093 
15 10 0.887 0.938 0.749 0.889 0.843 0.537 0.753 0.858 0.904 0.302 0.798 0.062 0.272 0.737 0.922 0.074 
15 11 0.909 0.950 0.799 0.910 0.871 0.628 0.787 0.887 0.923 0.259 0.838 0.050 0.235 0.788 0.937 0.059 
15 12 0.928 0.960 0.839 0.926 0.895 0.702 0.816 0.909 0.938 0.219 0.871 0.040 0.198 0.830 0.950 0.048 
15 13 0.942 0.968 0.871 0.939 0.915 0.761 0.840 0.927 0.951 0.183 0.897 0.032 0.165 0.863 0.960 0.038 
15 14 0.954 0.975 0.897 0.950 0.931 0.809 0.861 0.942 0.960 0.151 0.917 0.026 0.136 0.889 0.968 0.030 
15 15 0.963 0.980 0.918 0.958 0.945 0.847 0.879 0.954 0.968 0.124 0.934 0.020 0.112 0.911 0.974 0.024 
15 16 0.970 0.984 0.934 0.964 0.955 0.878 0.895 0.963 0.975 0.101 0.947 0.016 0.093 0.928 0.979 0.020 
15 17 0.976 0.987 0.947 0.969 0.964 0.902 0.908 0.970 0.980 0.081 0.958 0.013 0.077 0.942 0.984 0.016 
15 18 0.981 0.990 0.958 0.972 0.971 0.922 0.920 0.976 0.984 0.066 0.966 0.010 0.064 0.953 0.987 0.012 
15 19 0.985 0.992 0.966 0.975 0.976 0.937 0.930 0.981 0.987 0.053 0.973 0.008 0.053 0.961 0.989 0.010 
15 20 0.988 0.993 0.973 0.976 0.980 0.950 0.938 0.985 0.990 0.043 0.978 0.007 0.045 0.968 0.992 0.008 
15 21 0.990 0.995 0.978 0.978 0.984 0.960 0.945 0.988 0.992 0.034 0.983 0.005 0.038 0.974 0.993 0.006 
15 22 0.992 0.996 0.983 0.979 0.987 0.968 0.951 0.990 0.993 0.028 0.986 0.004 0.032 0.979 0.995 0.005 
16 0 0.500 0.500 0.500 0.500 0.500 0.500 0.500 0.500 0.500 0.500 0.500 0.500 0.500 0.500 0.500 0.500 
16 1 0.406 0.598 0.403 0.447 0.408 0.469 0.403 0.401 0.504 0.405 0.400 0.405 0.452 0.403 0.515 0.402 
16 2 0.344 0.653 0.346 0.404 0.361 0.445 0.341 0.331 0.507 0.354 0.325 0.353 0.437 0.334 0.549 0.355 
16 3 0.291 0.594 0.367 0.379 0.426 0.414 0.401 0.312 0.571 0.313 0.288 0.331 0.406 0.296 0.606 0.438 
16 4 0.248 0.495 0.460 0.379 0.533 0.378 0.512 0.392 0.651 0.263 0.321 0.308 0.354 0.293 0.671 0.546 
16 5 0.199 0.400 0.564 0.374 0.626 0.346 0.609 0.504 0.721 0.213 0.428 0.287 0.290 0.317 0.726 0.637 
16 6 0.160 0.321 0.651 0.346 0.701 0.312 0.686 0.600 0.776 0.170 0.538 0.283 0.233 0.342 0.766 0.709 
16 7 0.128 0.257 0.721 0.295 0.761 0.285 0.749 0.678 0.821 0.136 0.630 0.310 0.187 0.364 0.793 0.767 
16 8 0.102 0.206 0.776 0.242 0.808 0.277 0.798 0.741 0.857 0.109 0.704 0.375 0.150 0.383 0.815 0.814 
16 9 0.082 0.165 0.821 0.195 0.847 0.290 0.835 0.790 0.886 0.087 0.763 0.464 0.120 0.402 0.834 0.851 
16 10 0.065 0.132 0.857 0.157 0.877 0.326 0.863 0.829 0.908 0.070 0.810 0.555 0.096 0.422 0.852 0.881 
16 11 0.052 0.105 0.885 0.126 0.902 0.382 0.879 0.859 0.927 0.056 0.848 0.637 0.077 0.444 0.869 0.905 
16 12 0.042 0.084 0.908 0.101 0.922 0.449 0.887 0.881 0.941 0.045 0.879 0.706 0.062 0.468 0.884 0.924 
16 13 0.033 0.067 0.927 0.081 0.937 0.517 0.889 0.898 0.953 0.036 0.903 0.762 0.049 0.492 0.898 0.939 
16 14 0.027 0.054 0.941 0.065 0.950 0.578 0.888 0.910 0.962 0.029 0.922 0.808 0.040 0.516 0.909 0.951 
16 15 0.021 0.043 0.953 0.052 0.960 0.627 0.890 0.919 0.970 0.023 0.938 0.845 0.032 0.538 0.919 0.961 
16 16 0.017 0.035 0.962 0.041 0.968 0.682 0.881 0.925 0.976 0.018 0.950 0.876 0.025 0.561 0.928 0.969 
16 17 0.014 0.028 0.970 0.033 0.974 0.735 0.862 0.929 0.981 0.015 0.960 0.900 0.020 0.585 0.937 0.975 
16 18 0.011 0.022 0.976 0.026 0.979 0.782 0.836 0.930 0.985 0.012 0.968 0.919 0.016 0.608 0.946 0.980 
16 19 0.009 0.018 0.981 0.021 0.984 0.821 0.806 0.930 0.988 0.009 0.975 0.935 0.013 0.630 0.953 0.984 
16 20 0.007 0.014 0.985 0.017 0.987 0.854 0.780 0.929 0.990 0.007 0.980 0.948 0.011 0.652 0.960 0.987 
16 21 0.006 0.011 0.988 0.014 0.989 0.881 0.762 0.928 0.992 0.006 0.984 0.958 0.009 0.671 0.966 0.990 
16 22 0.004 0.009 0.990 0.011 0.992 0.903 0.757 0.929 0.994 0.005 0.987 0.966 0.007 0.689 0.971 0.992 
17 0 0.500 0.500 0.500 0.500 0.500 0.500 0.500 0.500 0.500 0.500 0.500 0.500 0.500 0.500 0.500 0.500 
17 1 0.406 0.598 0.403 0.447 0.408 0.469 0.403 0.401 0.504 0.405 0.400 0.405 0.452 0.403 0.515 0.402 
17 2 0.344 0.653 0.346 0.404 0.361 0.445 0.341 0.331 0.507 0.354 0.325 0.353 0.437 0.334 0.549 0.355 
17 3 0.283 0.577 0.362 0.428 0.451 0.396 0.371 0.308 0.458 0.394 0.297 0.326 0.385 0.279 0.535 0.448 
17 4 0.229 0.474 0.445 0.501 0.559 0.339 0.474 0.385 0.392 0.473 0.343 0.289 0.319 0.232 0.470 0.555 
17 5 0.183 0.382 0.550 0.574 0.647 0.279 0.576 0.498 0.319 0.566 0.448 0.247 0.258 0.191 0.385 0.644 
17 6 0.147 0.307 0.638 0.622 0.718 0.225 0.658 0.596 0.257 0.650 0.553 0.213 0.208 0.156 0.312 0.715 
17 7 0.117 0.247 0.708 0.596 0.774 0.181 0.714 0.673 0.207 0.720 0.641 0.214 0.172 0.127 0.254 0.772 
17 8 0.094 0.198 0.762 0.509 0.819 0.145 0.711 0.729 0.166 0.776 0.712 0.280 0.156 0.103 0.212 0.818 
17 9 0.075 0.159 0.796 0.415 0.855 0.116 0.615 0.756 0.134 0.821 0.769 0.394 0.179 0.083 0.185 0.854 
17 10 0.060 0.128 0.794 0.334 0.884 0.093 0.498 0.714 0.109 0.856 0.815 0.510 0.262 0.067 0.181 0.883 
17 11 0.048 0.102 0.746 0.267 0.907 0.074 0.400 0.611 0.088 0.885 0.852 0.607 0.378 0.054 0.199 0.907 
17 12 0.038 0.082 0.689 0.214 0.926 0.060 0.320 0.503 0.070 0.908 0.881 0.685 0.489 0.043 0.220 0.925 
17 13 0.031 0.065 0.621 0.171 0.941 0.048 0.257 0.408 0.056 0.927 0.904 0.748 0.583 0.035 0.209 0.940 
17 14 0.025 0.052 0.533 0.137 0.953 0.038 0.206 0.330 0.045 0.941 0.922 0.799 0.661 0.028 0.183 0.952 
17 15 0.020 0.042 0.442 0.110 0.962 0.031 0.166 0.266 0.036 0.953 0.934 0.839 0.721 0.022 0.157 0.962 
17 16 0.016 0.033 0.361 0.088 0.970 0.024 0.138 0.214 0.029 0.962 0.939 0.871 0.764 0.018 0.135 0.969 
17 17 0.013 0.027 0.292 0.071 0.976 0.020 0.127 0.172 0.023 0.970 0.934 0.897 0.785 0.014 0.117 0.976 
17 18 0.010 0.021 0.236 0.057 0.981 0.016 0.147 0.138 0.018 0.976 0.915 0.917 0.777 0.011 0.102 0.980 
17 19 0.008 0.017 0.190 0.045 0.984 0.013 0.209 0.112 0.015 0.981 0.881 0.933 0.739 0.009 0.090 0.984 
17 20 0.006 0.014 0.154 0.036 0.988 0.010 0.307 0.091 0.012 0.985 0.830 0.946 0.675 0.007 0.080 0.987 
17 21 0.005 0.011 0.125 0.029 0.990 0.008 0.417 0.074 0.009 0.988 0.767 0.955 0.595 0.006 0.071 0.990 
17 22 0.004 0.009 0.103 0.023 0.992 0.006 0.521 0.063 0.008 0.990 0.695 0.960 0.512 0.005 0.062 0.992 
18 0 0.500 0.500 0.500 0.500 0.500 0.500 0.500 0.500 0.500 0.500 0.500 0.500 0.500 0.500 0.500 0.500 
18 1 0.406 0.598 0.403 0.447 0.408 0.469 0.403 0.401 0.504 0.405 0.400 0.405 0.452 0.403 0.515 0.402 
18 2 0.344 0.653 0.346 0.404 0.361 0.445 0.341 0.331 0.507 0.354 0.325 0.353 0.437 0.334 0.549 0.355 
18 3 0.282 0.557 0.303 0.429 0.461 0.417 0.408 0.317 0.551 0.337 0.280 0.333 0.392 0.282 0.528 0.451 
18 4 0.229 0.450 0.270 0.510 0.567 0.386 0.521 0.414 0.622 0.310 0.270 0.312 0.330 0.243 0.457 0.558 
18 5 0.183 0.361 0.270 0.591 0.654 0.382 0.616 0.527 0.692 0.272 0.309 0.297 0.269 0.213 0.369 0.646 
18 6 0.146 0.288 0.309 0.651 0.723 0.453 0.693 0.620 0.752 0.227 0.374 0.313 0.217 0.186 0.296 0.717 
18 7 0.117 0.231 0.377 0.654 0.778 0.554 0.754 0.694 0.802 0.185 0.437 0.395 0.176 0.164 0.236 0.774 
18 8 0.094 0.185 0.456 0.565 0.823 0.642 0.804 0.750 0.841 0.150 0.473 0.503 0.149 0.147 0.189 0.819 
18 9 0.075 0.148 0.540 0.459 0.858 0.713 0.843 0.784 0.873 0.123 0.473 0.599 0.136 0.133 0.151 0.855 
18 10 0.060 0.118 0.623 0.368 0.886 0.770 0.874 0.795 0.898 0.100 0.451 0.678 0.131 0.121 0.121 0.884 
18 11 0.048 0.095 0.696 0.295 0.909 0.816 0.899 0.789 0.919 0.081 0.430 0.742 0.124 0.114 0.097 0.907 
18 12 0.038 0.076 0.756 0.236 0.927 0.853 0.919 0.773 0.935 0.066 0.420 0.793 0.110 0.111 0.078 0.926 
18 13 0.031 0.061 0.804 0.189 0.942 0.882 0.936 0.756 0.948 0.053 0.430 0.834 0.094 0.110 0.062 0.941 
18 14 0.025 0.048 0.843 0.152 0.953 0.905 0.948 0.743 0.958 0.042 0.461 0.866 0.077 0.110 0.050 0.953 
18 15 0.020 0.039 0.874 0.121 0.963 0.924 0.959 0.738 0.967 0.034 0.512 0.892 0.063 0.112 0.040 0.962 
18 16 0.016 0.031 0.899 0.097 0.970 0.939 0.967 0.752 0.973 0.027 0.575 0.913 0.051 0.127 0.032 0.970 
18 17 0.013 0.025 0.919 0.078 0.976 0.951 0.974 0.778 0.979 0.022 0.641 0.929 0.041 0.154 0.026 0.976 
18 18 0.010 0.020 0.936 0.062 0.981 0.961 0.979 0.808 0.983 0.017 0.702 0.940 0.033 0.193 0.021 0.981 
18 19 0.008 0.016 0.948 0.050 0.985 0.968 0.983 0.838 0.986 0.014 0.755 0.947 0.026 0.241 0.017 0.984 
18 20 0.006 0.013 0.959 0.040 0.988 0.974 0.986 0.865 0.989 0.011 0.800 0.951 0.021 0.294 0.014 0.988 
18 21 0.005 0.010 0.967 0.032 0.990 0.979 0.989 0.889 0.991 0.009 0.838 0.951 0.017 0.351 0.013 0.990 
18 22 0.004 0.008 0.974 0.026 0.992 0.982 0.991 0.909 0.993 0.007 0.868 0.947 0.014 0.407 0.012 0.992 
19 0 0.500 0.500 0.500 0.500 0.500 0.500 0.500 0.500 0.500 0.500 0.500 0.500 0.500 0.500 0.500 0.500 
19 1 0.406 0.598 0.403 0.447 0.408 0.469 0.403 0.401 0.504 0.405 0.400 0.405 0.452 0.403 0.515 0.402 
19 2 0.344 0.653 0.346 0.404 0.361 0.445 0.341 0.331 0.507 0.354 0.325 0.353 0.437 0.334 0.549 0.355 
19 3 0.282 0.557 0.303 0.429 0.461 0.417 0.408 0.317 0.551 0.337 0.280 0.333 0.392 0.282 0.528 0.451 
19 4 0.229 0.450 0.270 0.510 0.567 0.386 0.521 0.414 0.622 0.310 0.270 0.312 0.330 0.243 0.457 0.558 
19 5 0.183 0.361 0.270 0.591 0.654 0.382 0.616 0.527 0.692 0.272 0.309 0.297 0.269 0.213 0.369 0.646 
19 6 0.146 0.288 0.309 0.651 0.723 0.453 0.693 0.620 0.752 0.227 0.374 0.313 0.217 0.186 0.296 0.717 
19 7 0.117 0.231 0.377 0.654 0.778 0.554 0.754 0.694 0.802 0.185 0.437 0.395 0.176 0.164 0.236 0.774 
19 8 0.094 0.185 0.456 0.565 0.823 0.642 0.804 0.750 0.841 0.150 0.473 0.503 0.149 0.147 0.189 0.819 
19 9 0.075 0.148 0.540 0.459 0.858 0.713 0.843 0.784 0.873 0.123 0.473 0.599 0.136 0.133 0.151 0.855 
19 10 0.060 0.118 0.623 0.368 0.886 0.770 0.874 0.795 0.898 0.100 0.451 0.678 0.131 0.121 0.121 0.884 
19 11 0.048 0.095 0.696 0.295 0.909 0.816 0.899 0.789 0.919 0.081 0.430 0.742 0.124 0.114 0.097 0.907 
19 12 0.038 0.076 0.756 0.236 0.927 0.853 0.919 0.773 0.935 0.066 0.420 0.793 0.110 0.111 0.078 0.926 
19 13 0.031 0.061 0.804 0.189 0.942 0.882 0.936 0.756 0.948 0.053 0.430 0.834 0.094 0.110 0.062 0.941 
19 14 0.025 0.048 0.843 0.152 0.953 0.905 0.948 0.743 0.958 0.042 0.461 0.866 0.077 0.110 0.050 0.953 
19 15 0.020 0.039 0.874 0.121 0.963 0.924 0.959 0.738 0.967 0.034 0.512 0.892 0.063 0.112 0.040 0.962 
19 16 0.016 0.031 0.899 0.097 0.970 0.939 0.967 0.752 0.973 0.027 0.575 0.913 0.051 0.127 0.032 0.970 
19 17 0.013 0.025 0.919 0.078 0.976 0.951 0.974 0.778 0.979 0.022 0.641 0.929 0.041 0.154 0.026 0.976 
19 18 0.010 0.020 0.936 0.062 0.981 0.961 0.979 0.808 0.983 0.017 0.702 0.940 0.033 0.193 0.021 0.981 
19 19 0.008 0.016 0.948 0.050 0.985 0.968 0.983 0.838 0.986 0.014 0.755 0.947 0.026 0.241 0.017 0.984 
19 20 0.006 0.013 0.959 0.040 0.988 0.974 0.986 0.865 0.989 0.011 0.800 0.951 0.021 0.294 0.014 0.988 
19 21 0.005 0.010 0.967 0.032 0.990 0.979 0.989 0.889 0.991 0.009 0.838 0.951 0.017 0.351 0.013 0.990 
19 22 0.004 0.008 0.974 0.026 0.992 0.982 0.991 0.909 0.993 0.007 0.868 0.947 0.014 0.407 0.012 0.992 
20 0 0.500 0.500 0.500 0.500 0.500 0.500 0.500 0.500 0.500 0.500 0.500 0.500 0.500 0.500 0.500 0.500 
20 1 0.406 0.598 0.403 0.447 0.408 0.469 0.403 0.401 0.504 0.405 0.400 0.405 0.452 0.403 0.515 0.402 
20 2 0.344 0.653 0.346 0.404 0.361 0.445 0.341 0.331 0.507 0.354 0.325 0.353 0.437 0.334 0.549 0.355 
20 3 0.281 0.563 0.317 0.408 0.461 0.457 0.414 0.337 0.543 0.392 0.283 0.325 0.389 0.280 0.515 0.447 
20 4 0.227 0.457 0.314 0.447 0.567 0.507 0.528 0.455 0.610 0.480 0.283 0.288 0.326 0.235 0.433 0.554 
20 5 0.182 0.367 0.359 0.471 0.654 0.584 0.622 0.563 0.678 0.576 0.331 0.253 0.266 0.198 0.349 0.643 
20 6 0.146 0.294 0.425 0.447 0.723 0.662 0.698 0.650 0.737 0.659 0.379 0.233 0.215 0.164 0.279 0.714 
20 7 0.117 0.235 0.489 0.382 0.778 0.729 0.758 0.720 0.787 0.726 0.408 0.246 0.176 0.136 0.223 0.771 
20 8 0.093 0.188 0.544 0.311 0.823 0.783 0.806 0.776 0.829 0.781 0.424 0.306 0.145 0.112 0.179 0.817 
20 9 0.075 0.151 0.584 0.250 0.858 0.826 0.845 0.820 0.863 0.825 0.431 0.399 0.123 0.092 0.143 0.854 
20 10 0.060 0.121 0.609 0.200 0.886 0.861 0.876 0.856 0.890 0.860 0.422 0.497 0.109 0.076 0.114 0.883 
20 11 0.048 0.096 0.621 0.160 0.909 0.889 0.901 0.885 0.912 0.888 0.395 0.585 0.100 0.063 0.092 0.906 
20 12 0.038 0.077 0.618 0.128 0.927 0.911 0.921 0.907 0.929 0.910 0.354 0.659 0.096 0.052 0.073 0.925 
20 13 0.031 0.062 0.603 0.103 0.942 0.929 0.937 0.926 0.943 0.928 0.306 0.720 0.095 0.042 0.059 0.940 
20 14 0.024 0.049 0.577 0.082 0.953 0.943 0.949 0.940 0.954 0.943 0.259 0.771 0.096 0.035 0.047 0.952 
20 15 0.020 0.040 0.542 0.066 0.963 0.954 0.959 0.952 0.962 0.954 0.216 0.812 0.099 0.028 0.038 0.962 
20 16 0.016 0.032 0.507 0.053 0.970 0.964 0.968 0.961 0.969 0.963 0.181 0.846 0.103 0.023 0.030 0.969 
20 17 0.013 0.025 0.469 0.042 0.976 0.971 0.974 0.969 0.975 0.971 0.151 0.873 0.105 0.019 0.024 0.975 
20 18 0.010 0.020 0.430 0.034 0.981 0.977 0.979 0.975 0.979 0.976 0.125 0.895 0.105 0.016 0.019 0.980 
20 19 0.008 0.016 0.391 0.027 0.985 0.981 0.983 0.980 0.982 0.981 0.103 0.912 0.101 0.013 0.015 0.984 
20 20 0.006 0.013 0.355 0.022 0.988 0.985 0.987 0.983 0.985 0.985 0.085 0.925 0.094 0.011 0.012 0.987 
20 21 0.005 0.010 0.323 0.017 0.990 0.988 0.989 0.987 0.987 0.988 0.070 0.934 0.085 0.009 0.010 0.990 
20 22 0.004 0.008 0.295 0.014 0.992 0.990 0.991 0.989 0.989 0.990 0.057 0.938 0.074 0.007 0.008 0.992 
21 0 0.500 0.500 0.500 0.500 0.500 0.500 0.500 0.500 0.500 0.500 0.500 0.500 0.500 0.500 0.500 0.500 
21 1 0.406 0.598 0.403 0.447 0.408 0.469 0.403 0.401 0.504 0.405 0.400 0.405 0.452 0.403 0.515 0.402 
21 2 0.344 0.653 0.346 0.404 0.361 0.445 0.341 0.331 0.507 0.354 0.325 0.353 0.437 0.334 0.549 0.355 
21 3 0.292 0.577 0.293 0.364 0.429 0.491 0.331 0.302 0.593 0.388 0.312 0.370 0.406 0.289 0.595 0.447 
21 4 0.255 0.471 0.243 0.319 0.533 0.575 0.371 0.348 0.674 0.471 0.400 0.441 0.363 0.263 0.650 0.554 
21 5 0.205 0.377 0.202 0.263 0.626 0.657 0.472 0.445 0.739 0.569 0.507 0.531 0.304 0.235 0.686 0.643 
21 6 0.164 0.302 0.172 0.212 0.700 0.725 0.575 0.547 0.791 0.654 0.600 0.607 0.246 0.200 0.702 0.714 
21 7 0.131 0.242 0.155 0.170 0.760 0.779 0.660 0.634 0.833 0.723 0.677 0.666 0.197 0.166 0.701 0.772 
21 8 0.105 0.193 0.149 0.136 0.808 0.824 0.728 0.706 0.866 0.779 0.740 0.710 0.158 0.136 0.687 0.817 
21 9 0.084 0.155 0.151 0.109 0.847 0.859 0.782 0.764 0.893 0.823 0.791 0.744 0.126 0.111 0.662 0.854 
21 10 0.067 0.124 0.161 0.087 0.877 0.887 0.826 0.811 0.914 0.858 0.832 0.769 0.101 0.090 0.629 0.883 
21 11 0.054 0.099 0.173 0.070 0.902 0.910 0.861 0.849 0.932 0.887 0.865 0.786 0.081 0.074 0.588 0.906 
21 12 0.043 0.079 0.187 0.056 0.921 0.928 0.889 0.879 0.945 0.909 0.891 0.799 0.065 0.060 0.541 0.925 
21 13 0.034 0.063 0.200 0.045 0.937 0.942 0.911 0.903 0.956 0.927 0.912 0.807 0.052 0.049 0.487 0.940 
21 14 0.028 0.051 0.213 0.036 0.950 0.954 0.929 0.922 0.965 0.942 0.929 0.811 0.041 0.040 0.430 0.952 
21 15 0.022 0.041 0.224 0.028 0.960 0.963 0.943 0.938 0.972 0.954 0.942 0.812 0.033 0.033 0.373 0.962 
21 16 0.018 0.032 0.236 0.023 0.968 0.970 0.954 0.950 0.978 0.963 0.953 0.810 0.027 0.028 0.317 0.969 
21 17 0.014 0.026 0.249 0.018 0.974 0.976 0.963 0.960 0.982 0.970 0.961 0.805 0.021 0.023 0.266 0.975 
21 18 0.011 0.021 0.263 0.015 0.979 0.981 0.971 0.968 0.986 0.976 0.967 0.797 0.017 0.019 0.221 0.980 
21 19 0.009 0.017 0.279 0.012 0.984 0.985 0.977 0.974 0.989 0.981 0.971 0.788 0.014 0.016 0.182 0.984 
21 20 0.007 0.013 0.298 0.009 0.987 0.988 0.981 0.980 0.991 0.985 0.974 0.780 0.011 0.014 0.149 0.987 
21 21 0.006 0.011 0.317 0.007 0.989 0.990 0.985 0.984 0.993 0.988 0.975 0.773 0.009 0.012 0.122 0.990 
21 22 0.005 0.009 0.337 0.006 0.992 0.992 0.988 0.987 0.994 0.990 0.976 0.768 0.007 0.010 0.099 0.992 
22 0 0.500 0.500 0.500 0.500 0.500 0.500 0.500 0.500 0.500 0.500 0.500 0.500 0.500 0.500 0.500 0.500 
22 1 0.406 0.598 0.403 0.447 0.408 0.469 0.403 0.401 0.504 0.405 0.400 0.405 0.452 0.403 0.515 0.402 
22 2 0.344 0.653 0.346 0.404 0.361 0.445 0.341 0.331 0.507 0.354 0.325 0.353 0.437 0.334 0.549 0.355 
22 3 0.282 0.557 0.303 0.429 0.461 0.417 0.408 0.317 0.551 0.337 0.280 0.333 0.392 0.282 0.528 0.451 
22 4 0.229 0.450 0.270 0.510 0.567 0.386 0.521 0.414 0.622 0.310 0.270 0.312 0.330 0.243 0.457 0.558 
22 5 0.183 0.361 0.270 0.591 0.654 0.382 0.616 0.527 0.692 0.272 0.309 0.297 0.269 0.213 0.369 0.646 
22 6 0.146 0.288 0.309 0.651 0.723 0.453 0.693 0.620 0.752 0.227 0.374 0.313 0.217 0.186 0.296 0.717 
22 7 0.117 0.231 0.377 0.654 0.778 0.554 0.754 0.694 0.802 0.185 0.437 0.395 0.176 0.164 0.236 0.774 
22 8 0.094 0.185 0.456 0.565 0.823 0.642 0.804 0.750 0.841 0.150 0.473 0.503 0.149 0.147 0.189 0.819 
22 9 0.075 0.148 0.540 0.459 0.858 0.713 0.843 0.784 0.873 0.123 0.473 0.599 0.136 0.133 0.151 0.855 
22 10 0.060 0.118 0.623 0.368 0.886 0.770 0.874 0.795 0.898 0.100 0.451 0.678 0.131 0.121 0.121 0.884 
22 11 0.048 0.095 0.696 0.295 0.909 0.816 0.899 0.789 0.919 0.081 0.430 0.742 0.124 0.114 0.097 0.907 
22 12 0.038 0.076 0.756 0.236 0.927 0.853 0.919 0.773 0.935 0.066 0.420 0.793 0.110 0.111 0.078 0.926 
22 13 0.031 0.061 0.804 0.189 0.942 0.882 0.936 0.756 0.948 0.053 0.430 0.834 0.094 0.110 0.062 0.941 
22 14 0.025 0.048 0.843 0.152 0.953 0.905 0.948 0.743 0.958 0.042 0.461 0.866 0.077 0.110 0.050 0.953 
22 15 0.020 0.039 0.874 0.121 0.963 0.924 0.959 0.738 0.967 0.034 0.512 0.892 0.063 0.112 0.040 0.962 
22 16 0.016 0.031 0.899 0.097 0.970 0.939 0.967 0.752 0.973 0.027 0.575 0.913 0.051 0.127 0.032 0.970 
22 17 0.013 0.025 0.919 0.078 0.976 0.951 0.974 0.778 0.979 0.022 0.641 0.929 0.041 0.154 0.026 0.976 
22 18 0.010 0.020 0.936 0.062 0.981 0.961 0.979 0.808 0.983 0.017 0.702 0.940 0.033 0.193 0.021 0.981 
22 19 0.008 0.016 0.948 0.050 0.985 0.968 0.983 0.838 0.986 0.014 0.755 0.947 0.026 0.241 0.017 0.984 
22 20 0.006 0.013 0.959 0.040 0.988 0.974 0.986 0.865 0.989 0.011 0.800 0.951 0.021 0.294 0.014 0.988 
22 21 0.005 0.010 0.967 0.032 0.990 0.979 0.989 0.889 0.991 0.009 0.838 0.951 0.017 0.351 0.013 0.990 
22 22 0.004 0.008 0.974 0.026 0.992 0.982 0.991 0.909 0.993 0.007 0.868 0.947 0.014 0.407 0.012 0.992 
23 0 0.500 0.500 0.500 0.500 0.500 0.500 0.500 0.500 0.500 0.500 0.500 0.500 0.500 0.500 0.500 0.500 
23 1 0.406 0.598 0.403 0.447 0.408 0.469 0.403 0.401 0.504 0.405 0.400 0.405 0.452 0.403 0.515 0.402 
23 2 0.344 0.653 0.346 0.404 0.361 0.445 0.341 0.331 0.507 0.354 0.325 0.353 0.437 0.334 0.549 0.355 
23 3 0.297 0.594 0.318 0.378 0.414 0.425 0.301 0.284 0.547 0.390 0.336 0.372 0.401 0.287 0.608 0.448 
23 4 0.261 0.493 0.305 0.359 0.517 0.407 0.270 0.263 0.617 0.467 0.449 0.443 0.349 0.253 0.674 0.556 
23 5 0.210 0.396 0.310 0.319 0.612 0.383 0.248 0.257 0.683 0.558 0.557 0.538 0.286 0.217 0.732 0.644 
23 6 0.168 0.317 0.324 0.265 0.690 0.337 0.242 0.252 0.732 0.644 0.645 0.621 0.230 0.179 0.782 0.716 
23 7 0.135 0.253 0.337 0.216 0.752 0.278 0.255 0.243 0.765 0.714 0.716 0.689 0.184 0.145 0.825 0.772 
23 8 0.108 0.203 0.355 0.174 0.801 0.224 0.288 0.230 0.778 0.771 0.773 0.743 0.147 0.117 0.859 0.818 
23 9 0.086 0.162 0.384 0.140 0.841 0.180 0.339 0.216 0.767 0.816 0.818 0.784 0.118 0.094 0.887 0.854 
23 10 0.069 0.130 0.428 0.113 0.873 0.144 0.402 0.202 0.724 0.853 0.855 0.815 0.094 0.075 0.909 0.883 
23 11 0.055 0.104 0.483 0.091 0.898 0.115 0.470 0.191 0.652 0.882 0.884 0.835 0.075 0.060 0.927 0.907 
23 12 0.044 0.083 0.544 0.073 0.919 0.092 0.534 0.182 0.561 0.906 0.907 0.845 0.060 0.048 0.942 0.925 
23 13 0.035 0.066 0.602 0.059 0.935 0.074 0.584 0.173 0.470 0.925 0.926 0.848 0.048 0.039 0.953 0.940 
23 14 0.028 0.053 0.651 0.047 0.948 0.059 0.605 0.161 0.390 0.940 0.940 0.849 0.039 0.031 0.963 0.952 
23 15 0.023 0.043 0.685 0.038 0.958 0.047 0.575 0.144 0.322 0.952 0.952 0.857 0.031 0.025 0.970 0.962 
23 16 0.018 0.034 0.696 0.030 0.967 0.038 0.497 0.123 0.266 0.961 0.962 0.872 0.025 0.020 0.976 0.969 
23 17 0.014 0.027 0.679 0.024 0.973 0.030 0.408 0.102 0.220 0.969 0.970 0.890 0.020 0.016 0.981 0.976 
23 18 0.012 0.022 0.647 0.019 0.979 0.024 0.331 0.083 0.181 0.975 0.976 0.908 0.016 0.013 0.984 0.980 
23 19 0.009 0.017 0.620 0.015 0.983 0.019 0.267 0.068 0.147 0.980 0.980 0.923 0.013 0.010 0.987 0.984 
23 20 0.007 0.014 0.613 0.012 0.986 0.016 0.215 0.056 0.119 0.984 0.984 0.936 0.010 0.008 0.990 0.987 
23 21 0.006 0.011 0.628 0.010 0.989 0.013 0.174 0.047 0.096 0.987 0.988 0.946 0.008 0.007 0.992 0.990 
23 22 0.005 0.009 0.660 0.008 0.991 0.010 0.141 0.039 0.077 0.990 0.990 0.953 0.006 0.005 0.993 0.992 
24 0 0.500 0.500 0.500 0.500 0.500 0.500 0.500 0.500 0.500 0.500 0.500 0.500 0.500 0.500 0.500 0.500 
24 1 0.406 0.598 0.403 0.447 0.408 0.469 0.403 0.401 0.504 0.405 0.400 0.405 0.452 0.403 0.515 0.402 
24 2 0.344 0.653 0.346 0.404 0.361 0.445 0.341 0.331 0.507 0.354 0.325 0.353 0.437 0.334 0.549 0.355 
24 3 0.412 0.677 0.325 0.344 0.319 0.411 0.337 0.292 0.519 0.395 0.317 0.416 0.489 0.318 0.597 0.335 
24 4 0.525 0.694 0.298 0.280 0.272 0.372 0.395 0.272 0.551 0.493 0.407 0.524 0.575 0.351 0.656 0.306 
24 5 0.620 0.726 0.255 0.227 0.222 0.310 0.488 0.261 0.593 0.589 0.510 0.617 0.657 0.396 0.718 0.273 
24 6 0.696 0.761 0.212 0.189 0.179 0.250 0.583 0.257 0.620 0.669 0.599 0.693 0.725 0.440 0.772 0.251 
24 7 0.757 0.791 0.173 0.170 0.143 0.200 0.664 0.259 0.625 0.734 0.673 0.754 0.780 0.477 0.816 0.245 
24 8 0.805 0.816 0.140 0.179 0.115 0.160 0.730 0.263 0.609 0.786 0.733 0.804 0.824 0.506 0.852 0.256 
24 9 0.844 0.836 0.113 0.217 0.092 0.128 0.784 0.271 0.575 0.829 0.783 0.843 0.859 0.528 0.881 0.279 
24 10 0.875 0.853 0.091 0.274 0.074 0.102 0.827 0.286 0.525 0.863 0.824 0.874 0.887 0.545 0.904 0.312 
24 11 0.900 0.868 0.073 0.337 0.059 0.082 0.861 0.310 0.462 0.890 0.857 0.899 0.910 0.555 0.922 0.347 
24 12 0.920 0.883 0.059 0.395 0.047 0.066 0.889 0.348 0.395 0.912 0.884 0.919 0.928 0.559 0.937 0.378 
24 13 0.936 0.898 0.048 0.443 0.038 0.052 0.911 0.396 0.329 0.930 0.906 0.936 0.942 0.554 0.948 0.405 
24 14 0.949 0.912 0.039 0.479 0.030 0.042 0.929 0.451 0.271 0.944 0.924 0.948 0.954 0.541 0.957 0.427 
24 15 0.959 0.924 0.031 0.503 0.024 0.034 0.943 0.507 0.221 0.955 0.939 0.959 0.963 0.521 0.964 0.445 
24 16 0.967 0.936 0.026 0.521 0.019 0.027 0.954 0.563 0.180 0.964 0.951 0.967 0.970 0.494 0.969 0.467 
24 17 0.974 0.946 0.022 0.529 0.015 0.022 0.964 0.615 0.146 0.971 0.960 0.974 0.976 0.462 0.973 0.491 
24 18 0.979 0.954 0.019 0.527 0.012 0.017 0.971 0.663 0.118 0.977 0.968 0.979 0.981 0.430 0.976 0.516 
24 19 0.983 0.962 0.016 0.514 0.010 0.014 0.977 0.704 0.096 0.982 0.974 0.983 0.985 0.398 0.978 0.544 
24 20 0.987 0.968 0.015 0.487 0.008 0.011 0.981 0.741 0.078 0.985 0.979 0.986 0.988 0.368 0.979 0.573 
24 21 0.989 0.973 0.014 0.448 0.006 0.009 0.985 0.772 0.063 0.988 0.983 0.989 0.990 0.339 0.980 0.603 
24 22 0.991 0.978 0.015 0.399 0.005 0.007 0.988 0.798 0.052 0.991 0.986 0.991 0.992 0.311 0.981 0.634 
25 0 0.500 0.500 0.500 0.500 0.500 0.500 0.500 0.500 0.500 0.500 0.500 0.500 0.500 0.500 0.500 0.500 
25 1 0.406 0.598 0.403 0.447 0.408 0.469 0.403 0.401 0.504 0.405 0.400 0.405 0.452 0.403 0.515 0.402 
25 2 0.344 0.653 0.346 0.404 0.361 0.445 0.341 0.331 0.507 0.354 0.325 0.353 0.437 0.334 0.549 0.355 
25 3 0.451 0.697 0.356 0.355 0.311 0.518 0.298 0.321 0.505 0.331 0.314 0.322 0.476 0.317 0.580 0.296 
25 4 0.560 0.739 0.412 0.308 0.258 0.608 0.268 0.372 0.520 0.307 0.402 0.291 0.544 0.358 0.633 0.240 
25 5 0.648 0.788 0.460 0.297 0.212 0.684 0.243 0.462 0.577 0.275 0.505 0.243 0.611 0.436 0.702 0.192 
25 6 0.719 0.830 0.459 0.369 0.173 0.747 0.220 0.561 0.645 0.242 0.597 0.198 0.675 0.532 0.761 0.154 
25 7 0.775 0.864 0.403 0.478 0.140 0.796 0.203 0.647 0.704 0.216 0.675 0.160 0.733 0.621 0.808 0.123 
25 8 0.820 0.891 0.330 0.578 0.114 0.836 0.194 0.717 0.749 0.201 0.738 0.131 0.782 0.695 0.847 0.098 
25 9 0.856 0.913 0.266 0.661 0.094 0.868 0.192 0.773 0.785 0.203 0.789 0.108 0.823 0.755 0.877 0.079 
25 10 0.885 0.930 0.213 0.728 0.078 0.894 0.199 0.819 0.812 0.223 0.831 0.090 0.856 0.803 0.902 0.063 
25 11 0.908 0.944 0.171 0.782 0.066 0.915 0.215 0.855 0.834 0.264 0.864 0.078 0.883 0.842 0.921 0.050 
25 12 0.926 0.955 0.137 0.825 0.058 0.932 0.240 0.884 0.852 0.328 0.891 0.069 0.905 0.873 0.937 0.040 
25 13 0.941 0.964 0.109 0.860 0.051 0.945 0.277 0.907 0.866 0.412 0.912 0.064 0.923 0.898 0.949 0.032 
25 14 0.953 0.971 0.087 0.888 0.046 0.956 0.326 0.926 0.878 0.503 0.930 0.061 0.938 0.918 0.959 0.026 
25 15 0.962 0.977 0.070 0.909 0.040 0.964 0.383 0.941 0.886 0.589 0.944 0.061 0.950 0.934 0.967 0.021 
25 16 0.970 0.982 0.056 0.926 0.035 0.969 0.451 0.952 0.894 0.660 0.955 0.077 0.960 0.947 0.974 0.016 
25 17 0.976 0.985 0.045 0.939 0.030 0.968 0.522 0.962 0.902 0.718 0.964 0.112 0.968 0.958 0.979 0.013 
25 18 0.981 0.988 0.036 0.948 0.026 0.956 0.588 0.970 0.909 0.764 0.971 0.171 0.974 0.966 0.983 0.011 
25 19 0.985 0.991 0.029 0.954 0.021 0.927 0.648 0.976 0.916 0.800 0.977 0.254 0.979 0.973 0.987 0.008 
25 20 0.988 0.993 0.024 0.957 0.018 0.878 0.699 0.980 0.921 0.824 0.981 0.356 0.984 0.978 0.989 0.007 
25 21 0.990 0.994 0.020 0.958 0.014 0.811 0.743 0.984 0.925 0.837 0.985 0.463 0.987 0.983 0.991 0.005 
25 22 0.992 0.995 0.017 0.958 0.012 0.731 0.780 0.987 0.926 0.835 0.988 0.560 0.989 0.986 0.993 0.004 
26 0 0.500 0.500 0.500 0.500 0.500 0.500 0.500 0.500 0.500 0.500 0.500 0.500 0.500 0.500 0.500 0.500 
26 1 0.406 0.598 0.403 0.447 0.408 0.469 0.403 0.401 0.504 0.405 0.400 0.405 0.452 0.403 0.515 0.402 
26 2 0.344 0.653 0.346 0.404 0.361 0.445 0.341 0.331 0.507 0.354 0.325 0.353 0.437 0.334 0.549 0.355 
26 3 0.447 0.696 0.336 0.349 0.313 0.505 0.308 0.353 0.506 0.374 0.315 0.327 0.473 0.305 0.566 0.300 
26 4 0.557 0.741 0.342 0.291 0.261 0.589 0.314 0.459 0.527 0.457 0.402 0.306 0.536 0.301 0.594 0.245 
26 5 0.645 0.791 0.334 0.244 0.213 0.663 0.351 0.565 0.589 0.555 0.505 0.259 0.603 0.311 0.656 0.197 
26 6 0.716 0.833 0.321 0.214 0.174 0.719 0.394 0.652 0.662 0.642 0.597 0.209 0.664 0.348 0.721 0.157 
26 7 0.773 0.866 0.302 0.207 0.141 0.758 0.433 0.721 0.727 0.713 0.675 0.168 0.716 0.414 0.776 0.126 
26 8 0.818 0.893 0.278 0.232 0.116 0.783 0.466 0.777 0.780 0.770 0.739 0.135 0.762 0.496 0.821 0.101 
26 9 0.855 0.914 0.252 0.289 0.096 0.794 0.494 0.822 0.824 0.816 0.790 0.108 0.801 0.579 0.857 0.081 
26 10 0.884 0.931 0.226 0.367 0.080 0.789 0.524 0.857 0.858 0.853 0.832 0.086 0.836 0.656 0.885 0.065 
26 11 0.907 0.945 0.202 0.447 0.067 0.759 0.562 0.886 0.885 0.882 0.865 0.069 0.866 0.721 0.908 0.052 
26 12 0.926 0.956 0.182 0.520 0.056 0.696 0.609 0.909 0.907 0.906 0.892 0.056 0.892 0.776 0.926 0.041 
26 13 0.940 0.965 0.164 0.583 0.047 0.605 0.660 0.927 0.923 0.925 0.913 0.045 0.913 0.820 0.941 0.033 
26 14 0.952 0.972 0.150 0.635 0.039 0.505 0.710 0.942 0.934 0.940 0.931 0.036 0.930 0.856 0.953 0.026 
26 15 0.962 0.978 0.139 0.676 0.033 0.413 0.757 0.953 0.940 0.952 0.944 0.030 0.944 0.884 0.962 0.021 
26 16 0.970 0.982 0.132 0.702 0.027 0.334 0.798 0.963 0.939 0.961 0.955 0.025 0.955 0.907 0.970 0.017 
26 17 0.976 0.986 0.131 0.703 0.022 0.269 0.832 0.970 0.929 0.969 0.964 0.021 0.964 0.926 0.976 0.014 
26 18 0.981 0.988 0.137 0.667 0.018 0.217 0.861 0.976 0.906 0.975 0.971 0.020 0.971 0.941 0.980 0.011 
26 19 0.984 0.991 0.151 0.592 0.015 0.174 0.884 0.981 0.868 0.980 0.977 0.020 0.977 0.952 0.984 0.009 
26 20 0.988 0.993 0.173 0.499 0.012 0.140 0.902 0.985 0.818 0.984 0.982 0.022 0.981 0.962 0.987 0.007 
26 21 0.990 0.994 0.202 0.410 0.009 0.112 0.915 0.988 0.764 0.987 0.985 0.025 0.985 0.969 0.990 0.006 
26 22 0.992 0.995 0.242 0.333 0.008 0.090 0.925 0.990 0.719 0.990 0.988 0.026 0.988 0.975 0.992 0.004 
27 0 0.500 0.500 0.500 0.500 0.500 0.500 0.500 0.500 0.500 0.500 0.500 0.500 0.500 0.500 0.500 0.500 
27 1 0.406 0.598 0.403 0.447 0.408 0.469 0.403 0.401 0.504 0.405 0.400 0.405 0.452 0.403 0.515 0.402 
27 2 0.344 0.653 0.346 0.404 0.361 0.445 0.341 0.331 0.507 0.354 0.325 0.353 0.437 0.334 0.549 0.355 
27 3 0.460 0.694 0.311 0.338 0.302 0.491 0.306 0.335 0.466 0.385 0.317 0.402 0.507 0.339 0.518 0.293 
27 4 0.567 0.731 0.264 0.273 0.244 0.567 0.297 0.400 0.403 0.479 0.393 0.507 0.600 0.419 0.450 0.235 
27 5 0.654 0.777 0.214 0.222 0.195 0.630 0.305 0.490 0.341 0.573 0.465 0.599 0.679 0.514 0.381 0.188 
27 6 0.723 0.818 0.171 0.194 0.156 0.670 0.317 0.581 0.281 0.651 0.492 0.671 0.743 0.597 0.312 0.151 
27 7 0.779 0.853 0.137 0.233 0.125 0.675 0.327 0.658 0.229 0.714 0.466 0.724 0.795 0.663 0.253 0.120 
27 8 0.823 0.881 0.110 0.349 0.100 0.624 0.357 0.723 0.185 0.765 0.415 0.760 0.836 0.714 0.203 0.096 
27 9 0.858 0.903 0.088 0.472 0.080 0.536 0.414 0.776 0.149 0.806 0.359 0.776 0.869 0.753 0.163 0.077 
27 10 0.887 0.922 0.070 0.576 0.064 0.451 0.478 0.820 0.119 0.838 0.307 0.769 0.895 0.787 0.130 0.062 
27 11 0.909 0.938 0.056 0.660 0.051 0.384 0.534 0.856 0.095 0.861 0.262 0.734 0.916 0.817 0.104 0.049 
27 12 0.927 0.950 0.045 0.728 0.041 0.334 0.583 0.884 0.076 0.880 0.224 0.664 0.933 0.845 0.084 0.039 
27 13 0.942 0.960 0.036 0.782 0.033 0.299 0.629 0.907 0.061 0.899 0.193 0.567 0.946 0.868 0.067 0.032 
27 14 0.954 0.968 0.029 0.825 0.026 0.275 0.676 0.926 0.049 0.917 0.167 0.467 0.957 0.887 0.054 0.025 
27 15 0.963 0.974 0.023 0.859 0.021 0.261 0.721 0.941 0.039 0.932 0.146 0.381 0.966 0.902 0.043 0.020 
27 16 0.970 0.980 0.018 0.886 0.017 0.256 0.761 0.953 0.031 0.944 0.128 0.313 0.972 0.917 0.034 0.016 
27 17 0.976 0.984 0.015 0.907 0.013 0.262 0.796 0.962 0.025 0.955 0.113 0.261 0.978 0.930 0.027 0.013 
27 18 0.981 0.987 0.012 0.919 0.011 0.281 0.827 0.970 0.020 0.964 0.099 0.225 0.982 0.941 0.022 0.010 
27 19 0.985 0.990 0.009 0.914 0.009 0.313 0.854 0.976 0.016 0.971 0.087 0.206 0.986 0.950 0.018 0.008 
27 20 0.988 0.992 0.008 0.879 0.007 0.359 0.875 0.981 0.013 0.977 0.077 0.205 0.989 0.957 0.014 0.007 
27 21 0.990 0.993 0.006 0.802 0.005 0.419 0.891 0.984 0.010 0.981 0.068 0.224 0.991 0.964 0.011 0.005 
27 22 0.992 0.995 0.005 0.698 0.004 0.490 0.902 0.988 0.008 0.985 0.060 0.262 0.993 0.969 0.009 0.004 
28 0 0.500 0.500 0.500 0.500 0.500 0.500 0.500 0.500 0.500 0.500 0.500 0.500 0.500 0.500 0.500 0.500 
28 1 0.406 0.598 0.403 0.447 0.408 0.469 0.403 0.401 0.504 0.405 0.400 0.405 0.452 0.403 0.515 0.402 
28 2 0.344 0.653 0.346 0.404 0.361 0.445 0.341 0.331 0.507 0.354 0.325 0.353 0.437 0.334 0.549 0.355 
28 3 0.450 0.637 0.311 0.343 0.309 0.492 0.300 0.293 0.480 0.324 0.319 0.434 0.512 0.364 0.581 0.305 
28 4 0.559 0.555 0.263 0.281 0.252 0.570 0.268 0.266 0.435 0.297 0.402 0.544 0.605 0.471 0.620 0.250 
28 5 0.648 0.460 0.212 0.238 0.203 0.645 0.243 0.235 0.387 0.248 0.488 0.635 0.683 0.573 0.679 0.200 
28 6 0.718 0.374 0.170 0.319 0.163 0.711 0.237 0.204 0.330 0.200 0.542 0.708 0.746 0.657 0.736 0.160 
28 7 0.774 0.303 0.136 0.453 0.131 0.765 0.304 0.182 0.270 0.160 0.562 0.766 0.797 0.724 0.783 0.128 
28 8 0.820 0.246 0.109 0.562 0.106 0.809 0.424 0.174 0.218 0.128 0.567 0.813 0.838 0.779 0.822 0.103 
28 9 0.856 0.201 0.087 0.650 0.085 0.845 0.535 0.190 0.175 0.102 0.569 0.850 0.870 0.823 0.854 0.082 
28 10 0.884 0.168 0.070 0.720 0.069 0.876 0.627 0.230 0.140 0.082 0.581 0.880 0.896 0.858 0.881 0.066 
28 11 0.908 0.147 0.056 0.776 0.055 0.900 0.700 0.285 0.112 0.066 0.606 0.903 0.917 0.886 0.904 0.052 
28 12 0.926 0.142 0.045 0.821 0.044 0.920 0.759 0.346 0.090 0.052 0.644 0.922 0.933 0.909 0.922 0.042 
28 13 0.941 0.161 0.036 0.856 0.035 0.936 0.806 0.407 0.072 0.042 0.686 0.938 0.947 0.927 0.938 0.034 
28 14 0.953 0.208 0.029 0.885 0.028 0.949 0.843 0.462 0.058 0.034 0.729 0.950 0.957 0.942 0.950 0.027 
28 15 0.962 0.281 0.023 0.908 0.023 0.959 0.873 0.508 0.047 0.027 0.768 0.960 0.966 0.953 0.960 0.021 
28 16 0.970 0.382 0.018 0.927 0.018 0.967 0.897 0.542 0.038 0.022 0.802 0.967 0.973 0.963 0.968 0.017 
28 17 0.976 0.485 0.015 0.941 0.014 0.974 0.917 0.565 0.032 0.017 0.832 0.974 0.978 0.970 0.974 0.014 
28 18 0.981 0.578 0.012 0.953 0.012 0.979 0.933 0.579 0.027 0.014 0.858 0.979 0.983 0.976 0.979 0.011 
28 19 0.984 0.656 0.009 0.962 0.009 0.983 0.946 0.584 0.024 0.012 0.879 0.983 0.986 0.981 0.983 0.009 
28 20 0.988 0.721 0.007 0.970 0.007 0.987 0.957 0.582 0.021 0.010 0.897 0.986 0.989 0.985 0.987 0.007 
28 21 0.990 0.774 0.006 0.976 0.006 0.989 0.965 0.574 0.019 0.008 0.912 0.989 0.991 0.988 0.989 0.006 
28 22 0.992 0.817 0.005 0.981 0.005 0.991 0.972 0.562 0.018 0.007 0.924 0.991 0.993 0.990 0.992 0.005 
29 0 0.500 0.500 0.500 0.500 0.500 0.500 0.500 0.500 0.500 0.500 0.500 0.500 0.500 0.500 0.500 0.500 
29 1 0.406 0.598 0.403 0.447 0.408 0.469 0.403 0.401 0.504 0.405 0.400 0.405 0.452 0.403 0.515 0.402 
29 2 0.344 0.653 0.346 0.404 0.361 0.445 0.341 0.331 0.507 0.354 0.325 0.353 0.437 0.334 0.549 0.355 
29 3 0.410 0.708 0.361 0.349 0.322 0.427 0.357 0.355 0.523 0.439 0.314 0.320 0.429 0.292 0.576 0.317 
29 4 0.521 0.763 0.432 0.290 0.287 0.410 0.459 0.469 0.571 0.548 0.403 0.279 0.409 0.262 0.614 0.275 
29 5 0.617 0.810 0.530 0.237 0.241 0.368 0.561 0.574 0.641 0.638 0.511 0.226 0.368 0.242 0.680 0.232 
29 6 0.693 0.848 0.622 0.192 0.199 0.308 0.647 0.660 0.708 0.711 0.606 0.181 0.310 0.243 0.742 0.193 
29 7 0.755 0.879 0.697 0.154 0.161 0.251 0.716 0.728 0.764 0.769 0.683 0.145 0.254 0.269 0.794 0.158 
29 8 0.804 0.903 0.758 0.124 0.131 0.203 0.772 0.782 0.810 0.815 0.746 0.116 0.206 0.321 0.835 0.128 
29 9 0.843 0.922 0.806 0.099 0.105 0.164 0.817 0.826 0.848 0.852 0.797 0.093 0.166 0.389 0.868 0.103 
29 10 0.874 0.938 0.845 0.080 0.085 0.133 0.853 0.861 0.878 0.881 0.837 0.074 0.134 0.462 0.894 0.083 
29 11 0.900 0.950 0.876 0.064 0.068 0.107 0.882 0.888 0.902 0.905 0.869 0.059 0.108 0.533 0.916 0.067 
29 12 0.920 0.960 0.901 0.051 0.055 0.086 0.905 0.911 0.921 0.924 0.895 0.048 0.086 0.597 0.932 0.054 
29 13 0.936 0.968 0.921 0.041 0.044 0.070 0.923 0.929 0.937 0.939 0.916 0.038 0.070 0.652 0.946 0.043 
29 14 0.949 0.975 0.937 0.033 0.035 0.056 0.938 0.943 0.949 0.951 0.933 0.030 0.056 0.700 0.957 0.034 
29 15 0.959 0.980 0.949 0.026 0.028 0.045 0.950 0.954 0.959 0.961 0.946 0.024 0.045 0.740 0.965 0.028 
29 16 0.967 0.984 0.959 0.021 0.023 0.037 0.960 0.963 0.967 0.969 0.957 0.019 0.036 0.773 0.972 0.022 
29 17 0.974 0.987 0.967 0.017 0.018 0.030 0.968 0.971 0.973 0.975 0.966 0.016 0.029 0.800 0.978 0.018 
29 18 0.979 0.990 0.974 0.014 0.015 0.024 0.974 0.977 0.979 0.980 0.972 0.012 0.023 0.823 0.982 0.014 
29 19 0.983 0.992 0.979 0.011 0.012 0.020 0.979 0.981 0.983 0.984 0.978 0.010 0.019 0.841 0.986 0.011 
29 20 0.987 0.993 0.983 0.009 0.010 0.016 0.983 0.985 0.986 0.987 0.982 0.008 0.015 0.856 0.989 0.009 
29 21 0.989 0.995 0.987 0.007 0.008 0.013 0.986 0.988 0.989 0.990 0.986 0.006 0.012 0.868 0.991 0.007 
29 22 0.991 0.996 0.989 0.006 0.006 0.011 0.989 0.990 0.991 0.992 0.989 0.005 0.010 0.877 0.993 0.006 
30 0 0.500 0.500 0.500 0.500 0.500 0.500 0.500 0.500 0.500 0.500 0.500 0.500 0.500 0.500 0.500 0.500 
30 1 0.406 0.598 0.403 0.447 0.408 0.469 0.403 0.401 0.504 0.405 0.400 0.405 0.452 0.403 0.515 0.402 
30 2 0.344 0.653 0.346 0.404 0.361 0.445 0.341 0.331 0.507 0.354 0.325 0.353 0.437 0.334 0.549 0.355 
30 3 0.451 0.697 0.356 0.355 0.311 0.518 0.298 0.321 0.505 0.331 0.314 0.322 0.476 0.317 0.580 0.296 
30 4 0.560 0.739 0.412 0.308 0.258 0.608 0.268 0.372 0.520 0.307 0.402 0.291 0.544 0.358 0.633 0.240 
30 5 0.648 0.788 0.460 0.297 0.212 0.684 0.243 0.462 0.577 0.275 0.505 0.243 0.611 0.436 0.702 0.192 
30 6 0.719 0.830 0.459 0.369 0.173 0.747 0.220 0.561 0.645 0.242 0.597 0.198 0.675 0.532 0.761 0.154 
30 7 0.775 0.864 0.403 0.478 0.140 0.796 0.203 0.647 0.704 0.216 0.675 0.160 0.733 0.621 0.808 0.123 
30 8 0.820 0.891 0.330 0.578 0.114 0.836 0.194 0.717 0.749 0.201 0.738 0.131 0.782 0.695 0.847 0.098 
30 9 0.856 0.913 0.266 0.661 0.094 0.868 0.192 0.773 0.785 0.203 0.789 0.108 0.823 0.755 0.877 0.079 
30 10 0.885 0.930 0.213 0.728 0.078 0.894 0.199 0.819 0.812 0.223 0.831 0.090 0.856 0.803 0.902 0.063 
30 11 0.908 0.944 0.171 0.782 0.066 0.915 0.215 0.855 0.834 0.264 0.864 0.078 0.883 0.842 0.921 0.050 
30 12 0.926 0.955 0.137 0.825 0.058 0.932 0.240 0.884 0.852 0.328 0.891 0.069 0.905 0.873 0.937 0.040 
30 13 0.941 0.964 0.109 0.860 0.051 0.945 0.277 0.907 0.866 0.412 0.912 0.064 0.923 0.898 0.949 0.032 
30 14 0.953 0.971 0.087 0.888 0.046 0.956 0.326 0.926 0.878 0.503 0.930 0.061 0.938 0.918 0.959 0.026 
30 15 0.962 0.977 0.070 0.909 0.040 0.964 0.383 0.941 0.886 0.589 0.944 0.061 0.950 0.934 0.967 0.021 
30 16 0.970 0.982 0.056 0.926 0.035 0.969 0.451 0.952 0.894 0.660 0.955 0.077 0.960 0.947 0.974 0.016 
30 17 0.976 0.985 0.045 0.939 0.030 0.968 0.522 0.962 0.902 0.718 0.964 0.112 0.968 0.958 0.979 0.013 
30 18 0.981 0.988 0.036 0.948 0.026 0.956 0.588 0.970 0.909 0.764 0.971 0.171 0.974 0.966 0.983 0.011 
30 19 0.985 0.991 0.029 0.954 0.021 0.927 0.648 0.976 0.916 0.800 0.977 0.254 0.979 0.973 0.987 0.008 
30 20 0.988 0.993 0.024 0.957 0.018 0.878 0.699 0.980 0.921 0.824 0.981 0.356 0.984 0.978 0.989 0.007 
30 21 0.990 0.994 0.020 0.958 0.014 0.811 0.743 0.984 0.925 0.837 0.985 0.463 0.987 0.983 0.991 0.005 
30 22 0.992 0.995 0.017 0.958 0.012 0.731 0.780 0.987 0.926 0.835 0.988 0.560 0.989 0.986 0.993 0.004 
31 0 0.500 0.500 0.500 0.500 0.500 0.500 0.500 0.500 0.500 0.500 0.500 0.500 0.500 0.500 0.500 0.500 
31 1 0.406 0.598 0.403 0.447 0.408 0.469 0.403 0.401 0.504 0.405 0.400 0.405 0.452 0.403 0.515 0.402 
31 2 0.344 0.653 0.346 0.404 0.361 0.445 0.341 0.331 0.507 0.354 0.325 0.353 0.437 0.334 0.549 0.355 
31 3 0.451 0.697 0.356 0.355 0.311 0.518 0.298 0.321 0.505 0.331 0.314 0.322 0.476 0.317 0.580 0.296 
31 4 0.560 0.739 0.412 0.308 0.258 0.608 0.268 0.372 0.520 0.307 0.402 0.291 0.544 0.358 0.633 0.240 
31 5 0.648 0.788 0.460 0.297 0.212 0.684 0.243 0.462 0.577 0.275 0.505 0.243 0.611 0.436 0.702 0.192 
31 6 0.719 0.830 0.459 0.369 0.173 0.747 0.220 0.561 0.645 0.242 0.597 0.198 0.675 0.532 0.761 0.154 
31 7 0.775 0.864 0.403 0.478 0.140 0.796 0.203 0.647 0.704 0.216 0.675 0.160 0.733 0.621 0.808 0.123 
31 8 0.820 0.891 0.330 0.578 0.114 0.836 0.194 0.717 0.749 0.201 0.738 0.131 0.782 0.695 0.847 0.098 
31 9 0.856 0.913 0.266 0.661 0.094 0.868 0.192 0.773 0.785 0.203 0.789 0.108 0.823 0.755 0.877 0.079 
31 10 0.885 0.930 0.213 0.728 0.078 0.894 0.199 0.819 0.812 0.223 0.831 0.090 0.856 0.803 0.902 0.063 
31 11 0.908 0.944 0.171 0.782 0.066 0.915 0.215 0.855 0.834 0.264 0.864 0.078 0.883 0.842 0.921 0.050 
31 12 0.926 0.955 0.137 0.825 0.058 0.932 0.240 0.884 0.852 0.328 0.891 0.069 0.905 0.873 0.937 0.040 
31 13 0.941 0.964 0.109 0.860 0.051 0.945 0.277 0.907 0.866 0.412 0.912 0.064 0.923 0.898 0.949 0.032 
31 14 0.953 0.971 0.087 0.888 0.046 0.956 0.326 0.926 0.878 0.503 0.930 0.061 0.938 0.918 0.959 0.026 
31 15 0.962 0.977 0.070 0.909 0.040 0.964 0.383 0.941 0.886 0.589 0.944 0.061 0.950 0.934 0.967 0.021 
31 16 0.970 0.982 0.056 0.926 0.035 0.969 0.451 0.952 0.894 0.660 0.955 0.077 0.960 0.947 0.974 0.016 
31 17 0.976 0.985 0.045 0.939 0.030 0.968 0.522 0.962 0.902 0.718 0.964 0.112 0.968 0.958 0.979 0.013 
31 18 0.981 0.988 0.036 0.948 0.026 0.956 0.588 0.970 0.909 0.764 0.971 0.171 0.974 0.966 0.983 0.011 
31 19 0.985 0.991 0.029 0.954 0.021 0.927 0.648 0.976 0.916 0.800 0.977 0.254 0.979 0.973 0.987 0.008 
31 20 0.988 0.993 0.024 0.957 0.018 0.878 0.699 0.980 0.921 0.824 0.981 0.356 0.984 0.978 0.989 0.007 
31 21 0.990 0.994 0.020 0.958 0.014 0.811 0.743 0.984 0.925 0.837 0.985 0.463 0.987 0.983 0.991 0.005 
31 22 0.992 0.995 0.017 0.958 0.012 0.731 0.780 0.987 0.926 0.835 0.988 0.560 0.989 0.986 0.993 0.004 
