0 verbalAnimal111 17 0.013 0.028 0.960 0.022 0.971 0.089 0.924 0.744 0.978 0.016 0.967 0.921 0.028 0.326 0.144 0.975 
1 verbalAnimal112 16 0.019 0.035 0.600 0.022 0.960 0.024 0.824 0.395 0.030 0.965 0.918 0.722 0.140 0.030 0.211 0.967 
2 verbalAnimal121 15 0.022 0.055 0.648 0.027 0.928 0.964 0.947 0.901 0.963 0.935 0.604 0.873 0.116 0.052 0.039 0.960 
3 verbalAnimal122 15 0.020 0.046 0.212 0.025 0.941 0.942 0.937 0.882 0.965 0.942 0.376 0.617 0.051 0.028 0.049 0.959 
4 verbalAnimal211 16 0.018 0.039 0.885 0.020 0.935 0.970 0.958 0.939 0.641 0.968 0.718 0.414 0.232 0.049 0.042 0.968 
5 verbalAnimal212 15 0.024 0.045 0.413 0.024 0.940 0.961 0.953 0.945 0.936 0.960 0.941 0.883 0.045 0.078 0.729 0.960 
6 verbalAnimal221 15 0.023 0.056 0.354 0.027 0.926 0.959 0.946 0.893 0.963 0.947 0.371 0.855 0.145 0.056 0.046 0.959 
7 verbalAnimal222 16 0.017 0.033 0.214 0.019 0.962 0.041 0.124 0.225 0.293 0.966 0.960 0.885 0.025 0.023 0.975 0.968 
8 verbalArtifact111 15 0.962 0.949 0.427 0.268 0.022 0.038 0.943 0.172 0.941 0.041 0.943 0.933 0.966 0.942 0.974 0.201 
9 verbalArtifact112 15 0.961 0.977 0.931 0.423 0.939 0.894 0.903 0.950 0.966 0.705 0.937 0.021 0.047 0.857 0.974 0.027 
10 verbalArtifact121 15 0.963 0.979 0.952 0.190 0.282 0.210 0.926 0.954 0.962 0.925 0.941 0.021 0.803 0.809 0.974 0.093 
11 verbalArtifact122 16 0.970 0.982 0.041 0.967 0.019 0.691 0.869 0.957 0.770 0.023 0.945 0.777 0.969 0.947 0.963 0.022 
12 verbalArtifact211 16 0.969 0.958 0.021 0.969 0.019 0.968 0.827 0.838 0.310 0.020 0.934 0.877 0.968 0.950 0.978 0.018 
13 verbalArtifact212 16 0.969 0.983 0.967 0.026 0.035 0.021 0.948 0.962 0.963 0.957 0.954 0.018 0.054 0.698 0.979 0.259 
14 verbalArtifact221 15 0.959 0.974 0.922 0.316 0.941 0.942 0.934 0.948 0.968 0.933 0.944 0.023 0.062 0.807 0.974 0.027 
15 verbalArtifact222 15 0.963 0.980 0.918 0.925 0.929 0.855 0.891 0.954 0.968 0.114 0.934 0.020 0.133 0.904 0.974 0.024 
16 visualAnimal111 16 0.017 0.035 0.962 0.042 0.968 0.356 0.554 0.804 0.976 0.018 0.950 0.880 0.026 0.571 0.939 0.969 
17 visualAnimal112 17 0.013 0.027 0.227 0.070 0.976 0.020 0.121 0.165 0.024 0.970 0.957 0.897 0.755 0.015 0.550 0.976 
18 visualAnimal121 22 0.004 0.008 0.974 0.026 0.992 0.982 0.991 0.909 0.993 0.007 0.868 0.947 0.014 0.407 0.012 0.992 
19 visualAnimal122 22 0.004 0.008 0.974 0.026 0.992 0.982 0.991 0.909 0.993 0.007 0.868 0.947 0.014 0.407 0.012 0.992 
20 visualAnimal211 17 0.013 0.025 0.279 0.042 0.976 0.971 0.974 0.967 0.977 0.971 0.369 0.890 0.121 0.021 0.024 0.975 
21 visualAnimal212 16 0.018 0.032 0.236 0.023 0.968 0.970 0.954 0.950 0.978 0.963 0.953 0.810 0.027 0.028 0.317 0.969 
22 visualAnimal221 22 0.004 0.008 0.974 0.026 0.992 0.982 0.991 0.909 0.993 0.007 0.868 0.947 0.014 0.407 0.012 0.992 
23 visualAnimal222 16 0.018 0.034 0.697 0.030 0.967 0.038 0.496 0.123 0.266 0.961 0.962 0.871 0.025 0.020 0.976 0.969 
24 visualArtifact111 16 0.967 0.919 0.031 0.630 0.019 0.027 0.955 0.689 0.212 0.964 0.951 0.967 0.970 0.462 0.970 0.755 
25 visualArtifact112 22 0.992 0.995 0.017 0.958 0.012 0.731 0.780 0.987 0.926 0.835 0.988 0.560 0.989 0.986 0.993 0.004 
26 visualArtifact121 16 0.970 0.982 0.139 0.731 0.031 0.312 0.799 0.963 0.941 0.961 0.955 0.026 0.955 0.908 0.970 0.017 
27 visualArtifact122 17 0.976 0.984 0.015 0.908 0.013 0.109 0.868 0.962 0.025 0.956 0.118 0.389 0.978 0.929 0.028 0.013 
28 visualArtifact211 22 0.992 0.817 0.005 0.981 0.005 0.991 0.972 0.562 0.018 0.007 0.924 0.991 0.993 0.990 0.992 0.005 
29 visualArtifact212 15 0.959 0.980 0.949 0.026 0.028 0.046 0.950 0.954 0.959 0.961 0.946 0.024 0.045 0.739 0.965 0.028 
30 visualArtifact221 22 0.992 0.995 0.017 0.958 0.012 0.731 0.780 0.987 0.926 0.835 0.988 0.560 0.989 0.986 0.993 0.004 
31 visualArtifact222 22 0.992 0.995 0.017 0.958 0.012 0.731 0.780 0.987 0.926 0.835 0.988 0.560 0.989 0.986 0.993 0.004 
