0 verbalA 25 0.047 0.814 0.973 0.831 0.991 0.553 0.002 0.993 0.021 0.900 0.984 0.965 0.002 0.992 0.861 0.975 0.001 0.000 0.882 0.981 0.400 0.253 0.085 0.550 0.095 0.138 0.000 0.260 0.981 0.986 0.993 0.987 0.990 0.984 0.991 0.972 0.985 0.001 0.986 0.021 0.402 0.994 0.002 0.960 0.002 0.987 0.582 0.001 0.985 0.609 0.977 0.018 0.773 0.717 0.993 0.588 0.936 0.984 0.476 0.002 
1 verbalB 25 0.025 0.966 0.984 0.988 0.993 0.992 0.973 0.990 0.001 0.932 0.951 0.946 0.001 0.992 0.314 0.988 0.001 0.000 0.901 0.983 0.992 0.986 0.002 0.089 0.988 0.819 0.000 0.992 0.986 0.984 0.002 0.018 0.984 0.962 0.931 0.026 0.990 0.001 0.988 0.868 0.990 0.842 0.987 0.371 0.992 0.984 0.280 0.001 0.981 0.992 0.013 0.962 0.960 0.003 0.002 0.008 0.014 0.986 0.950 0.989 
2 verbalC 25 0.056 0.700 0.008 0.990 0.992 0.220 0.751 0.002 0.001 0.989 0.001 0.991 0.003 0.989 0.445 0.957 0.001 0.000 0.853 0.002 0.208 0.836 0.033 0.987 0.144 0.987 0.000 0.942 0.992 0.990 0.993 0.982 0.673 0.014 0.003 0.993 0.991 0.001 0.986 0.003 0.991 0.991 0.984 0.985 0.718 0.495 0.002 0.051 0.898 0.005 0.889 0.911 0.921 0.993 0.982 0.992 0.988 0.958 0.856 0.893 
3 verbalA1 25 0.069 0.577 0.973 0.262 0.391 0.616 0.002 0.994 0.002 0.991 0.977 0.981 0.001 0.992 0.965 0.912 0.001 0.000 0.725 0.824 0.958 0.291 0.738 0.445 0.469 0.010 0.000 0.268 0.931 0.814 0.989 0.976 0.991 0.943 0.993 0.569 0.077 0.001 0.283 0.436 0.024 0.922 0.002 0.056 0.002 0.990 0.993 0.000 0.511 0.285 0.988 0.012 0.052 0.942 0.993 0.991 0.961 0.004 0.904 0.002 
4 verbalA2 25 0.488 0.496 0.964 0.042 0.977 0.213 0.002 0.992 0.002 0.006 0.991 0.497 0.001 0.992 0.959 0.986 0.001 0.000 0.486 0.993 0.003 0.618 0.007 0.146 0.003 0.011 0.000 0.007 0.727 0.618 0.973 0.987 0.992 0.930 0.992 0.815 0.978 0.001 0.992 0.004 0.008 0.994 0.002 0.984 0.002 0.030 0.002 0.006 0.931 0.002 0.990 0.121 0.359 0.679 0.993 0.002 0.921 0.983 0.003 0.002 
5 verbalB1 25 0.972 0.922 0.994 0.882 0.990 0.993 0.990 0.993 0.001 0.009 0.969 0.960 0.001 0.982 0.875 0.978 0.001 0.000 0.026 0.990 0.993 0.991 0.080 0.003 0.991 0.964 0.000 0.993 0.947 0.969 0.001 0.001 0.987 0.976 0.208 0.003 0.872 0.001 0.063 0.825 0.988 0.003 0.993 0.003 0.994 0.957 0.991 0.001 0.978 0.993 0.002 0.993 0.716 0.002 0.002 0.002 0.001 0.979 0.989 0.993 
6 verbalB2 25 0.003 0.659 0.988 0.984 0.992 0.992 0.014 0.056 0.001 0.974 0.978 0.837 0.001 0.978 0.958 0.981 0.001 0.000 0.991 0.184 0.993 0.879 0.001 0.241 0.994 0.745 0.000 0.992 0.989 0.935 0.002 0.001 0.990 0.992 0.535 0.002 0.469 0.001 0.978 0.974 0.992 0.993 0.702 0.984 0.994 0.983 0.939 0.001 0.986 0.992 0.959 0.005 0.371 0.002 0.003 0.002 0.002 0.989 0.003 0.990 
7 verbalC1 25 0.021 0.327 0.003 0.992 0.914 0.222 0.993 0.001 0.001 0.975 0.001 0.978 0.133 0.244 0.951 0.988 0.001 0.000 0.365 0.003 0.002 0.992 0.010 0.994 0.889 0.871 0.000 0.721 0.984 0.984 0.993 0.841 0.002 0.002 0.002 0.993 0.992 0.001 0.973 0.002 0.963 0.945 0.992 0.987 0.993 0.017 0.003 0.093 0.504 0.001 0.794 0.993 0.886 0.994 0.968 0.994 0.935 0.944 0.765 0.092 
8 verbalC2 25 0.931 0.422 0.993 0.988 0.991 0.089 0.004 0.001 0.001 0.992 0.001 0.991 0.000 0.982 0.848 0.794 0.001 0.000 0.957 0.002 0.979 0.009 0.104 0.951 0.097 0.990 0.000 0.217 0.992 0.973 0.994 0.951 0.083 0.001 0.002 0.994 0.016 0.119 0.016 0.001 0.730 0.978 0.963 0.896 0.002 0.402 0.002 0.129 0.484 0.004 0.957 0.016 0.932 0.994 0.055 0.993 0.990 0.298 0.992 0.985 
9 verbalA11 25 0.007 0.109 0.011 0.003 0.161 0.023 0.002 0.993 0.011 0.993 0.599 0.941 0.001 0.993 0.902 0.051 0.002 0.001 0.764 0.506 0.015 0.958 0.974 0.015 0.002 0.012 0.015 0.085 0.364 0.689 0.993 0.944 0.990 0.420 0.991 0.497 0.951 0.001 0.983 0.045 0.931 0.993 0.002 0.009 0.002 0.992 0.992 0.001 0.060 0.006 0.372 0.005 0.002 0.458 0.993 0.979 0.839 0.006 0.085 0.002 
10 verbalA12 25 0.087 0.105 0.392 0.159 0.316 0.456 0.002 0.993 0.002 0.976 0.889 0.842 0.001 0.991 0.969 0.764 0.001 0.000 0.890 0.927 0.983 0.845 0.530 0.707 0.495 0.030 0.001 0.099 0.406 0.955 0.917 0.518 0.984 0.674 0.992 0.042 0.055 0.001 0.153 0.744 0.603 0.964 0.003 0.062 0.002 0.989 0.992 0.001 0.226 0.793 0.470 0.008 0.008 0.577 0.993 0.992 0.710 0.001 0.991 0.002 
11 verbalA21 25 0.737 0.611 0.978 0.010 0.191 0.524 0.002 0.991 0.001 0.003 0.984 0.541 0.001 0.993 0.946 0.991 0.001 0.001 0.064 0.993 0.006 0.004 0.004 0.274 0.003 0.004 0.000 0.030 0.029 0.025 0.973 0.985 0.993 0.853 0.991 0.041 0.004 0.001 0.991 0.007 0.003 0.991 0.002 0.944 0.003 0.005 0.003 0.001 0.220 0.002 0.991 0.271 0.110 0.959 0.993 0.002 0.476 0.980 0.002 0.002 
12 verbalA22 25 0.769 0.249 0.988 0.327 0.814 0.930 0.002 0.992 0.007 0.003 0.990 0.042 0.000 0.992 0.870 0.982 0.001 0.000 0.942 0.992 0.007 0.202 0.001 0.019 0.002 0.004 0.000 0.005 0.164 0.880 0.104 0.985 0.991 0.788 0.992 0.643 0.992 0.001 0.992 0.004 0.013 0.993 0.001 0.987 0.002 0.035 0.002 0.010 0.967 0.002 0.817 0.564 0.958 0.095 0.992 0.003 0.725 0.981 0.003 0.002 
13 verbalB11 25 0.884 0.978 0.993 0.561 0.981 0.993 0.990 0.993 0.001 0.005 0.988 0.779 0.001 0.952 0.274 0.800 0.001 0.000 0.008 0.992 0.993 0.988 0.018 0.004 0.991 0.750 0.000 0.993 0.323 0.173 0.002 0.001 0.962 0.984 0.368 0.003 0.064 0.001 0.002 0.705 0.981 0.003 0.992 0.003 0.994 0.708 0.991 0.001 0.969 0.991 0.002 0.992 0.372 0.003 0.002 0.002 0.001 0.969 0.945 0.993 
14 verbalB12 25 0.953 0.858 0.993 0.989 0.990 0.993 0.991 0.993 0.001 0.007 0.426 0.867 0.000 0.670 0.745 0.890 0.001 0.000 0.174 0.984 0.993 0.988 0.050 0.003 0.991 0.421 0.000 0.994 0.837 0.985 0.002 0.001 0.527 0.968 0.922 0.003 0.024 0.001 0.006 0.953 0.992 0.002 0.991 0.003 0.993 0.962 0.989 0.001 0.702 0.992 0.002 0.992 0.749 0.002 0.002 0.002 0.001 0.980 0.990 0.992 
15 verbalB21 25 0.003 0.629 0.850 0.185 0.991 0.992 0.271 0.530 0.001 0.877 0.968 0.008 0.001 0.149 0.907 0.046 0.001 0.000 0.989 0.953 0.993 0.985 0.001 0.361 0.994 0.785 0.000 0.993 0.758 0.634 0.002 0.001 0.992 0.987 0.760 0.003 0.970 0.001 0.991 0.864 0.991 0.979 0.987 0.929 0.993 0.985 0.989 0.001 0.988 0.991 0.096 0.004 0.059 0.002 0.002 0.002 0.002 0.972 0.005 0.992 
16 verbalB22 25 0.004 0.551 0.983 0.973 0.991 0.992 0.006 0.107 0.001 0.858 0.968 0.386 0.001 0.950 0.627 0.826 0.001 0.000 0.989 0.070 0.992 0.573 0.001 0.513 0.993 0.258 0.000 0.993 0.990 0.854 0.003 0.001 0.986 0.988 0.872 0.003 0.036 0.001 0.964 0.974 0.990 0.991 0.362 0.985 0.993 0.986 0.835 0.001 0.923 0.992 0.991 0.004 0.392 0.002 0.003 0.002 0.002 0.988 0.002 0.990 
17 verbalC11 25 0.003 0.125 0.002 0.993 0.018 0.010 0.992 0.002 0.001 0.976 0.001 0.921 0.026 0.003 0.888 0.980 0.001 0.000 0.066 0.002 0.002 0.983 0.009 0.994 0.160 0.304 0.000 0.905 0.972 0.414 0.992 0.943 0.002 0.001 0.002 0.993 0.993 0.001 0.035 0.002 0.630 0.750 0.992 0.985 0.993 0.003 0.002 0.053 0.914 0.002 0.897 0.993 0.991 0.993 0.934 0.994 0.257 0.060 0.045 0.099 
18 verbalC12 25 0.006 0.797 0.003 0.991 0.839 0.012 0.992 0.001 0.001 0.929 0.001 0.134 0.570 0.012 0.253 0.659 0.001 0.000 0.067 0.002 0.002 0.987 0.019 0.993 0.967 0.945 0.001 0.177 0.988 0.988 0.992 0.897 0.002 0.002 0.002 0.992 0.993 0.001 0.987 0.001 0.938 0.837 0.992 0.976 0.993 0.004 0.003 0.510 0.282 0.001 0.815 0.993 0.165 0.993 0.958 0.993 0.494 0.939 0.291 0.034 
19 verbalC21 25 0.649 0.821 0.993 0.795 0.990 0.016 0.003 0.002 0.001 0.991 0.001 0.984 0.001 0.990 0.605 0.159 0.001 0.001 0.563 0.002 0.983 0.002 0.528 0.230 0.027 0.985 0.000 0.029 0.990 0.655 0.993 0.983 0.002 0.001 0.004 0.993 0.006 0.657 0.002 0.001 0.028 0.060 0.846 0.010 0.003 0.779 0.002 0.008 0.594 0.002 0.907 0.090 0.517 0.993 0.002 0.993 0.991 0.127 0.992 0.871 
20 verbalC22 25 0.992 0.220 0.983 0.991 0.991 0.189 0.002 0.002 0.002 0.990 0.001 0.992 0.000 0.973 0.449 0.074 0.001 0.000 0.989 0.002 0.847 0.005 0.034 0.934 0.439 0.976 0.000 0.007 0.990 0.984 0.993 0.729 0.018 0.001 0.004 0.994 0.372 0.114 0.019 0.001 0.941 0.984 0.436 0.492 0.002 0.524 0.001 0.248 0.560 0.004 0.616 0.008 0.940 0.992 0.006 0.991 0.991 0.040 0.992 0.988 
21 visualA11 25 0.015 0.113 0.020 0.003 0.011 0.022 0.001 0.995 0.003 0.993 0.952 0.954 0.001 0.994 0.932 0.068 0.001 0.000 0.869 0.845 0.004 0.754 0.971 0.031 0.002 0.002 0.005 0.029 0.048 0.686 0.991 0.971 0.987 0.601 0.995 0.105 0.264 0.001 0.973 0.018 0.477 0.985 0.001 0.003 0.001 0.994 0.994 0.000 0.021 0.001 0.733 0.001 0.001 0.855 0.994 0.991 0.570 0.002 0.057 0.001 
22 visualA12 25 0.578 0.616 0.254 0.076 0.018 0.967 0.001 0.995 0.001 0.951 0.990 0.981 0.000 0.994 0.986 0.862 0.001 0.000 0.946 0.990 0.989 0.842 0.043 0.043 0.389 0.010 0.000 0.049 0.006 0.973 0.724 0.352 0.990 0.753 0.995 0.004 0.003 0.001 0.105 0.877 0.929 0.976 0.001 0.026 0.001 0.994 0.994 0.000 0.074 0.776 0.231 0.002 0.006 0.045 0.995 0.994 0.061 0.001 0.991 0.001 
23 visualA21 25 0.372 0.309 0.819 0.002 0.815 0.042 0.001 0.995 0.001 0.002 0.989 0.058 0.001 0.994 0.970 0.991 0.001 0.001 0.086 0.994 0.001 0.006 0.017 0.307 0.001 0.001 0.000 0.008 0.034 0.036 0.989 0.972 0.992 0.924 0.995 0.032 0.006 0.001 0.992 0.003 0.002 0.993 0.001 0.992 0.001 0.002 0.007 0.001 0.339 0.001 0.992 0.022 0.013 0.834 0.995 0.003 0.224 0.993 0.001 0.001 
24 visualA22 25 0.403 0.114 0.585 0.008 0.894 0.761 0.001 0.995 0.002 0.001 0.988 0.003 0.000 0.994 0.983 0.987 0.001 0.000 0.988 0.994 0.001 0.618 0.002 0.010 0.001 0.004 0.000 0.002 0.004 0.968 0.004 0.980 0.993 0.678 0.995 0.444 0.993 0.001 0.992 0.002 0.108 0.993 0.001 0.994 0.001 0.012 0.002 0.003 0.962 0.001 0.180 0.192 0.810 0.006 0.995 0.003 0.193 0.992 0.001 0.001 
25 visualB11 25 0.831 0.984 0.982 0.107 0.993 0.994 0.994 0.986 0.001 0.002 0.990 0.478 0.000 0.969 0.124 0.419 0.000 0.000 0.010 0.994 0.994 0.990 0.008 0.001 0.994 0.954 0.000 0.994 0.478 0.036 0.001 0.001 0.985 0.993 0.096 0.001 0.576 0.001 0.004 0.449 0.991 0.001 0.993 0.001 0.995 0.881 0.994 0.000 0.984 0.994 0.001 0.994 0.220 0.001 0.001 0.001 0.001 0.989 0.980 0.994 
26 visualB12 25 0.863 0.805 0.987 0.983 0.993 0.993 0.993 0.988 0.001 0.003 0.719 0.501 0.000 0.405 0.811 0.597 0.000 0.000 0.076 0.994 0.994 0.991 0.015 0.001 0.994 0.462 0.000 0.994 0.348 0.967 0.001 0.001 0.598 0.992 0.779 0.001 0.011 0.001 0.002 0.946 0.993 0.001 0.992 0.001 0.995 0.735 0.994 0.001 0.754 0.994 0.001 0.994 0.352 0.001 0.001 0.001 0.001 0.986 0.921 0.994 
27 visualB21 25 0.002 0.638 0.969 0.336 0.982 0.995 0.079 0.002 0.001 0.431 0.990 0.004 0.001 0.014 0.961 0.452 0.001 0.000 0.993 0.154 0.994 0.963 0.001 0.106 0.994 0.691 0.000 0.994 0.901 0.189 0.001 0.001 0.989 0.994 0.264 0.001 0.535 0.001 0.992 0.965 0.990 0.939 0.966 0.979 0.995 0.991 0.991 0.000 0.984 0.994 0.785 0.002 0.048 0.001 0.001 0.001 0.001 0.977 0.001 0.994 
28 visualB22 25 0.029 0.678 0.993 0.971 0.982 0.994 0.620 0.937 0.001 0.103 0.972 0.883 0.000 0.980 0.290 0.871 0.000 0.000 0.984 0.965 0.994 0.893 0.001 0.003 0.994 0.136 0.000 0.994 0.990 0.925 0.001 0.001 0.969 0.994 0.870 0.001 0.094 0.001 0.150 0.973 0.953 0.268 0.545 0.851 0.994 0.970 0.455 0.000 0.968 0.994 0.535 0.894 0.914 0.002 0.001 0.001 0.001 0.988 0.030 0.994 
29 visualC11 25 0.003 0.153 0.002 0.993 0.006 0.005 0.994 0.001 0.001 0.940 0.001 0.926 0.035 0.002 0.945 0.987 0.001 0.000 0.028 0.001 0.001 0.992 0.046 0.995 0.423 0.132 0.000 0.944 0.898 0.202 0.994 0.891 0.001 0.001 0.001 0.994 0.993 0.001 0.008 0.002 0.339 0.091 0.994 0.993 0.992 0.002 0.001 0.040 0.958 0.001 0.775 0.994 0.993 0.994 0.628 0.994 0.141 0.143 0.056 0.047 
30 visualC12 25 0.004 0.744 0.001 0.994 0.138 0.004 0.994 0.001 0.001 0.963 0.001 0.018 0.083 0.001 0.062 0.398 0.001 0.000 0.119 0.001 0.001 0.985 0.002 0.995 0.664 0.792 0.001 0.034 0.988 0.973 0.994 0.906 0.001 0.001 0.001 0.995 0.993 0.001 0.988 0.001 0.746 0.440 0.993 0.964 0.990 0.002 0.001 0.509 0.164 0.001 0.913 0.995 0.974 0.994 0.987 0.995 0.552 0.374 0.537 0.108 
31 visualC21 25 0.345 0.727 0.992 0.818 0.994 0.003 0.003 0.002 0.001 0.994 0.001 0.936 0.000 0.993 0.803 0.237 0.000 0.001 0.615 0.001 0.985 0.001 0.328 0.763 0.004 0.993 0.000 0.026 0.989 0.590 0.995 0.988 0.002 0.001 0.001 0.994 0.004 0.652 0.001 0.001 0.030 0.454 0.917 0.021 0.002 0.819 0.001 0.016 0.710 0.001 0.920 0.056 0.844 0.989 0.002 0.993 0.994 0.048 0.994 0.831 
32 visualC22 25 0.992 0.107 0.720 0.991 0.993 0.029 0.002 0.001 0.001 0.992 0.001 0.992 0.000 0.982 0.526 0.076 0.001 0.000 0.982 0.001 0.209 0.007 0.046 0.948 0.204 0.993 0.000 0.002 0.991 0.989 0.994 0.798 0.035 0.001 0.001 0.994 0.336 0.021 0.038 0.001 0.950 0.988 0.588 0.464 0.002 0.270 0.001 0.224 0.317 0.001 0.483 0.020 0.798 0.991 0.206 0.994 0.994 0.298 0.994 0.982 
