0 visualA11 25 0.201 0.315 0.271 0.303 0.632 0.549 0.481 0.396 0.002 0.002 0.001 0.001 0.552 0.530 0.005 0.005 0.001 0.001 0.004 0.003 0.001 0.001 0.001 0.001 0.001 0.001 0.001 0.001 0.001 0.001 0.001 0.001 0.001 0.001 0.001 0.001 0.001 0.001 0.001 0.001 0.001 0.001 0.001 0.001 0.001 0.001 0.001 0.001 0.001 0.001 0.001 0.001 0.001 0.001 0.001 0.001 0.001 0.001 0.001 0.001 
1 visualA12 25 0.240 0.189 0.223 0.174 0.516 0.432 0.441 0.453 0.001 0.001 0.001 0.001 0.010 0.010 0.197 0.313 0.001 0.001 0.001 0.001 0.002 0.001 0.001 0.001 0.001 0.001 0.001 0.001 0.001 0.001 0.001 0.002 0.001 0.001 0.001 0.001 0.001 0.001 0.001 0.001 0.001 0.002 0.001 0.001 0.001 0.001 0.001 0.001 0.001 0.001 0.001 0.002 0.001 0.001 0.001 0.001 0.001 0.001 0.001 0.001 
2 visualA21 25 0.296 0.391 0.349 0.184 0.001 0.001 0.001 0.003 0.509 0.526 0.271 0.400 0.002 0.004 0.001 0.002 0.366 0.619 0.018 0.019 0.002 0.001 0.003 0.001 0.001 0.001 0.001 0.001 0.001 0.001 0.001 0.001 0.001 0.001 0.001 0.001 0.001 0.001 0.001 0.001 0.017 0.002 0.002 0.001 0.002 0.001 0.003 0.002 0.006 0.001 0.001 0.001 0.002 0.001 0.002 0.001 0.001 0.001 0.003 0.004 
3 visualA22 25 0.335 0.411 0.443 0.233 0.006 0.020 0.006 0.023 0.458 0.339 0.297 0.420 0.022 0.020 0.001 0.001 0.010 0.010 0.343 0.245 0.001 0.001 0.001 0.001 0.001 0.001 0.001 0.001 0.001 0.001 0.001 0.001 0.001 0.001 0.001 0.002 0.001 0.001 0.001 0.001 0.002 0.001 0.001 0.001 0.001 0.001 0.001 0.001 0.001 0.001 0.001 0.001 0.001 0.001 0.001 0.001 0.001 0.001 0.001 0.002 
4 visualB11 25 0.001 0.001 0.001 0.001 0.001 0.001 0.001 0.001 0.001 0.001 0.001 0.001 0.002 0.001 0.001 0.001 0.001 0.001 0.001 0.001 0.381 0.246 0.216 0.234 0.474 0.600 0.588 0.479 0.001 0.001 0.001 0.002 0.175 0.212 0.029 0.036 0.003 0.001 0.001 0.001 0.001 0.001 0.001 0.001 0.001 0.001 0.002 0.002 0.001 0.001 0.001 0.001 0.002 0.003 0.001 0.001 0.001 0.001 0.001 0.001 
5 visualB12 25 0.001 0.001 0.001 0.001 0.001 0.001 0.001 0.001 0.001 0.001 0.001 0.001 0.002 0.001 0.001 0.001 0.001 0.001 0.001 0.001 0.251 0.229 0.153 0.141 0.429 0.413 0.382 0.457 0.002 0.002 0.001 0.003 0.012 0.014 0.289 0.331 0.010 0.002 0.001 0.001 0.001 0.001 0.001 0.001 0.001 0.001 0.001 0.001 0.001 0.001 0.001 0.001 0.001 0.001 0.001 0.001 0.001 0.001 0.001 0.001 
6 visualB21 25 0.001 0.002 0.001 0.002 0.001 0.001 0.001 0.001 0.001 0.001 0.002 0.001 0.001 0.001 0.001 0.001 0.001 0.001 0.001 0.001 0.449 0.571 0.458 0.436 0.004 0.003 0.005 0.003 0.349 0.534 0.446 0.514 0.003 0.005 0.002 0.005 0.185 0.181 0.055 0.024 0.001 0.001 0.001 0.001 0.001 0.003 0.001 0.005 0.001 0.001 0.001 0.001 0.002 0.001 0.001 0.001 0.001 0.001 0.001 0.001 
7 visualB22 25 0.001 0.002 0.001 0.001 0.001 0.001 0.001 0.001 0.001 0.001 0.001 0.001 0.001 0.001 0.001 0.001 0.001 0.001 0.001 0.001 0.379 0.542 0.362 0.443 0.004 0.002 0.005 0.002 0.368 0.459 0.461 0.435 0.004 0.008 0.002 0.003 0.015 0.020 0.547 0.321 0.001 0.001 0.001 0.001 0.001 0.001 0.001 0.002 0.001 0.001 0.001 0.001 0.002 0.001 0.001 0.001 0.001 0.001 0.001 0.001 
8 visualC11 25 0.001 0.001 0.001 0.001 0.001 0.001 0.001 0.002 0.001 0.001 0.001 0.001 0.001 0.001 0.001 0.001 0.001 0.001 0.001 0.001 0.001 0.002 0.001 0.001 0.001 0.001 0.001 0.001 0.002 0.001 0.001 0.001 0.001 0.001 0.001 0.001 0.001 0.001 0.001 0.001 0.484 0.356 0.325 0.253 0.464 0.453 0.430 0.363 0.001 0.002 0.001 0.002 0.279 0.365 0.017 0.011 0.001 0.001 0.001 0.001 
9 visualC12 25 0.001 0.002 0.002 0.001 0.001 0.001 0.001 0.005 0.001 0.001 0.001 0.001 0.001 0.001 0.001 0.001 0.001 0.001 0.001 0.001 0.001 0.001 0.001 0.001 0.001 0.001 0.001 0.001 0.002 0.001 0.001 0.001 0.001 0.001 0.001 0.001 0.001 0.001 0.001 0.001 0.323 0.321 0.355 0.282 0.584 0.470 0.605 0.442 0.001 0.003 0.001 0.002 0.025 0.044 0.248 0.305 0.001 0.001 0.002 0.001 
10 visualC21 25 0.001 0.001 0.001 0.001 0.001 0.001 0.001 0.001 0.001 0.001 0.001 0.001 0.001 0.001 0.001 0.001 0.001 0.001 0.001 0.001 0.008 0.002 0.002 0.002 0.001 0.001 0.001 0.001 0.001 0.012 0.001 0.001 0.001 0.001 0.001 0.001 0.001 0.001 0.001 0.001 0.150 0.306 0.332 0.371 0.002 0.001 0.001 0.001 0.561 0.471 0.196 0.653 0.001 0.002 0.001 0.002 0.136 0.142 0.018 0.018 
11 visualC22 25 0.001 0.001 0.001 0.001 0.003 0.001 0.001 0.001 0.001 0.001 0.001 0.001 0.001 0.001 0.001 0.001 0.001 0.001 0.001 0.001 0.003 0.002 0.002 0.002 0.001 0.002 0.001 0.001 0.001 0.002 0.001 0.001 0.001 0.001 0.001 0.001 0.001 0.001 0.001 0.001 0.291 0.300 0.295 0.416 0.002 0.001 0.001 0.001 0.540 0.682 0.533 0.704 0.001 0.001 0.001 0.002 0.005 0.005 0.489 0.579 
