0 0 0.000 0.000 0.000 0.000 0.000 0.000 0.000 0.000 0.000 0.000 0.000 0.000 0.000 0.000 0.000 0.000 0.000 0.000 0.000 0.000 0.000 0.000 0.000 0.000 0.000 0.000 0.000 0.000 0.000 0.000 0.000 0.000 0.000 0.000 0.000 0.000 0.000 0.000 0.000 0.000 0.000 0.000 0.000 0.000 0.000 0.000 0.000 0.000 0.000 0.000 0.000 0.000 0.000 0.000 0.000 0.000 0.000 0.000 0.000 0.000 
0 1 0.166 0.176 0.172 0.170 0.159 0.172 0.166 0.161 0.169 0.167 0.165 0.170 0.153 0.163 0.152 0.160 0.166 0.159 0.154 0.159 0.170 0.173 0.173 0.181 0.164 0.163 0.161 0.176 0.171 0.164 0.159 0.158 0.162 0.157 0.170 0.156 0.157 0.155 0.160 0.161 0.168 0.177 0.169 0.171 0.159 0.169 0.156 0.160 0.167 0.156 0.164 0.164 0.152 0.157 0.155 0.148 0.160 0.168 0.158 0.162 
0 2 0.143 0.153 0.142 0.153 0.129 0.145 0.139 0.131 0.133 0.132 0.130 0.139 0.119 0.131 0.116 0.129 0.131 0.119 0.117 0.125 0.155 0.160 0.156 0.170 0.136 0.136 0.131 0.147 0.143 0.134 0.135 0.133 0.127 0.125 0.133 0.123 0.124 0.127 0.125 0.126 0.152 0.155 0.147 0.146 0.128 0.133 0.121 0.126 0.134 0.126 0.135 0.134 0.121 0.120 0.118 0.116 0.126 0.134 0.122 0.129 
0 3 0.120 0.128 0.116 0.133 0.101 0.114 0.109 0.103 0.103 0.101 0.099 0.108 0.089 0.097 0.085 0.097 0.099 0.086 0.086 0.092 0.135 0.138 0.135 0.141 0.105 0.107 0.102 0.113 0.112 0.105 0.107 0.104 0.094 0.092 0.099 0.091 0.094 0.097 0.092 0.093 0.130 0.129 0.125 0.123 0.101 0.103 0.094 0.098 0.104 0.098 0.105 0.103 0.091 0.088 0.087 0.087 0.092 0.099 0.091 0.097 
0 4 0.127 0.135 0.121 0.139 0.097 0.110 0.104 0.108 0.084 0.080 0.079 0.084 0.076 0.077 0.065 0.074 0.074 0.064 0.065 0.070 0.104 0.103 0.102 0.105 0.076 0.078 0.076 0.082 0.082 0.076 0.079 0.075 0.066 0.065 0.070 0.064 0.069 0.072 0.065 0.067 0.099 0.097 0.095 0.094 0.074 0.074 0.067 0.073 0.077 0.073 0.079 0.077 0.065 0.063 0.061 0.063 0.066 0.071 0.067 0.069 
0 5 0.166 0.180 0.164 0.173 0.136 0.149 0.148 0.162 0.069 0.063 0.064 0.066 0.083 0.075 0.056 0.061 0.053 0.047 0.052 0.056 0.074 0.072 0.072 0.074 0.053 0.055 0.055 0.057 0.058 0.053 0.056 0.052 0.045 0.045 0.048 0.043 0.049 0.051 0.045 0.048 0.071 0.069 0.069 0.069 0.052 0.050 0.046 0.052 0.055 0.054 0.058 0.057 0.045 0.044 0.042 0.045 0.047 0.050 0.047 0.048 
0 6 0.226 0.248 0.233 0.222 0.226 0.235 0.246 0.260 0.057 0.050 0.051 0.051 0.111 0.094 0.053 0.055 0.038 0.035 0.044 0.047 0.051 0.049 0.049 0.051 0.037 0.038 0.039 0.039 0.040 0.036 0.039 0.035 0.030 0.031 0.032 0.029 0.034 0.035 0.031 0.033 0.049 0.047 0.048 0.049 0.036 0.034 0.031 0.037 0.038 0.039 0.042 0.042 0.031 0.031 0.029 0.031 0.034 0.035 0.033 0.033 
0 7 0.290 0.316 0.309 0.277 0.346 0.349 0.372 0.375 0.045 0.039 0.039 0.039 0.152 0.134 0.055 0.054 0.026 0.025 0.039 0.039 0.035 0.033 0.033 0.035 0.025 0.026 0.028 0.026 0.028 0.024 0.027 0.024 0.020 0.021 0.022 0.020 0.024 0.024 0.021 0.023 0.034 0.032 0.034 0.034 0.025 0.023 0.021 0.026 0.026 0.028 0.030 0.031 0.021 0.021 0.019 0.022 0.024 0.024 0.023 0.023 
0 8 0.345 0.371 0.379 0.329 0.463 0.465 0.490 0.486 0.036 0.030 0.029 0.030 0.199 0.184 0.060 0.057 0.018 0.018 0.038 0.031 0.024 0.022 0.023 0.024 0.017 0.017 0.019 0.018 0.019 0.017 0.018 0.016 0.014 0.014 0.015 0.013 0.016 0.017 0.014 0.016 0.023 0.022 0.024 0.024 0.017 0.015 0.014 0.019 0.018 0.021 0.022 0.023 0.015 0.014 0.013 0.015 0.017 0.016 0.017 0.016 
0 9 0.383 0.404 0.437 0.372 0.558 0.565 0.582 0.582 0.028 0.024 0.021 0.023 0.243 0.229 0.068 0.061 0.013 0.012 0.037 0.025 0.016 0.015 0.015 0.016 0.012 0.012 0.013 0.012 0.013 0.011 0.013 0.011 0.009 0.010 0.010 0.009 0.011 0.011 0.010 0.012 0.016 0.015 0.016 0.017 0.012 0.010 0.010 0.015 0.012 0.016 0.016 0.017 0.010 0.010 0.009 0.011 0.013 0.011 0.012 0.011 
0 10 0.403 0.418 0.481 0.404 0.628 0.640 0.645 0.660 0.023 0.020 0.016 0.017 0.280 0.259 0.080 0.065 0.009 0.008 0.038 0.020 0.011 0.010 0.010 0.011 0.008 0.008 0.009 0.008 0.009 0.008 0.009 0.007 0.006 0.007 0.007 0.006 0.008 0.008 0.007 0.008 0.011 0.010 0.012 0.013 0.008 0.007 0.006 0.012 0.009 0.013 0.012 0.013 0.007 0.007 0.006 0.008 0.010 0.008 0.010 0.008 
0 11 0.407 0.415 0.512 0.423 0.674 0.691 0.681 0.723 0.019 0.017 0.012 0.014 0.310 0.270 0.095 0.068 0.006 0.006 0.039 0.016 0.007 0.007 0.007 0.008 0.005 0.005 0.007 0.005 0.007 0.006 0.006 0.005 0.004 0.004 0.004 0.004 0.006 0.005 0.004 0.006 0.008 0.007 0.008 0.010 0.006 0.005 0.004 0.010 0.006 0.011 0.009 0.010 0.005 0.005 0.004 0.006 0.007 0.005 0.008 0.006 
0 12 0.401 0.403 0.534 0.434 0.703 0.722 0.695 0.771 0.016 0.015 0.010 0.011 0.333 0.265 0.114 0.069 0.004 0.004 0.040 0.012 0.005 0.005 0.005 0.006 0.004 0.004 0.005 0.004 0.005 0.005 0.004 0.003 0.003 0.003 0.003 0.003 0.004 0.004 0.003 0.005 0.006 0.005 0.006 0.009 0.004 0.003 0.003 0.009 0.004 0.010 0.008 0.007 0.004 0.004 0.003 0.004 0.006 0.004 0.007 0.004 
0 13 0.392 0.386 0.546 0.438 0.717 0.738 0.693 0.808 0.014 0.014 0.008 0.009 0.350 0.249 0.136 0.070 0.003 0.003 0.040 0.010 0.003 0.003 0.004 0.004 0.002 0.002 0.004 0.002 0.004 0.004 0.003 0.002 0.002 0.002 0.002 0.002 0.003 0.003 0.002 0.004 0.005 0.004 0.004 0.008 0.003 0.002 0.002 0.009 0.003 0.009 0.007 0.006 0.003 0.003 0.002 0.004 0.005 0.002 0.007 0.003 
0 14 0.380 0.368 0.553 0.438 0.723 0.743 0.680 0.835 0.013 0.013 0.007 0.008 0.364 0.228 0.161 0.070 0.002 0.002 0.041 0.009 0.002 0.002 0.003 0.003 0.002 0.002 0.003 0.002 0.003 0.004 0.002 0.002 0.001 0.001 0.001 0.001 0.002 0.002 0.001 0.003 0.004 0.003 0.003 0.008 0.003 0.001 0.001 0.010 0.003 0.008 0.006 0.004 0.002 0.003 0.001 0.003 0.004 0.002 0.007 0.003 
0 15 0.365 0.347 0.555 0.434 0.716 0.736 0.654 0.852 0.013 0.014 0.007 0.007 0.368 0.203 0.189 0.070 0.002 0.001 0.041 0.008 0.002 0.001 0.002 0.002 0.001 0.001 0.002 0.001 0.002 0.004 0.001 0.001 0.001 0.001 0.001 0.001 0.002 0.002 0.001 0.003 0.003 0.003 0.002 0.009 0.003 0.001 0.001 0.010 0.002 0.008 0.006 0.003 0.001 0.002 0.001 0.003 0.003 0.001 0.008 0.002 
1 0 0.000 0.000 0.000 0.000 0.000 0.000 0.000 0.000 0.000 0.000 0.000 0.000 0.000 0.000 0.000 0.000 0.000 0.000 0.000 0.000 0.000 0.000 0.000 0.000 0.000 0.000 0.000 0.000 0.000 0.000 0.000 0.000 0.000 0.000 0.000 0.000 0.000 0.000 0.000 0.000 0.000 0.000 0.000 0.000 0.000 0.000 0.000 0.000 0.000 0.000 0.000 0.000 0.000 0.000 0.000 0.000 0.000 0.000 0.000 0.000 
1 1 0.166 0.176 0.172 0.170 0.159 0.172 0.166 0.161 0.169 0.167 0.165 0.170 0.153 0.163 0.152 0.160 0.166 0.159 0.154 0.159 0.170 0.173 0.173 0.181 0.164 0.163 0.161 0.176 0.171 0.164 0.159 0.158 0.162 0.157 0.170 0.156 0.157 0.155 0.160 0.161 0.168 0.177 0.169 0.171 0.159 0.169 0.156 0.160 0.167 0.156 0.164 0.164 0.152 0.157 0.155 0.148 0.160 0.168 0.158 0.162 
1 2 0.143 0.153 0.142 0.153 0.129 0.145 0.139 0.131 0.133 0.132 0.130 0.139 0.119 0.131 0.116 0.129 0.131 0.119 0.117 0.125 0.155 0.160 0.156 0.170 0.136 0.136 0.131 0.147 0.143 0.134 0.135 0.133 0.127 0.125 0.133 0.123 0.124 0.127 0.125 0.126 0.152 0.155 0.147 0.146 0.128 0.133 0.121 0.126 0.134 0.126 0.135 0.134 0.121 0.120 0.118 0.116 0.126 0.134 0.122 0.129 
1 3 0.120 0.128 0.116 0.133 0.101 0.114 0.109 0.103 0.103 0.101 0.099 0.108 0.089 0.097 0.085 0.097 0.099 0.086 0.086 0.092 0.135 0.138 0.135 0.141 0.105 0.107 0.102 0.113 0.112 0.105 0.107 0.104 0.094 0.092 0.099 0.091 0.094 0.097 0.092 0.093 0.130 0.129 0.125 0.123 0.101 0.103 0.094 0.098 0.104 0.098 0.105 0.103 0.091 0.088 0.087 0.087 0.092 0.099 0.091 0.097 
1 4 0.129 0.134 0.118 0.138 0.098 0.110 0.107 0.107 0.081 0.078 0.079 0.082 0.072 0.076 0.068 0.079 0.073 0.063 0.063 0.070 0.102 0.103 0.100 0.104 0.075 0.079 0.077 0.080 0.081 0.075 0.079 0.076 0.065 0.065 0.069 0.064 0.069 0.071 0.064 0.067 0.101 0.099 0.093 0.093 0.075 0.074 0.068 0.073 0.076 0.073 0.076 0.075 0.065 0.063 0.061 0.063 0.065 0.070 0.067 0.069 
1 5 0.173 0.178 0.150 0.173 0.143 0.154 0.155 0.163 0.064 0.060 0.064 0.062 0.066 0.068 0.069 0.080 0.052 0.046 0.047 0.054 0.071 0.072 0.070 0.073 0.052 0.057 0.057 0.055 0.057 0.052 0.056 0.053 0.044 0.044 0.047 0.043 0.050 0.050 0.044 0.047 0.073 0.073 0.066 0.067 0.054 0.051 0.047 0.052 0.053 0.053 0.053 0.054 0.046 0.044 0.042 0.045 0.046 0.048 0.047 0.048 
1 6 0.241 0.245 0.200 0.227 0.244 0.251 0.255 0.260 0.049 0.046 0.051 0.046 0.069 0.073 0.092 0.105 0.037 0.034 0.034 0.042 0.049 0.049 0.048 0.050 0.035 0.040 0.041 0.037 0.039 0.035 0.038 0.036 0.030 0.030 0.032 0.029 0.035 0.035 0.030 0.033 0.052 0.052 0.045 0.047 0.039 0.035 0.032 0.037 0.036 0.038 0.036 0.038 0.032 0.031 0.029 0.032 0.032 0.033 0.034 0.033 
1 7 0.311 0.314 0.252 0.289 0.372 0.373 0.376 0.366 0.037 0.035 0.040 0.033 0.077 0.086 0.137 0.153 0.026 0.024 0.025 0.032 0.033 0.033 0.032 0.035 0.024 0.027 0.029 0.025 0.027 0.024 0.026 0.025 0.020 0.020 0.021 0.020 0.025 0.024 0.020 0.023 0.036 0.037 0.031 0.033 0.027 0.023 0.022 0.026 0.025 0.028 0.025 0.026 0.022 0.021 0.020 0.022 0.022 0.022 0.024 0.022 
1 8 0.370 0.370 0.300 0.350 0.493 0.488 0.487 0.464 0.028 0.027 0.031 0.024 0.088 0.097 0.198 0.214 0.018 0.017 0.019 0.025 0.022 0.022 0.022 0.024 0.016 0.019 0.021 0.017 0.018 0.016 0.018 0.017 0.013 0.014 0.014 0.013 0.017 0.016 0.014 0.016 0.026 0.027 0.021 0.023 0.019 0.016 0.015 0.019 0.017 0.020 0.017 0.018 0.015 0.015 0.013 0.016 0.015 0.015 0.018 0.015 
1 9 0.411 0.404 0.344 0.402 0.589 0.583 0.572 0.548 0.021 0.021 0.024 0.017 0.100 0.103 0.264 0.271 0.012 0.012 0.015 0.019 0.015 0.015 0.015 0.016 0.011 0.013 0.015 0.011 0.012 0.011 0.012 0.011 0.009 0.009 0.009 0.009 0.012 0.011 0.009 0.011 0.019 0.019 0.014 0.016 0.014 0.010 0.010 0.014 0.012 0.015 0.012 0.013 0.010 0.010 0.009 0.011 0.011 0.010 0.014 0.010 
1 10 0.431 0.415 0.382 0.437 0.660 0.652 0.627 0.617 0.016 0.017 0.019 0.013 0.112 0.103 0.325 0.314 0.009 0.008 0.012 0.015 0.010 0.010 0.010 0.011 0.007 0.009 0.011 0.007 0.009 0.008 0.008 0.008 0.006 0.006 0.006 0.006 0.009 0.007 0.006 0.008 0.014 0.014 0.010 0.012 0.010 0.007 0.007 0.010 0.008 0.012 0.008 0.009 0.007 0.007 0.006 0.008 0.008 0.007 0.011 0.007 
1 11 0.432 0.406 0.414 0.453 0.707 0.699 0.653 0.674 0.013 0.015 0.014 0.009 0.123 0.098 0.371 0.338 0.006 0.005 0.010 0.011 0.007 0.007 0.007 0.008 0.005 0.006 0.008 0.005 0.006 0.005 0.005 0.005 0.004 0.004 0.004 0.004 0.006 0.005 0.004 0.006 0.011 0.011 0.007 0.009 0.007 0.005 0.004 0.008 0.006 0.010 0.006 0.006 0.005 0.005 0.004 0.006 0.005 0.005 0.010 0.005 
1 12 0.418 0.383 0.439 0.452 0.736 0.727 0.655 0.720 0.010 0.013 0.011 0.007 0.131 0.091 0.402 0.343 0.004 0.004 0.010 0.009 0.005 0.005 0.005 0.006 0.003 0.004 0.006 0.003 0.004 0.004 0.004 0.003 0.003 0.003 0.003 0.003 0.004 0.004 0.003 0.005 0.008 0.009 0.005 0.007 0.006 0.003 0.003 0.007 0.004 0.009 0.005 0.004 0.003 0.004 0.003 0.005 0.004 0.003 0.009 0.004 
1 13 0.395 0.354 0.457 0.439 0.751 0.741 0.638 0.755 0.008 0.012 0.009 0.005 0.139 0.084 0.421 0.336 0.003 0.003 0.009 0.007 0.003 0.003 0.003 0.004 0.002 0.003 0.005 0.002 0.003 0.003 0.003 0.002 0.002 0.002 0.002 0.002 0.003 0.002 0.002 0.004 0.007 0.007 0.003 0.006 0.005 0.002 0.002 0.006 0.003 0.008 0.004 0.003 0.002 0.003 0.002 0.004 0.003 0.002 0.009 0.003 
1 14 0.370 0.324 0.469 0.420 0.756 0.745 0.611 0.783 0.007 0.011 0.008 0.004 0.146 0.076 0.430 0.320 0.002 0.002 0.010 0.005 0.002 0.002 0.002 0.003 0.001 0.002 0.004 0.001 0.002 0.003 0.002 0.002 0.001 0.001 0.001 0.001 0.002 0.002 0.001 0.003 0.006 0.006 0.002 0.006 0.004 0.001 0.001 0.006 0.003 0.008 0.003 0.002 0.002 0.002 0.001 0.003 0.003 0.001 0.009 0.002 
1 15 0.342 0.297 0.476 0.399 0.755 0.744 0.579 0.805 0.007 0.010 0.007 0.004 0.155 0.070 0.432 0.296 0.002 0.001 0.010 0.005 0.001 0.001 0.002 0.003 0.001 0.001 0.004 0.001 0.001 0.003 0.001 0.001 0.001 0.001 0.001 0.001 0.002 0.001 0.001 0.003 0.005 0.005 0.001 0.007 0.004 0.001 0.001 0.006 0.002 0.008 0.003 0.002 0.001 0.002 0.001 0.003 0.002 0.001 0.009 0.002 
2 0 0.000 0.000 0.000 0.000 0.000 0.000 0.000 0.000 0.000 0.000 0.000 0.000 0.000 0.000 0.000 0.000 0.000 0.000 0.000 0.000 0.000 0.000 0.000 0.000 0.000 0.000 0.000 0.000 0.000 0.000 0.000 0.000 0.000 0.000 0.000 0.000 0.000 0.000 0.000 0.000 0.000 0.000 0.000 0.000 0.000 0.000 0.000 0.000 0.000 0.000 0.000 0.000 0.000 0.000 0.000 0.000 0.000 0.000 0.000 0.000 
2 1 0.166 0.176 0.172 0.170 0.159 0.172 0.166 0.161 0.169 0.167 0.165 0.170 0.153 0.163 0.152 0.160 0.166 0.159 0.154 0.159 0.170 0.173 0.173 0.181 0.164 0.163 0.161 0.176 0.171 0.164 0.159 0.158 0.162 0.157 0.170 0.156 0.157 0.155 0.160 0.161 0.168 0.177 0.169 0.171 0.159 0.169 0.156 0.160 0.167 0.156 0.164 0.164 0.152 0.157 0.155 0.148 0.160 0.168 0.158 0.162 
2 2 0.143 0.153 0.142 0.153 0.129 0.145 0.139 0.131 0.133 0.132 0.130 0.139 0.119 0.131 0.116 0.129 0.131 0.119 0.117 0.125 0.155 0.160 0.156 0.170 0.136 0.136 0.131 0.147 0.143 0.134 0.135 0.133 0.127 0.125 0.133 0.123 0.124 0.127 0.125 0.126 0.152 0.155 0.147 0.146 0.128 0.133 0.121 0.126 0.134 0.126 0.135 0.134 0.121 0.120 0.118 0.116 0.126 0.134 0.122 0.129 
2 3 0.120 0.128 0.116 0.133 0.101 0.114 0.109 0.103 0.103 0.101 0.099 0.108 0.089 0.097 0.085 0.097 0.099 0.086 0.086 0.092 0.135 0.138 0.135 0.141 0.105 0.107 0.102 0.113 0.112 0.105 0.107 0.104 0.094 0.092 0.099 0.091 0.094 0.097 0.092 0.093 0.130 0.129 0.125 0.123 0.101 0.103 0.094 0.098 0.104 0.098 0.105 0.103 0.091 0.088 0.087 0.087 0.092 0.099 0.091 0.097 
2 4 0.122 0.131 0.116 0.139 0.079 0.085 0.083 0.081 0.102 0.100 0.095 0.101 0.065 0.071 0.062 0.070 0.084 0.075 0.066 0.072 0.106 0.105 0.104 0.104 0.076 0.077 0.074 0.081 0.082 0.077 0.079 0.077 0.066 0.065 0.071 0.065 0.068 0.070 0.067 0.068 0.102 0.103 0.099 0.098 0.075 0.079 0.070 0.073 0.077 0.073 0.077 0.075 0.066 0.063 0.061 0.064 0.067 0.072 0.067 0.071 
2 5 0.153 0.172 0.149 0.179 0.060 0.062 0.062 0.060 0.152 0.160 0.140 0.142 0.048 0.054 0.046 0.050 0.093 0.103 0.056 0.064 0.077 0.076 0.076 0.072 0.054 0.053 0.051 0.056 0.058 0.055 0.055 0.055 0.045 0.044 0.050 0.045 0.047 0.049 0.049 0.050 0.075 0.081 0.075 0.075 0.053 0.060 0.051 0.052 0.056 0.051 0.055 0.052 0.047 0.044 0.042 0.046 0.050 0.051 0.047 0.051 
2 6 0.207 0.240 0.208 0.239 0.045 0.044 0.046 0.044 0.258 0.281 0.247 0.243 0.034 0.041 0.034 0.036 0.133 0.175 0.053 0.064 0.055 0.053 0.053 0.050 0.038 0.036 0.035 0.038 0.040 0.038 0.038 0.039 0.031 0.030 0.035 0.031 0.032 0.033 0.036 0.036 0.053 0.061 0.056 0.056 0.038 0.045 0.037 0.036 0.039 0.036 0.039 0.036 0.033 0.030 0.028 0.033 0.037 0.036 0.033 0.036 
2 7 0.267 0.312 0.273 0.301 0.032 0.031 0.033 0.031 0.387 0.418 0.381 0.372 0.025 0.031 0.025 0.025 0.197 0.256 0.056 0.069 0.038 0.037 0.037 0.034 0.026 0.025 0.023 0.026 0.028 0.027 0.027 0.028 0.021 0.021 0.025 0.022 0.022 0.022 0.026 0.027 0.037 0.045 0.041 0.042 0.026 0.034 0.027 0.025 0.027 0.024 0.027 0.024 0.022 0.021 0.019 0.024 0.028 0.025 0.022 0.025 
2 8 0.319 0.368 0.333 0.345 0.023 0.022 0.024 0.022 0.510 0.534 0.504 0.493 0.018 0.024 0.019 0.017 0.257 0.305 0.066 0.075 0.026 0.026 0.025 0.023 0.018 0.017 0.016 0.018 0.019 0.019 0.019 0.020 0.014 0.014 0.017 0.015 0.015 0.015 0.019 0.020 0.026 0.033 0.029 0.031 0.019 0.025 0.021 0.018 0.019 0.016 0.019 0.016 0.016 0.014 0.013 0.017 0.021 0.018 0.015 0.018 
2 9 0.351 0.399 0.378 0.366 0.017 0.015 0.018 0.016 0.612 0.618 0.596 0.587 0.013 0.019 0.015 0.012 0.287 0.309 0.081 0.078 0.018 0.018 0.017 0.016 0.013 0.011 0.010 0.012 0.014 0.014 0.013 0.014 0.009 0.010 0.012 0.010 0.010 0.010 0.014 0.015 0.018 0.024 0.021 0.023 0.013 0.018 0.016 0.012 0.013 0.011 0.013 0.011 0.011 0.010 0.008 0.012 0.016 0.012 0.010 0.013 
2 10 0.362 0.409 0.408 0.368 0.012 0.011 0.013 0.012 0.691 0.670 0.657 0.649 0.010 0.016 0.013 0.008 0.280 0.279 0.096 0.077 0.013 0.012 0.012 0.011 0.009 0.007 0.007 0.008 0.011 0.012 0.010 0.010 0.006 0.006 0.009 0.007 0.007 0.007 0.010 0.011 0.012 0.017 0.015 0.017 0.009 0.013 0.014 0.009 0.009 0.007 0.009 0.007 0.007 0.007 0.006 0.009 0.012 0.008 0.007 0.009 
2 11 0.356 0.405 0.423 0.358 0.009 0.008 0.010 0.010 0.748 0.694 0.692 0.682 0.008 0.013 0.011 0.006 0.245 0.235 0.109 0.072 0.009 0.008 0.008 0.008 0.006 0.005 0.005 0.005 0.009 0.010 0.007 0.007 0.004 0.004 0.006 0.004 0.004 0.005 0.007 0.008 0.009 0.012 0.010 0.013 0.007 0.009 0.012 0.006 0.006 0.005 0.006 0.005 0.005 0.005 0.004 0.006 0.009 0.006 0.005 0.006 
2 12 0.343 0.395 0.430 0.346 0.007 0.006 0.008 0.010 0.789 0.699 0.710 0.690 0.007 0.012 0.010 0.004 0.199 0.191 0.116 0.065 0.006 0.006 0.006 0.006 0.004 0.003 0.003 0.004 0.008 0.010 0.006 0.005 0.003 0.003 0.005 0.003 0.003 0.003 0.005 0.007 0.006 0.009 0.007 0.010 0.005 0.007 0.011 0.004 0.004 0.003 0.004 0.003 0.003 0.003 0.003 0.005 0.006 0.004 0.003 0.004 
2 13 0.328 0.385 0.432 0.337 0.005 0.005 0.007 0.011 0.816 0.693 0.719 0.680 0.006 0.012 0.010 0.003 0.155 0.155 0.119 0.057 0.004 0.004 0.004 0.005 0.003 0.002 0.002 0.002 0.007 0.009 0.004 0.004 0.002 0.002 0.003 0.002 0.002 0.002 0.004 0.005 0.004 0.007 0.005 0.008 0.003 0.005 0.011 0.003 0.003 0.002 0.003 0.002 0.002 0.002 0.002 0.004 0.005 0.003 0.002 0.003 
2 14 0.318 0.379 0.433 0.333 0.004 0.004 0.007 0.013 0.834 0.682 0.724 0.660 0.006 0.012 0.010 0.002 0.118 0.127 0.119 0.050 0.003 0.003 0.003 0.004 0.002 0.001 0.001 0.002 0.007 0.009 0.003 0.003 0.001 0.001 0.003 0.001 0.001 0.001 0.003 0.004 0.003 0.005 0.004 0.006 0.003 0.003 0.011 0.002 0.002 0.002 0.002 0.002 0.002 0.002 0.001 0.003 0.004 0.002 0.002 0.002 
2 15 0.304 0.371 0.430 0.333 0.003 0.004 0.008 0.017 0.843 0.662 0.727 0.630 0.006 0.013 0.010 0.001 0.088 0.104 0.120 0.044 0.002 0.002 0.002 0.003 0.002 0.001 0.001 0.001 0.006 0.009 0.002 0.002 0.001 0.001 0.002 0.001 0.001 0.001 0.002 0.003 0.002 0.004 0.003 0.005 0.002 0.002 0.011 0.002 0.001 0.001 0.001 0.001 0.001 0.001 0.001 0.002 0.003 0.001 0.001 0.002 
3 0 0.000 0.000 0.000 0.000 0.000 0.000 0.000 0.000 0.000 0.000 0.000 0.000 0.000 0.000 0.000 0.000 0.000 0.000 0.000 0.000 0.000 0.000 0.000 0.000 0.000 0.000 0.000 0.000 0.000 0.000 0.000 0.000 0.000 0.000 0.000 0.000 0.000 0.000 0.000 0.000 0.000 0.000 0.000 0.000 0.000 0.000 0.000 0.000 0.000 0.000 0.000 0.000 0.000 0.000 0.000 0.000 0.000 0.000 0.000 0.000 
3 1 0.166 0.176 0.172 0.170 0.159 0.172 0.166 0.161 0.169 0.167 0.165 0.170 0.153 0.163 0.152 0.160 0.166 0.159 0.154 0.159 0.170 0.173 0.173 0.181 0.164 0.163 0.161 0.176 0.171 0.164 0.159 0.158 0.162 0.157 0.170 0.156 0.157 0.155 0.160 0.161 0.168 0.177 0.169 0.171 0.159 0.169 0.156 0.160 0.167 0.156 0.164 0.164 0.152 0.157 0.155 0.148 0.160 0.168 0.158 0.162 
3 2 0.143 0.153 0.142 0.153 0.129 0.145 0.139 0.131 0.133 0.132 0.130 0.139 0.119 0.131 0.116 0.129 0.131 0.119 0.117 0.125 0.155 0.160 0.156 0.170 0.136 0.136 0.131 0.147 0.143 0.134 0.135 0.133 0.127 0.125 0.133 0.123 0.124 0.127 0.125 0.126 0.152 0.155 0.147 0.146 0.128 0.133 0.121 0.126 0.134 0.126 0.135 0.134 0.121 0.120 0.118 0.116 0.126 0.134 0.122 0.129 
3 3 0.120 0.128 0.116 0.133 0.101 0.114 0.109 0.103 0.103 0.101 0.099 0.108 0.089 0.097 0.085 0.097 0.099 0.086 0.086 0.092 0.135 0.138 0.135 0.141 0.105 0.107 0.102 0.113 0.112 0.105 0.107 0.104 0.094 0.092 0.099 0.091 0.094 0.097 0.092 0.093 0.130 0.129 0.125 0.123 0.101 0.103 0.094 0.098 0.104 0.098 0.105 0.103 0.091 0.088 0.087 0.087 0.092 0.099 0.091 0.097 
3 4 0.146 0.145 0.130 0.153 0.086 0.092 0.091 0.090 0.106 0.106 0.100 0.107 0.069 0.073 0.063 0.072 0.082 0.072 0.072 0.079 0.106 0.103 0.101 0.103 0.075 0.077 0.073 0.081 0.081 0.076 0.078 0.077 0.066 0.064 0.071 0.064 0.068 0.071 0.065 0.068 0.099 0.099 0.095 0.094 0.075 0.076 0.068 0.072 0.077 0.071 0.077 0.074 0.066 0.063 0.060 0.063 0.066 0.071 0.066 0.070 
3 5 0.229 0.214 0.192 0.221 0.079 0.075 0.080 0.080 0.160 0.171 0.155 0.161 0.056 0.056 0.049 0.054 0.078 0.078 0.078 0.090 0.077 0.074 0.071 0.071 0.052 0.053 0.051 0.057 0.057 0.054 0.055 0.056 0.045 0.044 0.049 0.044 0.047 0.051 0.046 0.050 0.071 0.072 0.069 0.069 0.054 0.055 0.048 0.051 0.055 0.050 0.055 0.051 0.046 0.044 0.041 0.045 0.047 0.050 0.046 0.049 
3 6 0.329 0.302 0.276 0.310 0.071 0.061 0.069 0.068 0.256 0.282 0.264 0.266 0.046 0.045 0.039 0.040 0.081 0.092 0.103 0.127 0.055 0.051 0.048 0.049 0.036 0.036 0.035 0.039 0.040 0.037 0.038 0.039 0.031 0.030 0.034 0.030 0.032 0.035 0.032 0.036 0.049 0.051 0.048 0.049 0.038 0.039 0.033 0.036 0.037 0.034 0.038 0.035 0.032 0.030 0.027 0.031 0.033 0.035 0.031 0.034 
3 7 0.413 0.372 0.352 0.386 0.060 0.049 0.058 0.056 0.365 0.399 0.389 0.387 0.037 0.036 0.031 0.029 0.084 0.099 0.148 0.180 0.038 0.035 0.033 0.033 0.025 0.024 0.023 0.027 0.029 0.026 0.027 0.027 0.021 0.021 0.024 0.020 0.022 0.024 0.022 0.027 0.033 0.035 0.033 0.034 0.026 0.027 0.023 0.025 0.025 0.023 0.026 0.023 0.022 0.020 0.018 0.022 0.023 0.024 0.021 0.023 
3 8 0.465 0.410 0.404 0.432 0.048 0.040 0.046 0.045 0.464 0.497 0.497 0.497 0.030 0.029 0.024 0.021 0.081 0.094 0.206 0.234 0.026 0.024 0.022 0.023 0.017 0.016 0.016 0.018 0.021 0.018 0.018 0.019 0.014 0.014 0.017 0.014 0.015 0.016 0.015 0.019 0.022 0.024 0.022 0.024 0.018 0.019 0.016 0.017 0.017 0.015 0.018 0.016 0.015 0.014 0.012 0.015 0.016 0.016 0.014 0.016 
3 9 0.483 0.417 0.435 0.448 0.037 0.032 0.037 0.036 0.546 0.571 0.575 0.583 0.024 0.024 0.019 0.015 0.072 0.081 0.270 0.277 0.018 0.017 0.015 0.015 0.012 0.011 0.011 0.012 0.016 0.013 0.013 0.013 0.009 0.010 0.012 0.009 0.010 0.011 0.010 0.015 0.015 0.016 0.015 0.016 0.013 0.013 0.011 0.012 0.011 0.010 0.012 0.011 0.010 0.010 0.008 0.010 0.011 0.011 0.009 0.011 
3 10 0.473 0.402 0.448 0.441 0.028 0.025 0.029 0.029 0.611 0.620 0.620 0.643 0.020 0.020 0.015 0.011 0.060 0.067 0.328 0.304 0.013 0.012 0.010 0.011 0.008 0.007 0.007 0.008 0.013 0.011 0.009 0.009 0.006 0.007 0.008 0.006 0.007 0.007 0.007 0.011 0.010 0.011 0.010 0.011 0.009 0.009 0.008 0.008 0.008 0.007 0.008 0.007 0.007 0.006 0.005 0.007 0.008 0.008 0.006 0.007 
3 11 0.443 0.375 0.452 0.422 0.021 0.021 0.023 0.025 0.660 0.648 0.636 0.681 0.018 0.018 0.012 0.008 0.048 0.053 0.377 0.313 0.009 0.008 0.007 0.007 0.006 0.005 0.005 0.006 0.012 0.009 0.007 0.007 0.004 0.005 0.006 0.004 0.005 0.005 0.005 0.009 0.007 0.007 0.007 0.008 0.006 0.006 0.006 0.006 0.005 0.005 0.006 0.005 0.005 0.004 0.004 0.005 0.005 0.005 0.004 0.005 
3 12 0.404 0.343 0.451 0.398 0.015 0.017 0.019 0.023 0.697 0.660 0.629 0.702 0.016 0.016 0.010 0.005 0.037 0.042 0.416 0.309 0.006 0.006 0.005 0.005 0.004 0.003 0.003 0.004 0.011 0.009 0.005 0.005 0.003 0.003 0.005 0.003 0.003 0.003 0.004 0.007 0.004 0.005 0.005 0.006 0.004 0.004 0.005 0.004 0.003 0.003 0.004 0.003 0.003 0.003 0.002 0.004 0.004 0.004 0.003 0.003 
3 13 0.363 0.312 0.450 0.376 0.011 0.015 0.017 0.022 0.724 0.661 0.609 0.710 0.015 0.015 0.008 0.004 0.029 0.033 0.444 0.297 0.005 0.004 0.004 0.004 0.003 0.002 0.002 0.003 0.011 0.010 0.004 0.003 0.002 0.002 0.004 0.002 0.002 0.002 0.003 0.006 0.003 0.003 0.003 0.004 0.003 0.003 0.004 0.003 0.002 0.002 0.003 0.002 0.002 0.002 0.002 0.003 0.002 0.002 0.002 0.002 
3 14 0.327 0.285 0.450 0.358 0.009 0.013 0.015 0.022 0.743 0.656 0.582 0.712 0.014 0.015 0.007 0.003 0.022 0.027 0.466 0.282 0.003 0.003 0.003 0.003 0.002 0.001 0.001 0.002 0.011 0.011 0.003 0.003 0.001 0.002 0.003 0.001 0.001 0.002 0.002 0.005 0.002 0.002 0.002 0.003 0.002 0.002 0.003 0.002 0.002 0.001 0.002 0.001 0.002 0.001 0.001 0.002 0.002 0.002 0.001 0.002 
3 15 0.284 0.257 0.437 0.338 0.007 0.012 0.014 0.022 0.748 0.621 0.538 0.697 0.014 0.015 0.006 0.002 0.017 0.021 0.465 0.249 0.003 0.002 0.002 0.002 0.002 0.001 0.001 0.001 0.012 0.013 0.002 0.002 0.001 0.001 0.003 0.001 0.001 0.001 0.002 0.005 0.001 0.002 0.002 0.002 0.002 0.002 0.003 0.002 0.001 0.001 0.001 0.001 0.001 0.001 0.001 0.002 0.001 0.001 0.001 0.001 
4 0 0.000 0.000 0.000 0.000 0.000 0.000 0.000 0.000 0.000 0.000 0.000 0.000 0.000 0.000 0.000 0.000 0.000 0.000 0.000 0.000 0.000 0.000 0.000 0.000 0.000 0.000 0.000 0.000 0.000 0.000 0.000 0.000 0.000 0.000 0.000 0.000 0.000 0.000 0.000 0.000 0.000 0.000 0.000 0.000 0.000 0.000 0.000 0.000 0.000 0.000 0.000 0.000 0.000 0.000 0.000 0.000 0.000 0.000 0.000 0.000 
4 1 0.166 0.176 0.172 0.170 0.159 0.172 0.166 0.161 0.169 0.167 0.165 0.170 0.153 0.163 0.152 0.160 0.166 0.159 0.154 0.159 0.170 0.173 0.173 0.181 0.164 0.163 0.161 0.176 0.171 0.164 0.159 0.158 0.162 0.157 0.170 0.156 0.157 0.155 0.160 0.161 0.168 0.177 0.169 0.171 0.159 0.169 0.156 0.160 0.167 0.156 0.164 0.164 0.152 0.157 0.155 0.148 0.160 0.168 0.158 0.162 
4 2 0.143 0.153 0.142 0.153 0.129 0.145 0.139 0.131 0.133 0.132 0.130 0.139 0.119 0.131 0.116 0.129 0.131 0.119 0.117 0.125 0.155 0.160 0.156 0.170 0.136 0.136 0.131 0.147 0.143 0.134 0.135 0.133 0.127 0.125 0.133 0.123 0.124 0.127 0.125 0.126 0.152 0.155 0.147 0.146 0.128 0.133 0.121 0.126 0.134 0.126 0.135 0.134 0.121 0.120 0.118 0.116 0.126 0.134 0.122 0.129 
4 3 0.120 0.128 0.116 0.133 0.101 0.114 0.109 0.103 0.103 0.101 0.099 0.108 0.089 0.097 0.085 0.097 0.099 0.086 0.086 0.092 0.135 0.138 0.135 0.141 0.105 0.107 0.102 0.113 0.112 0.105 0.107 0.104 0.094 0.092 0.099 0.091 0.094 0.097 0.092 0.093 0.130 0.129 0.125 0.123 0.101 0.103 0.094 0.098 0.104 0.098 0.105 0.103 0.091 0.088 0.087 0.087 0.092 0.099 0.091 0.097 
4 4 0.089 0.097 0.089 0.102 0.072 0.083 0.080 0.075 0.074 0.072 0.072 0.077 0.064 0.068 0.060 0.069 0.072 0.061 0.060 0.065 0.137 0.137 0.137 0.134 0.099 0.108 0.099 0.104 0.085 0.079 0.082 0.079 0.077 0.074 0.079 0.073 0.071 0.072 0.066 0.070 0.097 0.098 0.096 0.095 0.076 0.076 0.069 0.073 0.076 0.072 0.076 0.076 0.064 0.063 0.063 0.062 0.066 0.072 0.065 0.070 
4 5 0.062 0.070 0.066 0.073 0.049 0.059 0.056 0.053 0.051 0.049 0.050 0.053 0.045 0.047 0.042 0.048 0.051 0.042 0.041 0.044 0.166 0.164 0.170 0.158 0.140 0.167 0.149 0.141 0.063 0.059 0.062 0.059 0.081 0.073 0.072 0.068 0.054 0.052 0.047 0.054 0.068 0.071 0.070 0.070 0.057 0.054 0.049 0.052 0.053 0.051 0.054 0.055 0.044 0.045 0.046 0.043 0.047 0.051 0.044 0.049 
4 6 0.042 0.049 0.048 0.050 0.033 0.041 0.038 0.037 0.035 0.033 0.034 0.036 0.032 0.032 0.029 0.032 0.035 0.029 0.028 0.030 0.220 0.216 0.233 0.208 0.239 0.282 0.263 0.239 0.047 0.044 0.046 0.044 0.113 0.094 0.076 0.073 0.041 0.037 0.033 0.044 0.046 0.051 0.049 0.050 0.042 0.038 0.034 0.037 0.036 0.036 0.037 0.039 0.030 0.031 0.034 0.030 0.033 0.036 0.030 0.034 
4 7 0.028 0.034 0.034 0.034 0.022 0.028 0.026 0.025 0.023 0.022 0.023 0.024 0.022 0.022 0.020 0.022 0.024 0.020 0.019 0.020 0.287 0.282 0.308 0.267 0.368 0.411 0.404 0.372 0.034 0.033 0.034 0.033 0.169 0.138 0.086 0.082 0.032 0.026 0.023 0.035 0.031 0.036 0.034 0.035 0.031 0.026 0.023 0.025 0.025 0.024 0.025 0.028 0.020 0.022 0.025 0.020 0.023 0.026 0.020 0.024 
4 8 0.019 0.023 0.024 0.023 0.015 0.020 0.018 0.017 0.016 0.015 0.015 0.016 0.015 0.015 0.013 0.015 0.017 0.014 0.013 0.014 0.355 0.351 0.380 0.324 0.493 0.520 0.533 0.502 0.025 0.025 0.027 0.025 0.231 0.197 0.096 0.087 0.025 0.018 0.017 0.029 0.021 0.026 0.024 0.025 0.023 0.019 0.016 0.018 0.017 0.017 0.017 0.020 0.013 0.015 0.019 0.014 0.016 0.019 0.013 0.017 
4 9 0.013 0.016 0.017 0.015 0.010 0.013 0.012 0.012 0.010 0.010 0.010 0.011 0.010 0.011 0.009 0.010 0.011 0.009 0.009 0.009 0.414 0.418 0.435 0.374 0.595 0.599 0.633 0.606 0.018 0.020 0.021 0.019 0.284 0.256 0.103 0.088 0.022 0.013 0.012 0.025 0.014 0.019 0.017 0.018 0.017 0.013 0.011 0.012 0.012 0.011 0.012 0.014 0.009 0.011 0.015 0.009 0.011 0.014 0.009 0.012 
4 10 0.008 0.011 0.012 0.010 0.007 0.009 0.008 0.008 0.007 0.007 0.007 0.007 0.007 0.007 0.006 0.007 0.008 0.006 0.006 0.006 0.457 0.475 0.466 0.414 0.669 0.645 0.702 0.680 0.014 0.017 0.018 0.015 0.321 0.304 0.105 0.083 0.020 0.010 0.009 0.021 0.010 0.015 0.012 0.012 0.013 0.010 0.008 0.009 0.008 0.008 0.008 0.010 0.006 0.007 0.013 0.006 0.008 0.010 0.006 0.008 
4 11 0.006 0.007 0.009 0.007 0.004 0.006 0.005 0.005 0.005 0.004 0.005 0.005 0.005 0.005 0.004 0.005 0.005 0.004 0.004 0.004 0.485 0.521 0.471 0.443 0.719 0.662 0.745 0.729 0.010 0.015 0.017 0.012 0.341 0.336 0.103 0.075 0.020 0.007 0.007 0.019 0.006 0.012 0.009 0.009 0.010 0.007 0.006 0.006 0.005 0.005 0.005 0.007 0.004 0.005 0.011 0.004 0.006 0.008 0.004 0.006 
4 12 0.004 0.005 0.006 0.005 0.003 0.005 0.004 0.004 0.003 0.003 0.003 0.003 0.003 0.004 0.003 0.003 0.004 0.003 0.003 0.003 0.499 0.554 0.454 0.463 0.748 0.656 0.766 0.758 0.008 0.013 0.016 0.011 0.350 0.356 0.098 0.065 0.022 0.006 0.006 0.018 0.004 0.010 0.007 0.006 0.008 0.005 0.005 0.005 0.004 0.004 0.004 0.005 0.003 0.004 0.011 0.003 0.004 0.006 0.003 0.004 
4 13 0.003 0.003 0.004 0.003 0.002 0.003 0.003 0.002 0.002 0.002 0.002 0.002 0.002 0.003 0.002 0.002 0.003 0.002 0.002 0.002 0.504 0.576 0.425 0.474 0.760 0.632 0.770 0.773 0.007 0.012 0.016 0.009 0.354 0.365 0.093 0.055 0.026 0.005 0.005 0.017 0.003 0.008 0.005 0.005 0.006 0.004 0.004 0.003 0.003 0.003 0.003 0.004 0.002 0.003 0.010 0.002 0.003 0.004 0.002 0.003 
4 14 0.002 0.002 0.003 0.002 0.001 0.002 0.002 0.002 0.001 0.001 0.001 0.002 0.002 0.002 0.001 0.001 0.002 0.002 0.001 0.001 0.506 0.588 0.390 0.479 0.760 0.597 0.765 0.782 0.006 0.012 0.016 0.008 0.357 0.368 0.087 0.047 0.030 0.005 0.004 0.016 0.002 0.007 0.004 0.003 0.005 0.003 0.003 0.003 0.002 0.002 0.002 0.003 0.001 0.002 0.010 0.001 0.002 0.003 0.001 0.002 
4 15 0.001 0.002 0.002 0.002 0.001 0.002 0.001 0.001 0.001 0.001 0.001 0.001 0.001 0.002 0.001 0.001 0.002 0.001 0.001 0.001 0.504 0.588 0.346 0.480 0.744 0.538 0.741 0.780 0.006 0.012 0.016 0.008 0.350 0.357 0.082 0.040 0.034 0.005 0.004 0.016 0.001 0.006 0.003 0.003 0.004 0.002 0.002 0.002 0.001 0.001 0.001 0.002 0.001 0.002 0.011 0.001 0.002 0.003 0.001 0.002 
5 0 0.000 0.000 0.000 0.000 0.000 0.000 0.000 0.000 0.000 0.000 0.000 0.000 0.000 0.000 0.000 0.000 0.000 0.000 0.000 0.000 0.000 0.000 0.000 0.000 0.000 0.000 0.000 0.000 0.000 0.000 0.000 0.000 0.000 0.000 0.000 0.000 0.000 0.000 0.000 0.000 0.000 0.000 0.000 0.000 0.000 0.000 0.000 0.000 0.000 0.000 0.000 0.000 0.000 0.000 0.000 0.000 0.000 0.000 0.000 0.000 
5 1 0.166 0.176 0.172 0.170 0.159 0.172 0.166 0.161 0.169 0.167 0.165 0.170 0.153 0.163 0.152 0.160 0.166 0.159 0.154 0.159 0.170 0.173 0.173 0.181 0.164 0.163 0.161 0.176 0.171 0.164 0.159 0.158 0.162 0.157 0.170 0.156 0.157 0.155 0.160 0.161 0.168 0.177 0.169 0.171 0.159 0.169 0.156 0.160 0.167 0.156 0.164 0.164 0.152 0.157 0.155 0.148 0.160 0.168 0.158 0.162 
5 2 0.143 0.153 0.142 0.153 0.129 0.145 0.139 0.131 0.133 0.132 0.130 0.139 0.119 0.131 0.116 0.129 0.131 0.119 0.117 0.125 0.155 0.160 0.156 0.170 0.136 0.136 0.131 0.147 0.143 0.134 0.135 0.133 0.127 0.125 0.133 0.123 0.124 0.127 0.125 0.126 0.152 0.155 0.147 0.146 0.128 0.133 0.121 0.126 0.134 0.126 0.135 0.134 0.121 0.120 0.118 0.116 0.126 0.134 0.122 0.129 
5 3 0.120 0.128 0.116 0.133 0.101 0.114 0.109 0.103 0.103 0.101 0.099 0.108 0.089 0.097 0.085 0.097 0.099 0.086 0.086 0.092 0.135 0.138 0.135 0.141 0.105 0.107 0.102 0.113 0.112 0.105 0.107 0.104 0.094 0.092 0.099 0.091 0.094 0.097 0.092 0.093 0.130 0.129 0.125 0.123 0.101 0.103 0.094 0.098 0.104 0.098 0.105 0.103 0.091 0.088 0.087 0.087 0.092 0.099 0.091 0.097 
5 4 0.089 0.098 0.088 0.102 0.072 0.083 0.078 0.075 0.075 0.072 0.073 0.077 0.064 0.068 0.060 0.069 0.073 0.062 0.061 0.065 0.138 0.136 0.134 0.135 0.098 0.107 0.094 0.103 0.088 0.080 0.081 0.080 0.073 0.071 0.081 0.077 0.072 0.072 0.066 0.070 0.097 0.098 0.095 0.097 0.076 0.077 0.069 0.073 0.076 0.073 0.078 0.077 0.065 0.064 0.063 0.063 0.066 0.072 0.065 0.070 
5 5 0.062 0.071 0.064 0.073 0.049 0.058 0.054 0.052 0.052 0.050 0.052 0.053 0.045 0.048 0.042 0.047 0.051 0.044 0.042 0.045 0.170 0.162 0.160 0.162 0.134 0.161 0.123 0.134 0.069 0.060 0.060 0.061 0.065 0.060 0.084 0.087 0.054 0.052 0.047 0.053 0.068 0.071 0.068 0.074 0.055 0.056 0.048 0.053 0.053 0.053 0.056 0.057 0.044 0.045 0.046 0.045 0.047 0.052 0.044 0.049 
5 6 0.042 0.049 0.045 0.050 0.033 0.040 0.037 0.035 0.035 0.034 0.036 0.036 0.031 0.033 0.029 0.032 0.036 0.031 0.029 0.030 0.224 0.210 0.210 0.217 0.221 0.269 0.201 0.217 0.053 0.044 0.043 0.046 0.065 0.058 0.110 0.126 0.041 0.037 0.034 0.041 0.046 0.051 0.048 0.055 0.039 0.041 0.033 0.038 0.037 0.038 0.041 0.043 0.030 0.032 0.033 0.031 0.033 0.037 0.030 0.034 
5 7 0.028 0.033 0.031 0.034 0.022 0.027 0.025 0.024 0.024 0.023 0.024 0.024 0.021 0.022 0.020 0.022 0.024 0.022 0.020 0.020 0.284 0.266 0.270 0.281 0.339 0.394 0.315 0.335 0.040 0.033 0.030 0.034 0.069 0.064 0.154 0.182 0.031 0.026 0.024 0.031 0.031 0.037 0.034 0.042 0.028 0.029 0.023 0.027 0.026 0.027 0.029 0.033 0.020 0.023 0.025 0.022 0.023 0.027 0.020 0.024 
5 8 0.019 0.023 0.021 0.023 0.015 0.018 0.016 0.016 0.016 0.015 0.017 0.016 0.014 0.015 0.013 0.015 0.016 0.015 0.013 0.014 0.337 0.319 0.328 0.344 0.458 0.504 0.436 0.455 0.030 0.024 0.022 0.024 0.072 0.075 0.205 0.235 0.024 0.018 0.017 0.024 0.021 0.028 0.024 0.031 0.021 0.021 0.015 0.020 0.018 0.019 0.021 0.025 0.013 0.016 0.019 0.015 0.016 0.020 0.014 0.017 
5 9 0.012 0.015 0.014 0.015 0.010 0.012 0.011 0.011 0.011 0.010 0.011 0.011 0.010 0.010 0.009 0.010 0.011 0.011 0.009 0.009 0.377 0.366 0.373 0.400 0.561 0.589 0.542 0.556 0.022 0.018 0.015 0.018 0.074 0.087 0.251 0.272 0.019 0.013 0.012 0.018 0.014 0.022 0.017 0.024 0.016 0.016 0.011 0.014 0.012 0.014 0.015 0.019 0.009 0.012 0.015 0.010 0.011 0.015 0.009 0.012 
5 10 0.008 0.010 0.010 0.010 0.007 0.008 0.007 0.007 0.007 0.007 0.008 0.007 0.007 0.007 0.006 0.007 0.008 0.007 0.006 0.006 0.403 0.405 0.398 0.448 0.641 0.648 0.625 0.632 0.016 0.014 0.011 0.014 0.074 0.099 0.283 0.289 0.015 0.009 0.008 0.014 0.010 0.018 0.013 0.018 0.012 0.013 0.007 0.011 0.008 0.010 0.011 0.015 0.006 0.008 0.013 0.007 0.008 0.011 0.006 0.009 
5 11 0.006 0.007 0.006 0.007 0.004 0.006 0.005 0.005 0.005 0.005 0.005 0.005 0.004 0.005 0.004 0.004 0.005 0.005 0.004 0.004 0.418 0.438 0.401 0.486 0.699 0.687 0.685 0.685 0.012 0.010 0.009 0.011 0.073 0.109 0.301 0.290 0.013 0.007 0.006 0.011 0.007 0.015 0.009 0.014 0.010 0.010 0.005 0.008 0.006 0.007 0.008 0.012 0.004 0.006 0.012 0.005 0.005 0.009 0.004 0.007 
5 12 0.004 0.005 0.004 0.005 0.003 0.004 0.003 0.003 0.003 0.003 0.003 0.003 0.003 0.003 0.003 0.003 0.003 0.004 0.003 0.003 0.426 0.466 0.385 0.514 0.738 0.709 0.727 0.719 0.009 0.008 0.007 0.009 0.070 0.119 0.306 0.281 0.012 0.005 0.004 0.009 0.004 0.014 0.007 0.011 0.008 0.008 0.004 0.006 0.004 0.006 0.006 0.010 0.003 0.004 0.012 0.003 0.004 0.007 0.003 0.005 
5 13 0.002 0.003 0.003 0.003 0.002 0.003 0.002 0.002 0.002 0.002 0.002 0.002 0.002 0.002 0.002 0.002 0.002 0.003 0.002 0.002 0.430 0.487 0.357 0.532 0.761 0.718 0.754 0.738 0.007 0.007 0.006 0.007 0.067 0.127 0.301 0.264 0.011 0.005 0.003 0.007 0.003 0.013 0.006 0.009 0.007 0.007 0.003 0.005 0.003 0.004 0.005 0.009 0.002 0.003 0.012 0.002 0.003 0.006 0.002 0.004 
5 14 0.002 0.002 0.002 0.002 0.001 0.002 0.001 0.001 0.002 0.001 0.002 0.002 0.001 0.002 0.001 0.001 0.002 0.002 0.001 0.001 0.432 0.504 0.324 0.542 0.775 0.717 0.771 0.748 0.006 0.006 0.005 0.006 0.064 0.135 0.290 0.244 0.011 0.004 0.003 0.006 0.002 0.013 0.004 0.007 0.006 0.006 0.002 0.004 0.002 0.003 0.004 0.008 0.001 0.002 0.013 0.002 0.002 0.005 0.001 0.003 
5 15 0.001 0.001 0.001 0.001 0.001 0.001 0.001 0.001 0.001 0.001 0.001 0.001 0.001 0.001 0.001 0.001 0.001 0.001 0.001 0.001 0.429 0.514 0.284 0.545 0.775 0.702 0.775 0.748 0.004 0.005 0.005 0.006 0.061 0.144 0.268 0.216 0.012 0.004 0.002 0.005 0.001 0.012 0.004 0.006 0.006 0.005 0.002 0.004 0.001 0.003 0.003 0.007 0.001 0.002 0.014 0.001 0.002 0.005 0.001 0.003 
6 0 0.000 0.000 0.000 0.000 0.000 0.000 0.000 0.000 0.000 0.000 0.000 0.000 0.000 0.000 0.000 0.000 0.000 0.000 0.000 0.000 0.000 0.000 0.000 0.000 0.000 0.000 0.000 0.000 0.000 0.000 0.000 0.000 0.000 0.000 0.000 0.000 0.000 0.000 0.000 0.000 0.000 0.000 0.000 0.000 0.000 0.000 0.000 0.000 0.000 0.000 0.000 0.000 0.000 0.000 0.000 0.000 0.000 0.000 0.000 0.000 
6 1 0.166 0.176 0.172 0.170 0.159 0.172 0.166 0.161 0.169 0.167 0.165 0.170 0.153 0.163 0.152 0.160 0.166 0.159 0.154 0.159 0.170 0.173 0.173 0.181 0.164 0.163 0.161 0.176 0.171 0.164 0.159 0.158 0.162 0.157 0.170 0.156 0.157 0.155 0.160 0.161 0.168 0.177 0.169 0.171 0.159 0.169 0.156 0.160 0.167 0.156 0.164 0.164 0.152 0.157 0.155 0.148 0.160 0.168 0.158 0.162 
6 2 0.143 0.153 0.142 0.153 0.129 0.145 0.139 0.131 0.133 0.132 0.130 0.139 0.119 0.131 0.116 0.129 0.131 0.119 0.117 0.125 0.155 0.160 0.156 0.170 0.136 0.136 0.131 0.147 0.143 0.134 0.135 0.133 0.127 0.125 0.133 0.123 0.124 0.127 0.125 0.126 0.152 0.155 0.147 0.146 0.128 0.133 0.121 0.126 0.134 0.126 0.135 0.134 0.121 0.120 0.118 0.116 0.126 0.134 0.122 0.129 
6 3 0.120 0.128 0.116 0.133 0.101 0.114 0.109 0.103 0.103 0.101 0.099 0.108 0.089 0.097 0.085 0.097 0.099 0.086 0.086 0.092 0.135 0.138 0.135 0.141 0.105 0.107 0.102 0.113 0.112 0.105 0.107 0.104 0.094 0.092 0.099 0.091 0.094 0.097 0.092 0.093 0.130 0.129 0.125 0.123 0.101 0.103 0.094 0.098 0.104 0.098 0.105 0.103 0.091 0.088 0.087 0.087 0.092 0.099 0.091 0.097 
6 4 0.095 0.100 0.086 0.106 0.076 0.085 0.079 0.077 0.077 0.073 0.074 0.078 0.063 0.069 0.060 0.069 0.072 0.061 0.061 0.066 0.133 0.138 0.133 0.135 0.080 0.083 0.078 0.084 0.106 0.100 0.106 0.105 0.068 0.068 0.072 0.067 0.077 0.081 0.070 0.073 0.102 0.098 0.095 0.093 0.074 0.076 0.071 0.072 0.076 0.070 0.075 0.073 0.067 0.063 0.063 0.064 0.064 0.070 0.066 0.068 
6 5 0.071 0.073 0.061 0.079 0.055 0.062 0.056 0.055 0.055 0.050 0.053 0.055 0.044 0.048 0.042 0.047 0.051 0.042 0.042 0.046 0.148 0.161 0.156 0.161 0.060 0.063 0.060 0.061 0.145 0.141 0.152 0.166 0.048 0.050 0.052 0.050 0.070 0.079 0.058 0.066 0.075 0.070 0.067 0.066 0.052 0.053 0.051 0.050 0.053 0.048 0.052 0.050 0.047 0.045 0.045 0.046 0.043 0.048 0.046 0.047 
6 6 0.051 0.052 0.042 0.057 0.039 0.045 0.039 0.039 0.039 0.034 0.036 0.038 0.030 0.033 0.029 0.032 0.035 0.028 0.029 0.032 0.179 0.204 0.197 0.216 0.045 0.046 0.046 0.044 0.235 0.239 0.250 0.287 0.035 0.038 0.036 0.037 0.076 0.094 0.056 0.070 0.054 0.049 0.046 0.046 0.036 0.036 0.036 0.035 0.036 0.033 0.035 0.034 0.033 0.031 0.031 0.033 0.029 0.032 0.032 0.032 
6 7 0.036 0.036 0.029 0.040 0.027 0.032 0.027 0.027 0.027 0.023 0.025 0.026 0.020 0.023 0.019 0.022 0.024 0.019 0.019 0.022 0.225 0.265 0.254 0.285 0.034 0.034 0.036 0.033 0.354 0.369 0.374 0.423 0.026 0.029 0.026 0.027 0.096 0.126 0.064 0.085 0.038 0.034 0.031 0.031 0.025 0.024 0.025 0.023 0.025 0.022 0.024 0.023 0.023 0.021 0.022 0.024 0.020 0.022 0.022 0.021 
6 8 0.025 0.025 0.020 0.028 0.019 0.024 0.018 0.019 0.019 0.016 0.017 0.018 0.014 0.016 0.013 0.015 0.016 0.013 0.013 0.015 0.283 0.335 0.317 0.350 0.026 0.025 0.028 0.026 0.473 0.495 0.493 0.539 0.020 0.022 0.018 0.021 0.129 0.170 0.084 0.108 0.027 0.023 0.021 0.021 0.017 0.017 0.017 0.016 0.017 0.015 0.016 0.015 0.016 0.014 0.015 0.018 0.013 0.015 0.015 0.014 
6 9 0.018 0.017 0.014 0.020 0.013 0.018 0.013 0.013 0.013 0.011 0.011 0.012 0.009 0.011 0.009 0.010 0.011 0.009 0.009 0.010 0.350 0.402 0.377 0.401 0.020 0.019 0.023 0.023 0.577 0.598 0.589 0.624 0.017 0.018 0.013 0.016 0.175 0.217 0.117 0.135 0.019 0.016 0.014 0.014 0.011 0.011 0.012 0.011 0.012 0.010 0.011 0.010 0.011 0.010 0.011 0.013 0.009 0.010 0.010 0.010 
6 10 0.013 0.012 0.010 0.014 0.009 0.015 0.009 0.009 0.009 0.007 0.008 0.009 0.006 0.008 0.006 0.007 0.008 0.006 0.006 0.007 0.419 0.454 0.425 0.430 0.016 0.015 0.019 0.023 0.660 0.675 0.658 0.675 0.017 0.015 0.010 0.014 0.230 0.259 0.166 0.165 0.013 0.011 0.010 0.010 0.008 0.008 0.009 0.007 0.008 0.007 0.007 0.007 0.008 0.007 0.008 0.010 0.006 0.007 0.007 0.006 
6 11 0.009 0.008 0.007 0.010 0.006 0.013 0.006 0.006 0.007 0.005 0.005 0.007 0.004 0.007 0.004 0.005 0.006 0.004 0.004 0.005 0.480 0.487 0.454 0.436 0.015 0.012 0.016 0.028 0.722 0.727 0.701 0.694 0.020 0.014 0.008 0.012 0.289 0.287 0.226 0.193 0.010 0.008 0.006 0.007 0.005 0.005 0.006 0.005 0.006 0.005 0.005 0.005 0.006 0.005 0.006 0.008 0.004 0.005 0.005 0.004 
6 12 0.007 0.006 0.005 0.007 0.005 0.013 0.004 0.004 0.005 0.004 0.004 0.006 0.003 0.005 0.003 0.003 0.004 0.003 0.003 0.004 0.528 0.501 0.465 0.419 0.014 0.010 0.013 0.037 0.765 0.758 0.721 0.686 0.024 0.014 0.007 0.012 0.344 0.301 0.293 0.216 0.007 0.006 0.004 0.005 0.004 0.004 0.005 0.003 0.005 0.003 0.003 0.003 0.005 0.003 0.005 0.006 0.003 0.003 0.003 0.003 
6 13 0.005 0.004 0.004 0.005 0.003 0.012 0.003 0.003 0.004 0.003 0.003 0.006 0.002 0.005 0.002 0.002 0.004 0.003 0.002 0.003 0.561 0.502 0.462 0.389 0.014 0.009 0.011 0.046 0.795 0.772 0.725 0.660 0.029 0.015 0.007 0.012 0.389 0.303 0.358 0.232 0.005 0.004 0.003 0.003 0.003 0.003 0.004 0.002 0.004 0.002 0.002 0.002 0.005 0.002 0.004 0.005 0.002 0.002 0.002 0.002 
6 14 0.004 0.003 0.004 0.004 0.002 0.013 0.002 0.002 0.004 0.002 0.003 0.007 0.001 0.005 0.001 0.002 0.003 0.002 0.002 0.003 0.581 0.493 0.449 0.350 0.015 0.008 0.009 0.055 0.814 0.771 0.717 0.622 0.033 0.016 0.007 0.013 0.421 0.296 0.414 0.240 0.004 0.003 0.002 0.002 0.002 0.002 0.003 0.002 0.003 0.001 0.002 0.002 0.006 0.002 0.003 0.004 0.001 0.002 0.002 0.001 
6 15 0.003 0.002 0.004 0.003 0.002 0.013 0.002 0.001 0.004 0.002 0.003 0.008 0.001 0.005 0.001 0.001 0.004 0.002 0.002 0.003 0.591 0.476 0.427 0.306 0.016 0.007 0.007 0.066 0.817 0.742 0.683 0.562 0.034 0.017 0.007 0.013 0.432 0.276 0.461 0.240 0.003 0.002 0.001 0.002 0.002 0.002 0.002 0.001 0.003 0.001 0.001 0.001 0.007 0.002 0.002 0.003 0.001 0.001 0.001 0.001 
7 0 0.000 0.000 0.000 0.000 0.000 0.000 0.000 0.000 0.000 0.000 0.000 0.000 0.000 0.000 0.000 0.000 0.000 0.000 0.000 0.000 0.000 0.000 0.000 0.000 0.000 0.000 0.000 0.000 0.000 0.000 0.000 0.000 0.000 0.000 0.000 0.000 0.000 0.000 0.000 0.000 0.000 0.000 0.000 0.000 0.000 0.000 0.000 0.000 0.000 0.000 0.000 0.000 0.000 0.000 0.000 0.000 0.000 0.000 0.000 0.000 
7 1 0.166 0.176 0.172 0.170 0.159 0.172 0.166 0.161 0.169 0.167 0.165 0.170 0.153 0.163 0.152 0.160 0.166 0.159 0.154 0.159 0.170 0.173 0.173 0.181 0.164 0.163 0.161 0.176 0.171 0.164 0.159 0.158 0.162 0.157 0.170 0.156 0.157 0.155 0.160 0.161 0.168 0.177 0.169 0.171 0.159 0.169 0.156 0.160 0.167 0.156 0.164 0.164 0.152 0.157 0.155 0.148 0.160 0.168 0.158 0.162 
7 2 0.143 0.153 0.142 0.153 0.129 0.145 0.139 0.131 0.133 0.132 0.130 0.139 0.119 0.131 0.116 0.129 0.131 0.119 0.117 0.125 0.155 0.160 0.156 0.170 0.136 0.136 0.131 0.147 0.143 0.134 0.135 0.133 0.127 0.125 0.133 0.123 0.124 0.127 0.125 0.126 0.152 0.155 0.147 0.146 0.128 0.133 0.121 0.126 0.134 0.126 0.135 0.134 0.121 0.120 0.118 0.116 0.126 0.134 0.122 0.129 
7 3 0.120 0.128 0.116 0.133 0.101 0.114 0.109 0.103 0.103 0.101 0.099 0.108 0.089 0.097 0.085 0.097 0.099 0.086 0.086 0.092 0.135 0.138 0.135 0.141 0.105 0.107 0.102 0.113 0.112 0.105 0.107 0.104 0.094 0.092 0.099 0.091 0.094 0.097 0.092 0.093 0.130 0.129 0.125 0.123 0.101 0.103 0.094 0.098 0.104 0.098 0.105 0.103 0.091 0.088 0.087 0.087 0.092 0.099 0.091 0.097 
7 4 0.094 0.100 0.086 0.103 0.074 0.084 0.079 0.076 0.076 0.072 0.073 0.078 0.063 0.068 0.060 0.069 0.072 0.061 0.061 0.066 0.136 0.138 0.135 0.139 0.080 0.084 0.078 0.085 0.107 0.098 0.105 0.104 0.068 0.068 0.073 0.067 0.075 0.079 0.071 0.075 0.100 0.096 0.094 0.093 0.074 0.075 0.070 0.071 0.075 0.070 0.075 0.073 0.066 0.063 0.063 0.064 0.064 0.070 0.065 0.068 
7 5 0.070 0.075 0.061 0.074 0.053 0.060 0.055 0.053 0.055 0.050 0.051 0.055 0.043 0.048 0.042 0.047 0.051 0.042 0.042 0.046 0.158 0.158 0.161 0.173 0.062 0.064 0.060 0.062 0.147 0.134 0.149 0.159 0.050 0.051 0.053 0.049 0.066 0.071 0.064 0.073 0.072 0.068 0.066 0.066 0.052 0.053 0.050 0.050 0.052 0.048 0.052 0.050 0.046 0.044 0.044 0.046 0.044 0.048 0.044 0.046 
7 6 0.050 0.054 0.043 0.052 0.036 0.043 0.037 0.037 0.039 0.034 0.035 0.039 0.030 0.033 0.029 0.032 0.036 0.029 0.028 0.032 0.199 0.196 0.209 0.237 0.047 0.047 0.045 0.046 0.238 0.226 0.247 0.268 0.037 0.038 0.038 0.036 0.066 0.073 0.072 0.087 0.050 0.047 0.045 0.046 0.036 0.036 0.035 0.034 0.036 0.032 0.035 0.034 0.032 0.030 0.031 0.033 0.029 0.032 0.030 0.031 
7 7 0.035 0.038 0.029 0.035 0.025 0.030 0.025 0.025 0.027 0.023 0.024 0.027 0.020 0.023 0.019 0.022 0.025 0.020 0.019 0.022 0.256 0.250 0.271 0.310 0.036 0.034 0.035 0.035 0.356 0.352 0.373 0.390 0.029 0.029 0.027 0.026 0.075 0.084 0.097 0.116 0.035 0.032 0.031 0.031 0.025 0.024 0.025 0.023 0.024 0.022 0.024 0.023 0.022 0.021 0.022 0.024 0.020 0.022 0.020 0.021 
7 8 0.025 0.026 0.020 0.024 0.017 0.021 0.017 0.017 0.019 0.016 0.016 0.019 0.014 0.016 0.013 0.015 0.017 0.014 0.013 0.015 0.326 0.314 0.338 0.374 0.028 0.025 0.026 0.028 0.477 0.477 0.495 0.495 0.024 0.023 0.020 0.019 0.092 0.100 0.142 0.152 0.024 0.022 0.021 0.021 0.017 0.017 0.018 0.015 0.017 0.015 0.016 0.015 0.015 0.014 0.015 0.018 0.013 0.015 0.014 0.014 
7 9 0.017 0.018 0.014 0.016 0.011 0.016 0.012 0.012 0.014 0.011 0.011 0.014 0.009 0.011 0.009 0.010 0.012 0.010 0.009 0.011 0.400 0.380 0.399 0.421 0.022 0.019 0.020 0.025 0.584 0.580 0.593 0.569 0.022 0.018 0.014 0.015 0.116 0.115 0.208 0.190 0.017 0.015 0.014 0.014 0.011 0.011 0.013 0.010 0.012 0.010 0.011 0.010 0.010 0.010 0.011 0.013 0.009 0.010 0.009 0.009 
7 10 0.012 0.013 0.010 0.011 0.008 0.012 0.008 0.008 0.010 0.007 0.008 0.010 0.006 0.008 0.006 0.007 0.009 0.007 0.006 0.008 0.471 0.437 0.446 0.445 0.019 0.014 0.016 0.025 0.668 0.658 0.661 0.609 0.022 0.015 0.011 0.012 0.147 0.127 0.288 0.226 0.012 0.010 0.009 0.010 0.008 0.008 0.009 0.007 0.008 0.007 0.007 0.007 0.007 0.007 0.008 0.010 0.006 0.007 0.006 0.006 
7 11 0.009 0.009 0.007 0.008 0.005 0.009 0.005 0.005 0.008 0.005 0.005 0.008 0.004 0.006 0.004 0.005 0.007 0.005 0.004 0.006 0.532 0.481 0.476 0.447 0.017 0.012 0.013 0.029 0.732 0.711 0.700 0.617 0.023 0.014 0.009 0.010 0.181 0.133 0.371 0.257 0.008 0.007 0.006 0.007 0.005 0.005 0.007 0.005 0.006 0.004 0.005 0.005 0.006 0.005 0.005 0.007 0.004 0.005 0.004 0.004 
7 12 0.006 0.006 0.005 0.005 0.004 0.007 0.004 0.004 0.006 0.004 0.004 0.008 0.003 0.005 0.003 0.003 0.006 0.005 0.003 0.004 0.580 0.512 0.488 0.432 0.016 0.010 0.010 0.036 0.778 0.743 0.713 0.599 0.025 0.014 0.008 0.010 0.215 0.133 0.446 0.282 0.006 0.005 0.004 0.005 0.004 0.004 0.006 0.003 0.004 0.003 0.003 0.003 0.004 0.003 0.004 0.005 0.003 0.003 0.003 0.003 
7 13 0.005 0.004 0.004 0.004 0.002 0.006 0.003 0.002 0.006 0.003 0.003 0.009 0.002 0.004 0.002 0.002 0.005 0.004 0.002 0.003 0.616 0.530 0.486 0.405 0.016 0.009 0.008 0.044 0.811 0.759 0.707 0.565 0.027 0.015 0.007 0.010 0.246 0.130 0.507 0.299 0.004 0.004 0.003 0.003 0.003 0.003 0.005 0.002 0.003 0.002 0.002 0.002 0.004 0.002 0.003 0.004 0.002 0.002 0.002 0.002 
7 14 0.004 0.003 0.004 0.003 0.002 0.006 0.002 0.002 0.005 0.003 0.002 0.010 0.001 0.004 0.001 0.002 0.005 0.005 0.002 0.003 0.640 0.539 0.475 0.373 0.017 0.008 0.007 0.053 0.833 0.761 0.687 0.523 0.028 0.017 0.008 0.010 0.272 0.125 0.552 0.309 0.003 0.003 0.002 0.002 0.002 0.002 0.004 0.002 0.003 0.001 0.002 0.002 0.004 0.002 0.002 0.003 0.002 0.002 0.001 0.001 
7 15 0.003 0.002 0.003 0.002 0.001 0.005 0.001 0.001 0.006 0.003 0.002 0.012 0.001 0.004 0.001 0.001 0.006 0.005 0.001 0.003 0.652 0.535 0.453 0.332 0.019 0.008 0.005 0.062 0.841 0.744 0.645 0.469 0.027 0.019 0.008 0.010 0.287 0.117 0.581 0.304 0.002 0.002 0.001 0.002 0.001 0.002 0.004 0.001 0.002 0.001 0.001 0.001 0.004 0.001 0.002 0.003 0.001 0.001 0.001 0.001 
8 0 0.000 0.000 0.000 0.000 0.000 0.000 0.000 0.000 0.000 0.000 0.000 0.000 0.000 0.000 0.000 0.000 0.000 0.000 0.000 0.000 0.000 0.000 0.000 0.000 0.000 0.000 0.000 0.000 0.000 0.000 0.000 0.000 0.000 0.000 0.000 0.000 0.000 0.000 0.000 0.000 0.000 0.000 0.000 0.000 0.000 0.000 0.000 0.000 0.000 0.000 0.000 0.000 0.000 0.000 0.000 0.000 0.000 0.000 0.000 0.000 
8 1 0.166 0.176 0.172 0.170 0.159 0.172 0.166 0.161 0.169 0.167 0.165 0.170 0.153 0.163 0.152 0.160 0.166 0.159 0.154 0.159 0.170 0.173 0.173 0.181 0.164 0.163 0.161 0.176 0.171 0.164 0.159 0.158 0.162 0.157 0.170 0.156 0.157 0.155 0.160 0.161 0.168 0.177 0.169 0.171 0.159 0.169 0.156 0.160 0.167 0.156 0.164 0.164 0.152 0.157 0.155 0.148 0.160 0.168 0.158 0.162 
8 2 0.143 0.153 0.142 0.153 0.129 0.145 0.139 0.131 0.133 0.132 0.130 0.139 0.119 0.131 0.116 0.129 0.131 0.119 0.117 0.125 0.155 0.160 0.156 0.170 0.136 0.136 0.131 0.147 0.143 0.134 0.135 0.133 0.127 0.125 0.133 0.123 0.124 0.127 0.125 0.126 0.152 0.155 0.147 0.146 0.128 0.133 0.121 0.126 0.134 0.126 0.135 0.134 0.121 0.120 0.118 0.116 0.126 0.134 0.122 0.129 
8 3 0.120 0.128 0.116 0.133 0.101 0.114 0.109 0.103 0.103 0.101 0.099 0.108 0.089 0.097 0.085 0.097 0.099 0.086 0.086 0.092 0.135 0.138 0.135 0.141 0.105 0.107 0.102 0.113 0.112 0.105 0.107 0.104 0.094 0.092 0.099 0.091 0.094 0.097 0.092 0.093 0.130 0.129 0.125 0.123 0.101 0.103 0.094 0.098 0.104 0.098 0.105 0.103 0.091 0.088 0.087 0.087 0.092 0.099 0.091 0.097 
8 4 0.093 0.097 0.090 0.102 0.076 0.082 0.081 0.077 0.077 0.073 0.074 0.078 0.063 0.069 0.061 0.069 0.074 0.062 0.063 0.065 0.108 0.110 0.108 0.107 0.079 0.080 0.077 0.085 0.084 0.077 0.079 0.077 0.067 0.065 0.071 0.066 0.070 0.068 0.064 0.066 0.134 0.128 0.136 0.134 0.102 0.106 0.101 0.101 0.080 0.079 0.080 0.079 0.079 0.071 0.070 0.071 0.069 0.074 0.070 0.072 
8 5 0.068 0.070 0.067 0.074 0.055 0.057 0.059 0.056 0.056 0.051 0.054 0.055 0.044 0.048 0.043 0.048 0.053 0.044 0.046 0.045 0.081 0.082 0.083 0.077 0.058 0.058 0.058 0.063 0.060 0.054 0.055 0.054 0.047 0.045 0.050 0.047 0.050 0.046 0.044 0.045 0.167 0.163 0.183 0.188 0.152 0.166 0.175 0.156 0.061 0.065 0.061 0.060 0.092 0.072 0.067 0.068 0.051 0.056 0.055 0.052 
8 6 0.049 0.049 0.048 0.052 0.039 0.039 0.042 0.040 0.039 0.035 0.038 0.038 0.030 0.033 0.030 0.033 0.038 0.032 0.033 0.031 0.059 0.059 0.062 0.056 0.043 0.041 0.043 0.046 0.042 0.037 0.038 0.037 0.033 0.031 0.035 0.033 0.035 0.031 0.030 0.031 0.221 0.225 0.248 0.263 0.257 0.283 0.302 0.263 0.046 0.053 0.046 0.045 0.129 0.091 0.077 0.076 0.039 0.043 0.042 0.038 
8 7 0.034 0.035 0.035 0.036 0.027 0.026 0.030 0.030 0.028 0.024 0.027 0.026 0.021 0.023 0.021 0.023 0.027 0.023 0.024 0.021 0.043 0.041 0.045 0.041 0.032 0.029 0.032 0.033 0.029 0.026 0.025 0.025 0.023 0.021 0.025 0.023 0.024 0.021 0.020 0.021 0.283 0.296 0.315 0.332 0.389 0.416 0.431 0.388 0.034 0.042 0.035 0.035 0.182 0.129 0.096 0.095 0.029 0.033 0.032 0.027 
8 8 0.024 0.024 0.025 0.025 0.019 0.018 0.021 0.023 0.019 0.016 0.020 0.018 0.015 0.016 0.015 0.016 0.020 0.017 0.017 0.014 0.031 0.029 0.033 0.031 0.024 0.021 0.025 0.025 0.020 0.017 0.017 0.017 0.016 0.015 0.017 0.017 0.016 0.014 0.014 0.014 0.344 0.360 0.374 0.382 0.509 0.533 0.528 0.499 0.026 0.034 0.028 0.026 0.230 0.178 0.115 0.121 0.023 0.025 0.024 0.019 
8 9 0.017 0.017 0.018 0.017 0.013 0.012 0.016 0.021 0.014 0.011 0.014 0.012 0.011 0.011 0.010 0.011 0.015 0.013 0.012 0.009 0.023 0.020 0.024 0.026 0.018 0.015 0.020 0.019 0.014 0.012 0.011 0.012 0.011 0.010 0.012 0.012 0.011 0.009 0.009 0.009 0.393 0.416 0.424 0.412 0.597 0.620 0.584 0.578 0.021 0.027 0.024 0.021 0.256 0.228 0.127 0.149 0.018 0.020 0.018 0.014 
8 10 0.012 0.013 0.014 0.012 0.009 0.008 0.011 0.021 0.010 0.008 0.010 0.008 0.008 0.008 0.007 0.008 0.012 0.010 0.009 0.006 0.017 0.013 0.018 0.023 0.013 0.011 0.016 0.015 0.009 0.008 0.008 0.008 0.008 0.007 0.008 0.009 0.007 0.006 0.006 0.006 0.427 0.465 0.467 0.426 0.654 0.676 0.599 0.628 0.018 0.022 0.023 0.017 0.257 0.269 0.129 0.171 0.015 0.016 0.014 0.010 
8 11 0.009 0.010 0.011 0.008 0.006 0.006 0.008 0.023 0.007 0.005 0.008 0.006 0.007 0.005 0.005 0.006 0.010 0.009 0.006 0.004 0.014 0.009 0.014 0.023 0.010 0.008 0.013 0.012 0.006 0.005 0.005 0.005 0.006 0.005 0.006 0.007 0.005 0.004 0.004 0.004 0.445 0.506 0.505 0.429 0.686 0.707 0.581 0.652 0.018 0.020 0.025 0.014 0.240 0.297 0.123 0.184 0.013 0.014 0.011 0.008 
8 12 0.006 0.007 0.008 0.006 0.005 0.004 0.006 0.026 0.005 0.004 0.006 0.004 0.006 0.004 0.004 0.004 0.008 0.008 0.004 0.003 0.011 0.006 0.011 0.024 0.007 0.006 0.011 0.010 0.004 0.004 0.003 0.004 0.004 0.004 0.004 0.005 0.003 0.003 0.003 0.003 0.449 0.540 0.538 0.421 0.699 0.719 0.541 0.656 0.019 0.018 0.027 0.013 0.214 0.310 0.113 0.186 0.012 0.012 0.009 0.007 
8 13 0.005 0.006 0.007 0.004 0.003 0.003 0.005 0.029 0.004 0.003 0.004 0.003 0.006 0.003 0.003 0.003 0.008 0.007 0.003 0.002 0.010 0.004 0.009 0.027 0.006 0.004 0.009 0.009 0.003 0.003 0.002 0.002 0.003 0.003 0.003 0.004 0.002 0.002 0.002 0.002 0.445 0.568 0.565 0.405 0.699 0.717 0.491 0.644 0.022 0.017 0.031 0.012 0.184 0.313 0.101 0.180 0.012 0.011 0.008 0.006 
8 14 0.004 0.005 0.006 0.003 0.003 0.002 0.004 0.032 0.003 0.002 0.003 0.002 0.005 0.003 0.002 0.002 0.007 0.006 0.002 0.001 0.009 0.003 0.007 0.032 0.005 0.003 0.008 0.008 0.002 0.002 0.002 0.002 0.002 0.002 0.003 0.003 0.002 0.001 0.001 0.001 0.437 0.589 0.586 0.384 0.691 0.706 0.439 0.621 0.025 0.017 0.033 0.012 0.156 0.308 0.089 0.169 0.012 0.010 0.008 0.005 
8 15 0.003 0.004 0.005 0.002 0.002 0.002 0.003 0.034 0.002 0.001 0.003 0.001 0.005 0.002 0.001 0.002 0.007 0.005 0.002 0.001 0.008 0.002 0.006 0.037 0.004 0.003 0.008 0.007 0.002 0.001 0.001 0.001 0.002 0.002 0.002 0.003 0.001 0.001 0.001 0.001 0.420 0.599 0.594 0.354 0.671 0.676 0.379 0.582 0.028 0.017 0.036 0.013 0.126 0.291 0.077 0.153 0.012 0.009 0.007 0.005 
9 0 0.000 0.000 0.000 0.000 0.000 0.000 0.000 0.000 0.000 0.000 0.000 0.000 0.000 0.000 0.000 0.000 0.000 0.000 0.000 0.000 0.000 0.000 0.000 0.000 0.000 0.000 0.000 0.000 0.000 0.000 0.000 0.000 0.000 0.000 0.000 0.000 0.000 0.000 0.000 0.000 0.000 0.000 0.000 0.000 0.000 0.000 0.000 0.000 0.000 0.000 0.000 0.000 0.000 0.000 0.000 0.000 0.000 0.000 0.000 0.000 
9 1 0.166 0.176 0.172 0.170 0.159 0.172 0.166 0.161 0.169 0.167 0.165 0.170 0.153 0.163 0.152 0.160 0.166 0.159 0.154 0.159 0.170 0.173 0.173 0.181 0.164 0.163 0.161 0.176 0.171 0.164 0.159 0.158 0.162 0.157 0.170 0.156 0.157 0.155 0.160 0.161 0.168 0.177 0.169 0.171 0.159 0.169 0.156 0.160 0.167 0.156 0.164 0.164 0.152 0.157 0.155 0.148 0.160 0.168 0.158 0.162 
9 2 0.143 0.153 0.142 0.153 0.129 0.145 0.139 0.131 0.133 0.132 0.130 0.139 0.119 0.131 0.116 0.129 0.131 0.119 0.117 0.125 0.155 0.160 0.156 0.170 0.136 0.136 0.131 0.147 0.143 0.134 0.135 0.133 0.127 0.125 0.133 0.123 0.124 0.127 0.125 0.126 0.152 0.155 0.147 0.146 0.128 0.133 0.121 0.126 0.134 0.126 0.135 0.134 0.121 0.120 0.118 0.116 0.126 0.134 0.122 0.129 
9 3 0.120 0.128 0.116 0.133 0.101 0.114 0.109 0.103 0.103 0.101 0.099 0.108 0.089 0.097 0.085 0.097 0.099 0.086 0.086 0.092 0.135 0.138 0.135 0.141 0.105 0.107 0.102 0.113 0.112 0.105 0.107 0.104 0.094 0.092 0.099 0.091 0.094 0.097 0.092 0.093 0.130 0.129 0.125 0.123 0.101 0.103 0.094 0.098 0.104 0.098 0.105 0.103 0.091 0.088 0.087 0.087 0.092 0.099 0.091 0.097 
9 4 0.092 0.097 0.088 0.101 0.075 0.081 0.080 0.076 0.077 0.073 0.073 0.079 0.063 0.068 0.060 0.069 0.074 0.062 0.062 0.065 0.107 0.110 0.109 0.108 0.078 0.079 0.076 0.084 0.083 0.077 0.080 0.077 0.067 0.065 0.070 0.065 0.069 0.068 0.064 0.066 0.130 0.123 0.131 0.126 0.098 0.101 0.098 0.099 0.079 0.075 0.079 0.076 0.075 0.068 0.071 0.072 0.067 0.073 0.068 0.070 
9 5 0.067 0.069 0.063 0.071 0.053 0.055 0.056 0.054 0.055 0.050 0.052 0.055 0.044 0.047 0.041 0.048 0.054 0.043 0.043 0.045 0.078 0.083 0.084 0.079 0.056 0.055 0.056 0.060 0.058 0.055 0.056 0.055 0.046 0.044 0.049 0.046 0.048 0.046 0.044 0.046 0.158 0.145 0.168 0.162 0.144 0.149 0.166 0.151 0.058 0.056 0.059 0.054 0.071 0.059 0.076 0.073 0.048 0.052 0.050 0.050 
9 6 0.047 0.048 0.044 0.049 0.036 0.037 0.039 0.037 0.038 0.034 0.037 0.038 0.030 0.032 0.028 0.033 0.039 0.030 0.030 0.030 0.056 0.060 0.063 0.058 0.040 0.038 0.040 0.042 0.040 0.038 0.038 0.038 0.032 0.030 0.033 0.031 0.033 0.031 0.029 0.032 0.211 0.191 0.220 0.220 0.249 0.252 0.298 0.262 0.042 0.041 0.042 0.038 0.079 0.060 0.104 0.089 0.034 0.037 0.036 0.035 
9 7 0.032 0.033 0.031 0.033 0.025 0.025 0.027 0.026 0.026 0.023 0.025 0.026 0.020 0.022 0.019 0.023 0.028 0.021 0.020 0.021 0.039 0.042 0.046 0.043 0.028 0.026 0.029 0.030 0.028 0.026 0.026 0.026 0.022 0.020 0.023 0.022 0.022 0.021 0.020 0.021 0.277 0.250 0.271 0.282 0.381 0.377 0.442 0.398 0.030 0.030 0.031 0.026 0.094 0.069 0.152 0.121 0.024 0.027 0.025 0.024 
9 8 0.022 0.023 0.021 0.022 0.017 0.017 0.019 0.019 0.018 0.016 0.018 0.018 0.014 0.015 0.013 0.016 0.021 0.015 0.014 0.014 0.027 0.029 0.033 0.033 0.020 0.018 0.021 0.021 0.019 0.018 0.018 0.018 0.015 0.013 0.015 0.015 0.015 0.014 0.013 0.014 0.344 0.307 0.316 0.336 0.503 0.488 0.559 0.520 0.022 0.021 0.023 0.018 0.107 0.084 0.204 0.160 0.017 0.019 0.018 0.016 
9 9 0.016 0.016 0.015 0.015 0.011 0.011 0.013 0.014 0.012 0.011 0.012 0.012 0.010 0.010 0.009 0.011 0.016 0.011 0.009 0.009 0.019 0.020 0.023 0.026 0.014 0.012 0.015 0.015 0.013 0.012 0.012 0.012 0.010 0.009 0.010 0.010 0.010 0.009 0.009 0.010 0.401 0.359 0.353 0.375 0.593 0.571 0.638 0.611 0.017 0.016 0.018 0.013 0.112 0.103 0.245 0.198 0.012 0.013 0.013 0.011 
9 10 0.011 0.011 0.010 0.010 0.008 0.007 0.009 0.012 0.009 0.007 0.008 0.008 0.007 0.007 0.006 0.007 0.013 0.008 0.006 0.006 0.014 0.013 0.017 0.022 0.010 0.008 0.011 0.011 0.009 0.008 0.008 0.008 0.007 0.006 0.007 0.007 0.007 0.006 0.006 0.007 0.442 0.402 0.387 0.398 0.651 0.623 0.677 0.668 0.014 0.012 0.015 0.009 0.108 0.122 0.266 0.223 0.009 0.010 0.009 0.008 
9 11 0.008 0.008 0.008 0.007 0.005 0.005 0.007 0.011 0.006 0.005 0.006 0.006 0.005 0.005 0.004 0.005 0.011 0.007 0.004 0.004 0.010 0.009 0.012 0.019 0.007 0.006 0.008 0.008 0.006 0.006 0.005 0.005 0.005 0.004 0.005 0.005 0.005 0.004 0.004 0.004 0.464 0.438 0.420 0.406 0.683 0.648 0.680 0.697 0.013 0.009 0.015 0.007 0.099 0.137 0.268 0.232 0.007 0.007 0.007 0.006 
9 12 0.006 0.006 0.006 0.005 0.004 0.003 0.005 0.012 0.004 0.003 0.004 0.004 0.005 0.003 0.003 0.004 0.010 0.006 0.003 0.003 0.008 0.006 0.009 0.018 0.005 0.004 0.007 0.006 0.004 0.004 0.004 0.004 0.003 0.003 0.003 0.004 0.003 0.003 0.003 0.003 0.469 0.465 0.452 0.398 0.697 0.654 0.651 0.704 0.013 0.008 0.016 0.006 0.087 0.147 0.257 0.225 0.005 0.006 0.006 0.004 
9 13 0.005 0.004 0.004 0.003 0.003 0.002 0.004 0.013 0.003 0.002 0.003 0.003 0.004 0.002 0.002 0.003 0.010 0.005 0.002 0.002 0.006 0.004 0.007 0.019 0.003 0.003 0.005 0.005 0.003 0.003 0.003 0.003 0.002 0.002 0.002 0.003 0.002 0.002 0.002 0.002 0.461 0.483 0.482 0.379 0.698 0.649 0.601 0.692 0.014 0.008 0.019 0.005 0.075 0.151 0.237 0.207 0.005 0.005 0.005 0.003 
9 14 0.004 0.003 0.003 0.002 0.002 0.002 0.003 0.014 0.002 0.002 0.002 0.002 0.004 0.002 0.002 0.002 0.010 0.005 0.001 0.001 0.006 0.003 0.006 0.022 0.003 0.002 0.005 0.004 0.002 0.002 0.002 0.002 0.002 0.001 0.002 0.002 0.001 0.001 0.001 0.001 0.446 0.495 0.509 0.354 0.693 0.638 0.542 0.668 0.016 0.008 0.021 0.005 0.064 0.151 0.214 0.186 0.005 0.004 0.004 0.003 
9 15 0.003 0.003 0.003 0.002 0.002 0.001 0.002 0.016 0.002 0.001 0.002 0.001 0.004 0.001 0.001 0.002 0.010 0.004 0.001 0.001 0.005 0.002 0.005 0.025 0.002 0.002 0.005 0.004 0.002 0.001 0.001 0.001 0.001 0.001 0.002 0.002 0.001 0.001 0.001 0.001 0.425 0.500 0.526 0.321 0.677 0.615 0.465 0.625 0.019 0.009 0.024 0.005 0.054 0.147 0.184 0.162 0.004 0.004 0.004 0.003 
10 0 0.000 0.000 0.000 0.000 0.000 0.000 0.000 0.000 0.000 0.000 0.000 0.000 0.000 0.000 0.000 0.000 0.000 0.000 0.000 0.000 0.000 0.000 0.000 0.000 0.000 0.000 0.000 0.000 0.000 0.000 0.000 0.000 0.000 0.000 0.000 0.000 0.000 0.000 0.000 0.000 0.000 0.000 0.000 0.000 0.000 0.000 0.000 0.000 0.000 0.000 0.000 0.000 0.000 0.000 0.000 0.000 0.000 0.000 0.000 0.000 
10 1 0.166 0.176 0.172 0.170 0.159 0.172 0.166 0.161 0.169 0.167 0.165 0.170 0.153 0.163 0.152 0.160 0.166 0.159 0.154 0.159 0.170 0.173 0.173 0.181 0.164 0.163 0.161 0.176 0.171 0.164 0.159 0.158 0.162 0.157 0.170 0.156 0.157 0.155 0.160 0.161 0.168 0.177 0.169 0.171 0.159 0.169 0.156 0.160 0.167 0.156 0.164 0.164 0.152 0.157 0.155 0.148 0.160 0.168 0.158 0.162 
10 2 0.143 0.153 0.142 0.153 0.129 0.145 0.139 0.131 0.133 0.132 0.130 0.139 0.119 0.131 0.116 0.129 0.131 0.119 0.117 0.125 0.155 0.160 0.156 0.170 0.136 0.136 0.131 0.147 0.143 0.134 0.135 0.133 0.127 0.125 0.133 0.123 0.124 0.127 0.125 0.126 0.152 0.155 0.147 0.146 0.128 0.133 0.121 0.126 0.134 0.126 0.135 0.134 0.121 0.120 0.118 0.116 0.126 0.134 0.122 0.129 
10 3 0.120 0.128 0.116 0.133 0.101 0.114 0.109 0.103 0.103 0.101 0.099 0.108 0.089 0.097 0.085 0.097 0.099 0.086 0.086 0.092 0.135 0.138 0.135 0.141 0.105 0.107 0.102 0.113 0.112 0.105 0.107 0.104 0.094 0.092 0.099 0.091 0.094 0.097 0.092 0.093 0.130 0.129 0.125 0.123 0.101 0.103 0.094 0.098 0.104 0.098 0.105 0.103 0.091 0.088 0.087 0.087 0.092 0.099 0.091 0.097 
10 4 0.094 0.099 0.090 0.104 0.076 0.085 0.081 0.076 0.078 0.074 0.074 0.079 0.065 0.069 0.060 0.069 0.073 0.062 0.062 0.065 0.108 0.105 0.104 0.104 0.077 0.079 0.075 0.084 0.080 0.075 0.078 0.073 0.066 0.065 0.071 0.066 0.069 0.069 0.066 0.065 0.129 0.127 0.130 0.128 0.080 0.082 0.075 0.079 0.099 0.093 0.105 0.096 0.069 0.066 0.063 0.066 0.074 0.081 0.074 0.076 
10 5 0.070 0.072 0.068 0.077 0.056 0.062 0.059 0.055 0.056 0.054 0.054 0.056 0.047 0.048 0.042 0.048 0.051 0.045 0.045 0.045 0.081 0.074 0.075 0.072 0.054 0.056 0.054 0.061 0.055 0.051 0.054 0.050 0.046 0.045 0.050 0.048 0.048 0.047 0.046 0.045 0.157 0.161 0.172 0.172 0.062 0.065 0.061 0.065 0.141 0.132 0.173 0.145 0.052 0.051 0.045 0.050 0.074 0.084 0.069 0.067 
10 6 0.051 0.052 0.051 0.055 0.040 0.045 0.043 0.039 0.040 0.038 0.040 0.039 0.033 0.033 0.030 0.033 0.035 0.032 0.032 0.031 0.058 0.051 0.052 0.049 0.038 0.039 0.038 0.043 0.037 0.035 0.037 0.033 0.031 0.031 0.034 0.034 0.033 0.031 0.032 0.030 0.207 0.221 0.241 0.247 0.047 0.050 0.048 0.052 0.243 0.227 0.307 0.265 0.039 0.041 0.032 0.038 0.099 0.110 0.073 0.071 
10 7 0.037 0.037 0.038 0.039 0.029 0.032 0.031 0.027 0.027 0.026 0.028 0.027 0.024 0.023 0.021 0.022 0.024 0.023 0.023 0.021 0.041 0.034 0.036 0.034 0.026 0.027 0.026 0.030 0.025 0.023 0.025 0.022 0.021 0.021 0.024 0.024 0.022 0.021 0.023 0.020 0.268 0.290 0.318 0.330 0.035 0.037 0.038 0.041 0.371 0.352 0.444 0.404 0.029 0.034 0.023 0.028 0.149 0.152 0.084 0.083 
10 8 0.027 0.026 0.029 0.027 0.021 0.023 0.023 0.020 0.019 0.018 0.020 0.018 0.017 0.016 0.014 0.015 0.016 0.016 0.016 0.014 0.028 0.023 0.025 0.023 0.018 0.018 0.018 0.021 0.016 0.016 0.017 0.015 0.014 0.014 0.016 0.017 0.015 0.014 0.016 0.014 0.327 0.353 0.382 0.399 0.027 0.027 0.029 0.031 0.483 0.468 0.546 0.518 0.021 0.027 0.016 0.021 0.205 0.196 0.095 0.094 
10 9 0.019 0.019 0.022 0.019 0.016 0.017 0.017 0.014 0.013 0.012 0.015 0.012 0.013 0.011 0.010 0.010 0.011 0.011 0.011 0.009 0.020 0.016 0.017 0.015 0.013 0.013 0.013 0.015 0.011 0.010 0.011 0.010 0.010 0.010 0.011 0.011 0.010 0.009 0.011 0.009 0.377 0.401 0.421 0.440 0.020 0.019 0.022 0.023 0.563 0.558 0.603 0.593 0.016 0.021 0.011 0.015 0.244 0.227 0.104 0.097 
10 10 0.015 0.014 0.018 0.014 0.012 0.012 0.012 0.011 0.008 0.008 0.011 0.008 0.009 0.008 0.007 0.007 0.007 0.008 0.008 0.006 0.013 0.011 0.012 0.011 0.009 0.009 0.009 0.010 0.007 0.007 0.007 0.007 0.006 0.007 0.008 0.008 0.007 0.006 0.007 0.006 0.420 0.435 0.435 0.454 0.016 0.014 0.017 0.017 0.608 0.619 0.613 0.630 0.012 0.017 0.008 0.011 0.257 0.243 0.109 0.090 
10 11 0.011 0.010 0.015 0.010 0.009 0.009 0.009 0.008 0.006 0.006 0.008 0.006 0.007 0.005 0.005 0.005 0.005 0.006 0.005 0.004 0.009 0.008 0.008 0.007 0.007 0.007 0.007 0.007 0.005 0.005 0.005 0.004 0.004 0.004 0.005 0.005 0.004 0.004 0.005 0.004 0.461 0.460 0.430 0.444 0.014 0.010 0.013 0.013 0.622 0.656 0.584 0.638 0.009 0.013 0.006 0.008 0.248 0.246 0.113 0.078 
10 12 0.009 0.008 0.012 0.007 0.007 0.007 0.007 0.006 0.004 0.004 0.006 0.004 0.005 0.004 0.004 0.003 0.003 0.004 0.004 0.003 0.007 0.005 0.006 0.005 0.005 0.006 0.005 0.005 0.003 0.003 0.003 0.003 0.003 0.003 0.004 0.004 0.003 0.003 0.003 0.003 0.500 0.478 0.414 0.420 0.012 0.007 0.010 0.010 0.616 0.676 0.531 0.629 0.007 0.010 0.004 0.006 0.226 0.242 0.116 0.065 
10 13 0.008 0.006 0.011 0.006 0.006 0.005 0.005 0.005 0.003 0.003 0.004 0.003 0.003 0.003 0.003 0.003 0.002 0.003 0.002 0.002 0.005 0.004 0.004 0.004 0.004 0.005 0.004 0.004 0.002 0.002 0.002 0.002 0.002 0.002 0.003 0.003 0.002 0.002 0.002 0.002 0.538 0.493 0.395 0.391 0.011 0.005 0.008 0.008 0.600 0.686 0.473 0.612 0.005 0.008 0.003 0.005 0.201 0.233 0.120 0.053 
10 14 0.008 0.005 0.010 0.004 0.005 0.004 0.004 0.005 0.002 0.002 0.003 0.002 0.003 0.002 0.002 0.002 0.002 0.002 0.002 0.001 0.004 0.003 0.003 0.003 0.003 0.006 0.004 0.003 0.001 0.001 0.002 0.001 0.001 0.001 0.002 0.002 0.001 0.001 0.002 0.001 0.570 0.506 0.376 0.364 0.011 0.004 0.007 0.007 0.584 0.693 0.421 0.596 0.004 0.006 0.003 0.004 0.177 0.224 0.125 0.042 
10 15 0.007 0.005 0.009 0.004 0.005 0.003 0.003 0.004 0.001 0.001 0.002 0.001 0.002 0.001 0.002 0.001 0.001 0.002 0.001 0.001 0.003 0.003 0.002 0.003 0.002 0.006 0.004 0.002 0.001 0.001 0.001 0.001 0.001 0.001 0.001 0.001 0.001 0.001 0.001 0.001 0.593 0.514 0.353 0.335 0.011 0.003 0.006 0.006 0.565 0.694 0.371 0.578 0.003 0.005 0.002 0.003 0.155 0.208 0.129 0.035 
11 0 0.000 0.000 0.000 0.000 0.000 0.000 0.000 0.000 0.000 0.000 0.000 0.000 0.000 0.000 0.000 0.000 0.000 0.000 0.000 0.000 0.000 0.000 0.000 0.000 0.000 0.000 0.000 0.000 0.000 0.000 0.000 0.000 0.000 0.000 0.000 0.000 0.000 0.000 0.000 0.000 0.000 0.000 0.000 0.000 0.000 0.000 0.000 0.000 0.000 0.000 0.000 0.000 0.000 0.000 0.000 0.000 0.000 0.000 0.000 0.000 
11 1 0.166 0.176 0.172 0.170 0.159 0.172 0.166 0.161 0.169 0.167 0.165 0.170 0.153 0.163 0.152 0.160 0.166 0.159 0.154 0.159 0.170 0.173 0.173 0.181 0.164 0.163 0.161 0.176 0.171 0.164 0.159 0.158 0.162 0.157 0.170 0.156 0.157 0.155 0.160 0.161 0.168 0.177 0.169 0.171 0.159 0.169 0.156 0.160 0.167 0.156 0.164 0.164 0.152 0.157 0.155 0.148 0.160 0.168 0.158 0.162 
11 2 0.143 0.153 0.142 0.153 0.129 0.145 0.139 0.131 0.133 0.132 0.130 0.139 0.119 0.131 0.116 0.129 0.131 0.119 0.117 0.125 0.155 0.160 0.156 0.170 0.136 0.136 0.131 0.147 0.143 0.134 0.135 0.133 0.127 0.125 0.133 0.123 0.124 0.127 0.125 0.126 0.152 0.155 0.147 0.146 0.128 0.133 0.121 0.126 0.134 0.126 0.135 0.134 0.121 0.120 0.118 0.116 0.126 0.134 0.122 0.129 
11 3 0.120 0.128 0.116 0.133 0.101 0.114 0.109 0.103 0.103 0.101 0.099 0.108 0.089 0.097 0.085 0.097 0.099 0.086 0.086 0.092 0.135 0.138 0.135 0.141 0.105 0.107 0.102 0.113 0.112 0.105 0.107 0.104 0.094 0.092 0.099 0.091 0.094 0.097 0.092 0.093 0.130 0.129 0.125 0.123 0.101 0.103 0.094 0.098 0.104 0.098 0.105 0.103 0.091 0.088 0.087 0.087 0.092 0.099 0.091 0.097 
11 4 0.094 0.098 0.089 0.103 0.076 0.083 0.080 0.076 0.078 0.075 0.073 0.080 0.065 0.068 0.060 0.070 0.072 0.062 0.061 0.065 0.107 0.105 0.105 0.103 0.076 0.078 0.075 0.083 0.080 0.075 0.080 0.074 0.066 0.065 0.071 0.066 0.069 0.069 0.066 0.066 0.134 0.129 0.132 0.125 0.078 0.082 0.074 0.078 0.103 0.095 0.107 0.096 0.069 0.065 0.063 0.066 0.072 0.079 0.079 0.082 
11 5 0.070 0.071 0.066 0.076 0.056 0.059 0.058 0.054 0.057 0.054 0.052 0.057 0.047 0.047 0.042 0.049 0.051 0.044 0.043 0.045 0.080 0.073 0.077 0.071 0.054 0.055 0.053 0.059 0.054 0.051 0.057 0.051 0.045 0.044 0.051 0.047 0.048 0.047 0.046 0.046 0.172 0.163 0.174 0.162 0.058 0.064 0.056 0.061 0.169 0.141 0.185 0.145 0.052 0.049 0.045 0.051 0.065 0.073 0.092 0.095 
11 6 0.051 0.051 0.048 0.055 0.041 0.041 0.042 0.039 0.041 0.039 0.037 0.040 0.034 0.032 0.029 0.034 0.035 0.032 0.030 0.031 0.057 0.050 0.054 0.048 0.037 0.038 0.037 0.041 0.036 0.034 0.039 0.034 0.031 0.030 0.036 0.033 0.033 0.032 0.032 0.031 0.236 0.219 0.239 0.227 0.042 0.049 0.042 0.047 0.308 0.249 0.330 0.268 0.038 0.038 0.033 0.038 0.073 0.079 0.132 0.147 
11 7 0.037 0.036 0.035 0.039 0.031 0.030 0.031 0.028 0.028 0.027 0.026 0.027 0.025 0.022 0.020 0.024 0.024 0.023 0.020 0.021 0.040 0.034 0.038 0.033 0.026 0.026 0.026 0.028 0.024 0.023 0.027 0.023 0.021 0.020 0.025 0.023 0.022 0.021 0.022 0.021 0.306 0.282 0.306 0.299 0.030 0.035 0.031 0.036 0.458 0.387 0.470 0.412 0.028 0.030 0.024 0.029 0.094 0.093 0.189 0.220 
11 8 0.027 0.025 0.026 0.028 0.023 0.021 0.023 0.021 0.019 0.019 0.018 0.018 0.019 0.015 0.014 0.017 0.016 0.016 0.014 0.014 0.028 0.023 0.027 0.022 0.018 0.018 0.018 0.020 0.016 0.015 0.018 0.015 0.014 0.014 0.017 0.016 0.015 0.014 0.015 0.014 0.365 0.340 0.359 0.357 0.022 0.025 0.022 0.027 0.579 0.516 0.571 0.531 0.020 0.023 0.017 0.021 0.117 0.106 0.241 0.276 
11 9 0.020 0.018 0.020 0.020 0.018 0.015 0.017 0.016 0.013 0.013 0.013 0.012 0.014 0.010 0.010 0.012 0.011 0.011 0.009 0.009 0.019 0.015 0.019 0.015 0.012 0.013 0.013 0.014 0.011 0.010 0.012 0.010 0.010 0.009 0.012 0.012 0.010 0.010 0.010 0.010 0.411 0.389 0.390 0.391 0.016 0.018 0.016 0.020 0.659 0.617 0.624 0.611 0.014 0.018 0.013 0.016 0.130 0.112 0.273 0.292 
11 10 0.015 0.013 0.016 0.014 0.014 0.011 0.012 0.012 0.009 0.009 0.009 0.008 0.010 0.007 0.007 0.009 0.007 0.008 0.006 0.006 0.013 0.010 0.014 0.010 0.009 0.010 0.010 0.010 0.007 0.007 0.008 0.007 0.007 0.006 0.009 0.008 0.007 0.006 0.007 0.006 0.447 0.426 0.397 0.398 0.012 0.013 0.012 0.015 0.697 0.684 0.627 0.653 0.010 0.014 0.010 0.012 0.128 0.112 0.282 0.270 
11 11 0.011 0.010 0.014 0.011 0.011 0.008 0.009 0.010 0.006 0.006 0.006 0.006 0.007 0.005 0.005 0.007 0.005 0.006 0.004 0.004 0.009 0.007 0.010 0.007 0.006 0.009 0.008 0.007 0.005 0.005 0.006 0.005 0.004 0.004 0.006 0.006 0.004 0.004 0.005 0.004 0.479 0.455 0.388 0.384 0.010 0.009 0.009 0.012 0.699 0.723 0.587 0.659 0.007 0.011 0.008 0.009 0.115 0.106 0.274 0.227 
11 12 0.009 0.007 0.012 0.008 0.008 0.006 0.007 0.008 0.004 0.004 0.004 0.004 0.005 0.003 0.004 0.005 0.003 0.005 0.003 0.003 0.007 0.005 0.008 0.005 0.005 0.009 0.007 0.006 0.003 0.003 0.004 0.003 0.003 0.003 0.004 0.004 0.003 0.003 0.003 0.003 0.507 0.478 0.370 0.359 0.009 0.007 0.007 0.010 0.675 0.742 0.523 0.641 0.005 0.009 0.007 0.007 0.098 0.098 0.258 0.182 
11 13 0.008 0.006 0.010 0.007 0.007 0.004 0.005 0.007 0.003 0.003 0.003 0.003 0.004 0.002 0.003 0.004 0.002 0.003 0.002 0.002 0.005 0.004 0.006 0.004 0.004 0.009 0.006 0.004 0.002 0.002 0.003 0.002 0.002 0.002 0.003 0.003 0.002 0.002 0.002 0.002 0.532 0.496 0.348 0.330 0.009 0.005 0.006 0.009 0.640 0.749 0.455 0.610 0.004 0.007 0.006 0.006 0.083 0.090 0.241 0.142 
11 14 0.008 0.005 0.009 0.006 0.006 0.003 0.004 0.006 0.002 0.002 0.002 0.002 0.003 0.002 0.002 0.004 0.002 0.003 0.001 0.001 0.004 0.003 0.005 0.003 0.003 0.010 0.006 0.004 0.001 0.001 0.002 0.001 0.001 0.001 0.002 0.002 0.001 0.001 0.002 0.001 0.551 0.513 0.328 0.302 0.010 0.004 0.005 0.008 0.606 0.750 0.396 0.575 0.003 0.006 0.005 0.005 0.070 0.083 0.226 0.111 
11 15 0.007 0.004 0.008 0.005 0.005 0.002 0.003 0.005 0.001 0.001 0.002 0.001 0.002 0.001 0.002 0.003 0.001 0.002 0.001 0.001 0.003 0.002 0.004 0.003 0.003 0.012 0.006 0.003 0.001 0.001 0.001 0.001 0.001 0.001 0.002 0.002 0.001 0.001 0.001 0.001 0.562 0.530 0.309 0.277 0.011 0.003 0.004 0.008 0.571 0.744 0.346 0.536 0.003 0.005 0.005 0.004 0.060 0.075 0.211 0.086 
