0 verbalAnimal111 22 0.979 0.986 0.982 0.718 0.007 0.992 0.985 0.005 0.780 0.991 0.007 0.048 0.986 0.987 0.767 0.005 
1 verbalAnimal112 17 0.987 0.983 0.984 0.842 0.022 0.976 0.968 0.016 0.019 0.974 0.163 0.977 0.972 0.711 0.635 0.016 
2 verbalAnimal121 15 0.976 0.978 0.973 0.676 0.034 0.963 0.973 0.024 0.233 0.957 0.028 0.379 0.979 0.955 0.946 0.026 
3 verbalAnimal122 16 0.978 0.980 0.974 0.658 0.027 0.971 0.978 0.019 0.446 0.967 0.026 0.147 0.981 0.954 0.934 0.022 
4 verbalAnimal211 17 0.984 0.985 0.982 0.771 0.022 0.976 0.973 0.016 0.074 0.972 0.026 0.881 0.983 0.960 0.791 0.016 
5 verbalAnimal212 16 0.970 0.976 0.980 0.641 0.027 0.970 0.957 0.021 0.926 0.964 0.118 0.365 0.941 0.952 0.029 0.022 
6 verbalAnimal221 16 0.981 0.982 0.978 0.763 0.027 0.970 0.973 0.020 0.063 0.967 0.026 0.830 0.983 0.950 0.956 0.020 
7 verbalAnimal222 17 0.975 0.973 0.985 0.765 0.022 0.976 0.953 0.016 0.954 0.970 0.965 0.117 0.820 0.883 0.021 0.017 
8 verbalArtifact111 22 0.986 0.993 0.992 0.262 0.362 0.961 0.991 0.915 0.981 0.986 0.981 0.963 0.958 0.982 0.704 0.633 
9 verbalArtifact112 22 0.988 0.995 0.990 0.181 0.304 0.870 0.992 0.839 0.680 0.902 0.961 0.990 0.975 0.911 0.952 0.717 
10 verbalArtifact121 15 0.977 0.981 0.973 0.075 0.467 0.559 0.981 0.862 0.630 0.824 0.938 0.960 0.960 0.795 0.958 0.724 
11 verbalArtifact122 22 0.990 0.995 0.991 0.120 0.349 0.803 0.994 0.850 0.714 0.946 0.975 0.990 0.965 0.926 0.949 0.673 
12 verbalArtifact211 22 0.981 0.994 0.994 0.144 0.709 0.983 0.989 0.904 0.983 0.867 0.975 0.845 0.967 0.975 0.758 0.849 
13 verbalArtifact212 22 0.990 0.995 0.989 0.184 0.157 0.794 0.991 0.861 0.898 0.987 0.968 0.988 0.941 0.956 0.874 0.355 
14 verbalArtifact221 22 0.986 0.995 0.990 0.129 0.295 0.841 0.993 0.812 0.302 0.806 0.969 0.990 0.984 0.722 0.972 0.679 
15 verbalArtifact222 22 0.990 0.995 0.985 0.068 0.486 0.682 0.995 0.868 0.610 0.829 0.972 0.989 0.973 0.840 0.985 0.777 
