1431655766
1904
1
20000
-2
-2
-2
-2
-2
-2
-2
-2
-2
-2
-2
-2
-2
-2
-2
-2
-2
-2
-2
-2
-2
-2
-2
-2
-2
-2
-2
-2
-2
-2
-2
-2
-2
-2
-2
-2
-2
-2
-2
-2
-2
-2
-2
-2
-2
-2
-2
-2
5
-7.84566
-4.85311
-5.20278
-2.0049
3.18601
1.8963
-1.78971
-3.32131
10.5028
-1.37143
-3.45517
-0.74118
-3.42389
-3.2057
5.52437
4.5188
5
-8.65969
-4.8249
-1.7305
1.3702
5.17043
-1.13138
-0.475914
-1.39519
3.39352
2.16997
-0.377419
-2.87036
-4.2951
-3.77774
4.10942
7.32797
5
-8.33552
-6.26093
-0.622917
5.58507
7.53493
-2.32429
3.07229
0.28335
1.16049
-0.589593
0.771133
-1.40849
-3.84139
-0.275224
0.876965
8.48168
5
-8.80639
-5.52719
-1.39556
5.21691
7.96568
-2.33526
1.68989
0.168747
2.03643
0.105253
-0.205154
-0.974638
-4.31185
-0.182634
1.1677
8.17844
5
-4.31769
-0.342656
-1.81396
5.02042
3.72863
-4.76165
4.80324
-1.3916
5.81484
-15.2866
-5.82446
-1.61985
-0.322803
-0.977735
2.45711
2.96566
5
-6.29671
-0.0959385
6.69242
2.79638
4.57929
-8.87252
-3.52587
-5.17762
-2.28082
-4.02911
0.570285
-1.11984
-3.51965
-3.23822
6.94065
8.08525
5
-6.66868
-3.30371
-9.16881
-0.574152
1.96531
4.85386
-5.52389
-4.58403
7.18144
8.493
-1.96049
-0.631964
-3.56832
-3.25951
1.38693
3.37732
5
-3.86768
-0.831039
-5.53026
5.51245
2.09765
2.19883
3.46079
1.37408
4.48702
1.33216
-8.61038
-4.92944
-1.22085
-0.874797
-5.93028
-1.04112
5
-4.49145
-1.01412
7.46112
2.88367
3.81508
-8.02477
3.13549
0.973809
-4.39181
-5.57345
-2.99979
-5.96353
-0.89157
-1.40121
3.68648
3.20834
5
-2.33113
-1.38907
0.304763
6.73988
4.51899
-5.55996
1.56231
1.15835
-7.3349
-1.4483
-1.93167
-0.631278
-2.24089
-1.52525
-4.16805
3.84577
5
-2.49471
-2.87922
-4.52492
2.98576
2.8889
-1.315
2.14621
0.221703
0.534441
-5.03281
-3.37287
-1.0967
-0.91905
-0.824663
-3.14212
0.835449
5
-2.89404
-0.932295
0.197384
7.19597
3.74626
-5.59933
2.31877
0.20222
-6.46959
-1.4469
-0.297618
-1.12236
-1.49822
-2.77328
-4.68859
3.30808
5
-4.56165
-1.86709
2.23861
1.01897
2.91549
-6.97947
-3.14972
-7.29258
6.37157
-8.11522
-0.538608
-0.642927
-2.55326
-2.47045
7.2699
5.40921
5
-4.72264
-2.7449
-10.0861
0.719115
3.33623
1.52579
-6.82203
-6.42411
5.96251
-1.44967
-0.128952
3.62677
-2.16653
-3.25583
3.05844
5.74214
5
-2.19758
-2.86807
-4.40362
2.82826
2.10608
-1.48696
2.3969
-0.253904
1.22489
-4.98926
-3.09356
-1.6777
-0.729948
-1.38146
-3.42513
1.56899
5
-2.65672
-1.90686
-1.41601
-1.22571
0.938655
-3.15355
-8.99315
-8.23886
1.02413
1.93076
1.63978
1.49209
-2.07265
-2.56265
5.61581
4.19841
5
0.864142
4.95483
-3.83392
-4.79332
-1.75202
2.04511
-2.65391
1.5233
-5.30205
3.34418
-2.75018
3.6491
1.71339
0.877163
-8.83208
-2.79377
5
3.79634
8.61605
-3.41022
-6.50773
-6.94603
-4.23304
1.23542
1.46755
1.10741
8.68199
-2.01721
-0.829399
1.67703
-5.04578
-2.33076
-5.95191
5
7.72596
4.86594
-4.15244
-4.13404
-7.69337
5.07427
-5.74757
-5.20885
-1.14715
-2.56086
-3.00681
2.55739
6.92372
0.0489491
0.811324
-7.21714
5
6.70725
4.32954
-5.26648
-5.95476
-7.51563
-2.39724
2.37869
-1.63907
-1.731
7.92234
-3.31374
6.47787
3.62523
-2.20599
-1.26243
-6.75112
5
-0.456449
-1.54532
-0.838556
-2.19127
-1.50737
-0.99973
-1.40667
-0.747564
-2.60464
-1.71969
-0.678385
-2.05182
-0.881509
-1.22447
-0.788194
-2.00819
5
2.8665
5.78647
2.75816
-5.61548
-4.91969
2.05706
-0.525632
3.64917
2.9038
1.52934
-2.90009
-7.81672
-3.69213
-7.70436
2.96292
-6.54142
5
5.97215
-2.81084
-1.79166
-2.74505
-4.26822
8.1211
-6.42918
-0.394234
2.62123
-6.79787
-0.929351
-5.18851
1.49595
-0.864007
5.73359
-6.10545
5
6.90384
0.473565
5.52254
-1.5757
-6.75637
7.92475
-3.05744
-0.424136
2.12769
-7.42668
-1.17108
-8.09209
-1.39273
-3.07937
8.20277
-9.57044
5
1.58114
9.45795
-7.61282
-4.59891
-5.59726
-0.619069
-6.05308
-1.21935
0.119621
6.07107
-3.53385
1.09007
6.59789
-4.63168
-3.41539
-2.5907
5
4.81092
3.22344
0.282478
-3.09032
-2.58285
7.92658
-5.80898
-5.42219
-3.87979
-7.38606
-2.90165
5.34017
4.27184
3.26818
-4.9725
-4.31624
5
-1.63991
-0.812652
-1.73574
-1.15663
-1.58767
-0.617918
-2.49872
-1.01862
-2.44363
-1.80495
-0.0618821
-1.90499
-1.3024
-1.21409
-1.28957
-0.613733
5
1.42231
4.58135
-3.83025
-3.73361
-1.85608
1.23131
-3.91434
1.04423
-4.6109
3.98461
-2.01616
3.36161
1.46027
1.55405
-9.15866
-3.19337
5
4.36331
-0.566088
-1.70427
-3.02834
-5.68229
-4.42077
-2.46952
-10.0273
2.42841
-6.00711
-1.381
4.47371
4.52487
1.61068
7.16079
-2.45869
5
3.52031
2.07946
-1.55843
-3.25935
-3.06135
6.84442
-6.7421
-3.6039
-3.58345
-4.39604
-3.36132
6.59546
3.77688
3.91037
-5.36061
-3.08048
5
3.77526
-2.51909
0.213221
-2.20619
-2.2578
4.33917
-5.21591
-6.44421
-0.837626
-7.47794
-1.345
2.69187
1.38363
2.14892
3.2525
-2.9985
5
3.26996
8.79764
-2.67395
-5.81464
-7.02664
-4.5055
0.500228
2.44322
0.439208
8.28331
-2.84041
0.101127
1.68595
-5.61566
-1.38155
-6.41181
5
-7.49179
0.693278
2.2481
-8.391
-4.16449
13.7141
2.30802
-5.47029
6.79314
-2.74001
-3.97934
4.35659
0.00045269
-3.53483
-5.66351
3.34869
5
-9.50197
-0.438411
-2.46406
-7.18879
-4.21082
6.4322
3.04376
-4.80266
-4.01383
12.4589
-4.49754
2.82456
3.5353
-3.34271
3.88558
2.08014
5
-10.0018
-4.64566
-0.117395
-7.97959
2.50926
6.90383
0.620735
-4.27092
-0.31345
1.96514
1.63988
7.82132
2.32238
-1.24246
0.716844
5.11216
5
-8.29459
0.757198
-2.33619
-3.98642
-0.348012
2.54314
-5.56185
-7.20396
3.71018
-1.52409
-2.43314
10.7529
9.20502
-0.492967
-6.16497
4.33792
5
-7.25197
2.22354
-6.66281
-4.71539
-5.38965
2.44897
-0.65639
-7.50684
0.568887
7.78035
-4.97545
8.43638
10.0827
-1.90114
-4.3353
1.79901
5
-4.59179
-3.6304
-4.13372
-1.82035
3.42269
-6.7125
-5.69132
-3.19417
-5.14438
4.82928
1.50204
-0.770255
0.789001
-0.659286
10.4657
3.24567
5
-2.93842
-1.6316
1.46616
-1.70695
3.54414
0.748173
-6.55604
-2.67847
3.82111
-11.8526
3.17245
2.01125
-1.66491
-1.55391
0.16132
1.67172
5
-2.39516
0.0587229
-2.19631
-1.58092
-1.35394
-0.0530247
-4.83645
-2.68639
-11.4601
6.92093
-5.06462
4.06139
9.12642
-1.50943
1.7726
1.13439
5
5.86241
7.80435
0.278254
1.03868
5.84143
-11.2636
-3.85547
2.27311
4.8013
2.80965
-3.66755
-10.1446
-6.03458
-2.50352
1.16349
-4.83382
5
10.8658
4.53487
-0.286631
7.12275
-1.49557
-6.73936
0.248016
3.17494
-0.0875601
-2.26134
-2.59214
-7.78087
-2.0709
0.518319
0.43461
-5.58172
5
6.20461
5.2426
-6.27092
9.41205
4.5022
-0.558425
-1.09652
0.974045
3.92466
-2.60559
-3.80515
-9.40447
-4.69758
-3.05508
1.02556
-10.4737
5
6.63621
1.37152
-3.37317
6.21126
-12.3011
-0.21295
-2.05179
-1.73322
-2.01546
-9.15982
-2.34278
-1.85697
7.6389
0.344905
1.12385
-0.608339
5
1.97767
3.50421
-5.43823
3.87983
8.51407
1.66974
-1.22779
-0.572511
3.12204
2.42671
-3.59924
-4.20058
-9.27734
-7.47992
1.32789
-8.98423
5
4.29145
4.21091
-6.19342
4.4348
-7.66461
4.26427
-4.33514
-0.0661674
0.501059
-5.78137
-2.93379
-3.48084
5.19051
-0.650024
-1.91367
-5.87486
5
-0.235545
-1.95431
-0.653892
-2.17307
-0.730294
-1.66859
-2.41031
-2.26237
-1.71167
-0.279851
-1.0308
-0.889489
-1.09804
-0.0109597
-1.51576
-2.42143
5
4.09478
4.64381
4.14116
-8.57969
-5.83651
-4.57272
-2.29206
0.197822
-1.97177
1.30533
-2.88723
-4.73567
-2.83073
-0.119203
1.06991
4.22613
0.773373
-2.21235
-2.77505
-0.526278
-0.428103
-3.57036
-1.60691
-2.2488
-3.96486
-1.73331
-3.36204
-0.846915
-2.97962
-1.48051
-1.49201
-1.11437
-1.30545
0.136948
2.17325
3.68566
4.19618
-1.47076
0.461849
2.37878
3.33714
1.23371
1.81817
-0.00150184
-0.834635
1.05911
0.90747
0.125163
2.9676
-3.51129
-4.28675
-4.60873
-3.50139
-2.48759
-4.17418
-2.80511
-0.923304
3.21175
7.74471
6.00607
3.98936
1.64949
1.39751
-1.92882
-0.973638
2.05776
1.74339
-0.154865
1.07613
-0.473958
1.60994
-0.760018
-0.938217
2.23133
-0.0590742
-0.950659
-0.81753
1.43244
-0.361761
0.500452
-0.0527879
-0.734334
-0.564993
-1.93673
-2.05757
-1.36432
2.4443
-2.8834
-0.787385
2.77347
0.259957
0.446111
1.37363
0.954983
-1.16838
-1.39679
0.386419
0.406997
0.656745
1.02744
0.611102
0.724002
-0.155639
3.41628
0.643532
2.34892
0.216014
2.8188
0.856999
1.15122
-2.74074
1.44765
0.652287
1.46732
-3.35368
-3.99468
-3.87787
-1.8226
-1.65916
-2.10061
0.641129
1.45006
9.06271
2.32072
-3.21513
2.16565
0.473132
-4.01952
1.17563
1.74189
0.929036
0.595268
0.895274
0.141172
-0.13575
-1.54563
2.12278
2.1437
0.340452
3.43825
1.52759
-0.900362
-1.39674
-2.04237
-1.09819
-1.23808
-0.663477
2.07618
1.29576
1.40736
2.86352
1.33668
-3.46657
-0.484257
-2.31969
-0.351864
-1.88328
-0.626332
-2.59397
-0.924208
0.314227
-0.64981
-2.87516
-1.49661
2.61666
-2.54217
1.96125
-0.30604
0.368815
-1.79032
0.978892
-0.743559
-4.64893
-0.40472
-1.35875
-0.307956
-2.1975
-1.03628
2.3158
-5.03581
-6.07416
1.43376
5.3669
-2.38563
2.88661
4.12205
4.13161
-0.0360891
1.39084
-1.85709
-4.382
3.99876
-1.07649
-0.0899669
3.70684
-1.17575
2.16902
3.12956
0.46495
0.186106
-0.0109933
2.536
0.586213
-0.260994
-1.53554
-1.29825
-3.20058
-2.08703
0.0258582
1.32971
1.28832
-0.962153
-1.47703
-1.4166
-0.369207
-1.25318
-0.819513
0.387631
-2.99366
-2.32226
-1.06332
-0.348785
-1.13255
-2.31012
1.19339
-0.77254
-2.07837
-0.783364
-0.0394595
0.434835
6.24649
0.331004
-0.12115
-1.40713
4.92303
1.95565
3.36619
4.31315
-1.62971
0.128285
1.92873
2.04341
1.49001
-0.897034
-1.95353
1.59457
1.37257
4.67855
4.35088
0.84486
-1.60788
-3.52234
-1.89101
-0.868428
-0.238446
-4.62615
2.16496
0.158218
-0.284901
-0.626565
-0.521208
0.405829
0.919684
3.60145
1.71744
-1.83965
-0.76246
0.544482
-0.106826
-4.27486
-1.46578
-1.42372
-1.29646
0.823628
-0.713881
-1.11719
0.130881
0.437884
1.68509
0.872373
0.271432
-0.939816
1.97328
-2.58786
-4.63681
0.722475
-2.58599
-1.25759
-1.33648
1.8006
-0.19586
-1.64065
0.273702
-0.517752
-3.10712
5.72281
-5.78534
0.134696
5.18537
2.37115
4.2685
0.392486
0.102996
-0.876274
-1.06639
-4.27867
-2.25435
-2.04414
-2.18899
2.79376
4.3382
4.44657
3.63195
2.1291
1.61843
0.635102
0.00109187
-2.61689
-3.37595
-2.22766
-3.92797
-0.721033
-1.00042
-0.91864
0.156272
-1.2949
-0.161304
-0.293399
3.05716
2.8703
-2.27394
-0.00861244
0.47814
0.412505
-0.044402
-0.870315
-1.98245
-2.84627
0.194085
2.39552
-0.113572
-0.43526
2.95128
-0.387078
0.684711
0.995617
4.22167
-5.98144
2.78232
3.04723
-1.02459
0.0285819
-0.487233
-0.16298
-1.37967
0.707339
-0.435583
-3.01097
-0.272963
-3.16585
-2.11477
-0.500958
-0.796945
-2.46477
1.20537
-0.514873
-0.469183
1.31836
-1.28306
-1.12694
2.71244
1.88866
2.15009
-3.90108
5.93132
2.29136
-1.94314
-6.40942
-3.13112
-4.87009
-2.57941
7.20843
-0.128019
-0.129975
9.11582
-3.71895
3.41621
1.82291
-1.25015
-2.02847
-1.32004
-0.471855
-0.742445
-1.23632
-0.606828
4.21907
0.0143131
-0.534739
0.697319
0.227995
1.15497
0.55626
-1.3894
0.653842
-0.0557925
-0.39865
-0.352652
0.423772
-1.2893
2.22644
0.77688
1.10627
-3.879
0.975059
-0.676606
-4.35077
-0.530808
-0.472787
-1.49975
-1.49959
4.64034
-1.06891
-0.649122
-2.32271
-1.76194
0.784823
0.374308
-1.08408
-0.960811
0.326029
0.83436
-0.135883
-1.39507
-2.23836
-1.85268
1.66533
-2.05485
-0.309334
-1.19228
3.02691
-3.34379
0.201994
5.74353
4.21704
-5.01294
-0.859022
1.24142
1.4143
1.28718
-6.23018
-0.0868412
-3.59941
-0.658895
-2.15831
2.71123
1.2601
0.830354
0.958142
2.96671
0.4315
-0.565381
3.45246
2.88825
0.260954
2.07878
-1.99162
-1.01205
0.753849
-1.08681
0.370684
0.0941833
0.107368
0.784547
1.32446
1.25137
1.30293
-2.40478
-0.0363676
-1.20068
-4.99199
-2.68011
-2.15004
-1.59976
-2.53943
-0.416041
0.469319
-0.841568
-1.70213
-0.123293
0.737732
0.597834
0.333982
-1.88385
1.7537
0.812274
2.05871
0.202914
0.616168
-1.95263
-0.081668
-1.39806
-0.549087
-0.877129
2.12879
2.43977
-1.65227
-0.380168
1.19785
1.49483
-4.04802
-2.4015
4.1389
7.01612
0.99295
0.457251
-2.8587
-6.387
-0.0901864
-2.53542
1.78699
-0.849844
0.631255
0.0371628
1.70637
1.90835
0.741718
2.60702
2.73355
0.316996
0.744237
-1.53091
-3.65416
-2.10188
-0.981424
0.875721
0.388618
0.215116
-0.593133
-3.37955
-1.23374
-1.54538
7.50371
-3.13385
-3.64293
-0.551707
0.661446
-1.23859
-0.042397
-1.2289
2.72615
1.67868
0.476372
-0.719527
0.99537
-0.323259
3.00987
-2.33817
-0.514374
1.94629
1.07788
0.385271
1.53622
0.692063
-0.577306
-0.0457609
-2.47692
0.249308
-0.879114
-0.648716
9.15539
2.308
1.90016
-4.87468
-5.82508
-3.32674
1.19004
-1.63893
-1.89421
0.109733
-1.43527
-2.20688
-0.20479
-5.79443
1.05671
1.5847
0.556738
-0.243785
-0.715718
-1.21531
1.92426
1.86174
0.452892
1.94749
4.54235
0.254653
1.40819
1.15165
-1.8177
0.308022
0.931461
0.451886
-0.811392
-1.41099
1.02737
1.40386
1.73919
-4.80774
-0.714367
5.39085
2.70127
-1.54836
3.63153
-0.622956
3.59555
-4.10006
2.84128
-1.75733
1.51705
-2.20033
-2.73097
0.904942
-2.77849
-0.443201
2.68628
-0.616661
1.88158
-1.81689
-0.840757
-1.17132
-1.82804
-3.02147
-2.16679
-2.55492
0.821557
-0.770203
3.05598
-0.690871
-6.0063
-0.55493
-1.10935
-4.29579
10.1281
8.4669
0.493161
-8.36179
2.97069
-8.84097
-1.99398
-1.14631
0.348941
-1.33085
4.00402
-1.67025
-2.64609
0.117754
1.16253
-0.0527182
1.10363
1.42121
8.0979
-1.40048
1.03636
0.905981
-0.58741
0.201773
-0.940321
0.635267
0.15893
0.106439
1.18989
1.12072
0.537066
1.36381
-3.33001
-4.58605
-1.88516
-2.29962
-1.99956
-2.28102
2.60126
-0.311889
-1.95714
0.355046
-1.00342
-0.814566
-0.57602
-0.411231
-0.659373
-1.52616
-0.259916
-0.717201
-0.823376
-1.30109
-1.70104
-0.746004
-0.390475
-1.5707
-1.75811
0.3344
-2.06013
0.878487
2.21892
-2.93717
-4.0698
2.67844
-1.86033
1.22979
-0.245121
1.46319
-0.0203375
0.137329
-0.204082
0.378936
-1.25992
-0.319917
0.845139
1.35479
1.56658
1.38023
0.354307
0.70595
0.361329
0.415046
2.19736
0.261028
0.266328
-0.73655
0.658503
-0.627748
3.5566
1.26403
-0.985705
0.359287
-0.756681
2.34356
2.01904
2.72726
1.2889
-0.0487422
4.42452
1.43161
1.53663
0.64178
2.79056
-0.391186
-4.25958
0.444487
-1.52371
-1.06772
-1.63323
-2.31891
0.150707
-0.236258
-3.60984
-2.05324
-4.01455
0.0884329
-3.22521
-1.40178
-1.667
3.18972
-0.580083
-0.259292
-0.59241
-0.584794
1.91117
0.589748
-2.63794
-2.4633
-0.763854
-1.84009
-1.92011
-4.47016
0.490937
-0.0339057
8.83414
-1.54043
4.71418
-0.221468
-3.34538
0.347795
0.0060808
-2.24764
-0.638767
-0.594296
0.62346
-2.04942
-3.51359
1.69911
0.603435
1.14509
2.9848
2.37373
0.387086
1.126
1.83156
-0.417419
-0.977641
-1.38263
1.37125
1.74269
-1.36918
0.296958
0.763362
5.50985
2.56289
4.39692
-1.1874
4.45534
-3.3251
-4.28943
-1.88477
-1.6464
-0.44465
1.88691
-2.26762
4.87986
0.122824
-5.04731
0.805825
-3.50043
2.41658
-1.39149
-1.26763
-0.0471902
3.3138
-0.22707
0.38031
-0.437933
-0.805723
-2.57673
-2.93312
-2.23013
-0.119241
-3.55025
-1.0861
-0.613438
-0.831793
1.24187
3.0224
5.42668
0.58862
1.20799
-1.00408
-5.78065
0.552387
0.45654
0.273013
0.417305
-1.71323
0.705754
-1.01658
-0.767051
-1.07733
0.668357
-0.473704
2.56049
3.28978
0.208449
-0.659129
1.16153
0.706106
-0.883839
-0.207889
2.35467
1.14618
-0.824425
0.321294
-1.56847
-1.61366
-0.874937
-0.825513
-1.42671
-1.8697
-0.639501
-0.857965
0.0468057
-1.51062
-0.41343
2.43864
-2.70215
2.13472
-1.04283
-1.3271
1.62373
0.596951
0.64906
-1.91908
-1.80564
-0.661687
1.37244
-0.863672
-0.458442
1.86833
-0.513056
-2.77479
0.0815394
-0.669151
-2.03406
-2.51294
-0.593287
-1.4192
-3.09521
1.13895
2.90344
2.7592
3.30657
5.44914
-0.839229
0.372774
-0.591706
-0.568903
1.46774
0.323776
-0.336221
0.856967
0.0397278
-0.831822
-0.312001
-2.43022
-1.52823
0.131864
0.06778
0.162231
0.0996916
1.55573
0.279219
-2.99779
0.223251
-1.83224
-1.89617
-6.48173
3.05834
-0.206166
-3.22749
-1.77796
-0.197257
-0.606603
0.152179
-0.690173
1.79027
0.603275
2.85635
0.36756
0.0499997
2.81146
0.692692
0.857173
2.11981
0.131521
2.16846
0.55201
-1.12739
0.237001
-0.709755
0.808284
0.303071
-0.460142
0.326034
-0.760921
-2.58228
1.81017
-2.23956
-7.22246
3.4385
4.00412
-2.13807
-7.89977
2.19531
0.056771
-4.12545
2.70601
-4.53359
1.01232
3.31827
3.62909
0.459917
1.04074
-0.996351
0.556425
0.718929
-0.101877
-0.473944
2.00681
-0.799779
1.00793
0.413812
0.691584
1.55008
5.37897
0.0356415
0.742452
2.24176
2.24606
2.15611
1.74422
0.787841
0.672223
0.14009
0.537666
0.771246
0.291189
-1.18335
0.129649
-0.0470282
-0.124135
-0.697863
-0.550492
-1.60187
1.85712
-3.34341
1.15457
-0.287466
1.14503
-2.1055
-2.11367
0.796075
-6.63271
-0.0138008
-3.17617
0.286892
-3.4881
-1.77779
2.88694
1.51259
3.83612
6.17706
1.64948
-0.975993
3.75407
1.34784
-1.18803
-5.58991
-4.26851
-5.88135
-4.03752
-2.48646
-0.647484
-0.422699
-2.19603
-1.55522
-0.466222
1.3233
1.93062
0.827914
0.0701838
0.363892
1.01082
1.36426
-0.36709
-0.217612
-1.38767
-0.0470061
-1.00837
1.62406
2.2847
