0 verbalA 25 0.063 0.036 0.284 0.989 0.002 0.748 0.016 0.853 0.612 0.996 0.270 0.997 0.174 0.050 0.783 0.055 0.052 0.003 0.964 0.975 0.013 0.996 0.081 0.003 0.976 0.003 0.182 0.108 0.997 0.008 0.740 0.011 0.993 0.005 0.085 0.002 0.961 0.989 0.478 0.944 0.007 0.009 0.998 0.002 0.223 0.257 0.857 0.724 0.907 0.002 0.030 0.563 0.594 0.971 0.031 0.995 0.805 0.569 0.010 0.271 
1 verbalB 25 0.029 0.021 0.104 0.992 0.002 0.644 0.039 0.887 0.470 0.997 0.378 0.992 0.376 0.026 0.759 0.059 0.016 0.003 0.893 0.956 0.004 0.985 0.018 0.003 0.979 0.004 0.051 0.135 0.997 0.015 0.659 0.009 0.992 0.007 0.201 0.002 0.979 0.963 0.205 0.973 0.004 0.006 0.998 0.002 0.251 0.060 0.723 0.620 0.719 0.002 0.009 0.790 0.235 0.996 0.030 0.972 0.468 0.629 0.013 0.237 
2 verbalC 25 0.070 0.039 0.326 0.988 0.002 0.657 0.030 0.746 0.485 0.997 0.306 0.995 0.324 0.020 0.623 0.063 0.072 0.005 0.869 0.942 0.008 0.995 0.025 0.003 0.950 0.004 0.254 0.170 0.997 0.032 0.587 0.011 0.985 0.005 0.066 0.003 0.966 0.981 0.418 0.960 0.005 0.006 0.998 0.002 0.364 0.087 0.744 0.644 0.846 0.002 0.023 0.709 0.214 0.990 0.032 0.994 0.240 0.673 0.009 0.155 
3 verbalA1 25 0.123 0.046 0.201 0.993 0.002 0.518 0.069 0.783 0.387 0.997 0.191 0.993 0.230 0.011 0.594 0.047 0.025 0.003 0.887 0.966 0.004 0.991 0.030 0.002 0.901 0.003 0.076 0.259 0.997 0.020 0.720 0.009 0.988 0.005 0.050 0.002 0.979 0.954 0.531 0.976 0.020 0.008 0.998 0.002 0.268 0.044 0.784 0.813 0.559 0.002 0.024 0.761 0.300 0.995 0.027 0.989 0.412 0.567 0.012 0.297 
4 verbalA2 25 0.062 0.046 0.065 0.994 0.002 0.443 0.076 0.883 0.488 0.996 0.521 0.995 0.333 0.026 0.843 0.030 0.021 0.005 0.832 0.972 0.004 0.996 0.014 0.003 0.988 0.009 0.157 0.202 0.994 0.019 0.605 0.005 0.991 0.006 0.062 0.002 0.921 0.916 0.264 0.873 0.005 0.004 0.998 0.002 0.276 0.108 0.662 0.708 0.841 0.002 0.022 0.618 0.202 0.989 0.032 0.968 0.472 0.435 0.006 0.339 
5 verbalB1 25 0.042 0.086 0.201 0.972 0.002 0.826 0.018 0.895 0.676 0.997 0.277 0.997 0.242 0.024 0.332 0.046 0.040 0.002 0.950 0.939 0.005 0.992 0.046 0.002 0.960 0.002 0.014 0.060 0.998 0.007 0.565 0.026 0.944 0.006 0.045 0.002 0.983 0.982 0.591 0.967 0.005 0.007 0.998 0.002 0.260 0.089 0.804 0.544 0.805 0.002 0.008 0.939 0.334 0.994 0.067 0.995 0.749 0.504 0.004 0.305 
6 verbalB2 25 0.172 0.034 0.270 0.985 0.002 0.770 0.016 0.719 0.571 0.997 0.234 0.995 0.272 0.010 0.348 0.021 0.021 0.004 0.937 0.942 0.003 0.989 0.033 0.002 0.946 0.003 0.062 0.226 0.997 0.065 0.696 0.011 0.969 0.008 0.052 0.002 0.990 0.954 0.527 0.976 0.005 0.006 0.998 0.002 0.364 0.055 0.656 0.647 0.710 0.002 0.022 0.780 0.296 0.973 0.083 0.990 0.426 0.559 0.006 0.126 
7 verbalC1 25 0.046 0.030 0.195 0.991 0.002 0.758 0.028 0.895 0.510 0.997 0.336 0.995 0.181 0.022 0.673 0.047 0.034 0.004 0.899 0.924 0.005 0.994 0.016 0.003 0.980 0.004 0.125 0.181 0.995 0.016 0.618 0.010 0.987 0.005 0.111 0.002 0.980 0.966 0.449 0.963 0.009 0.005 0.998 0.002 0.286 0.074 0.740 0.661 0.808 0.002 0.008 0.823 0.310 0.996 0.029 0.991 0.566 0.489 0.011 0.200 
8 verbalC2 25 0.027 0.032 0.307 0.993 0.002 0.668 0.039 0.747 0.450 0.997 0.439 0.994 0.085 0.022 0.590 0.038 0.013 0.008 0.967 0.949 0.003 0.996 0.028 0.003 0.977 0.003 0.241 0.256 0.997 0.046 0.721 0.003 0.993 0.005 0.047 0.002 0.989 0.992 0.406 0.950 0.011 0.005 0.997 0.002 0.789 0.073 0.698 0.769 0.691 0.002 0.016 0.650 0.175 0.994 0.043 0.988 0.519 0.771 0.011 0.091 
9 verbalA11 25 0.057 0.032 0.191 0.989 0.002 0.782 0.048 0.820 0.386 0.998 0.440 0.996 0.249 0.022 0.768 0.062 0.025 0.004 0.858 0.961 0.008 0.995 0.023 0.003 0.981 0.004 0.100 0.086 0.997 0.013 0.641 0.006 0.986 0.008 0.129 0.003 0.949 0.977 0.346 0.967 0.009 0.007 0.998 0.002 0.252 0.107 0.808 0.707 0.786 0.002 0.026 0.815 0.379 0.994 0.038 0.989 0.558 0.502 0.014 0.211 
10 verbalA12 25 0.087 0.042 0.218 0.989 0.002 0.718 0.049 0.836 0.511 0.996 0.287 0.996 0.264 0.026 0.661 0.074 0.035 0.003 0.932 0.949 0.005 0.994 0.039 0.003 0.970 0.003 0.101 0.123 0.997 0.012 0.620 0.011 0.988 0.011 0.100 0.003 0.948 0.985 0.310 0.921 0.007 0.007 0.998 0.002 0.242 0.054 0.857 0.630 0.832 0.002 0.015 0.673 0.451 0.990 0.021 0.986 0.574 0.651 0.010 0.188 
11 verbalA21 25 0.032 0.027 0.209 0.991 0.002 0.783 0.041 0.841 0.462 0.997 0.464 0.996 0.194 0.022 0.603 0.045 0.027 0.004 0.917 0.946 0.005 0.994 0.030 0.002 0.975 0.004 0.124 0.187 0.997 0.030 0.721 0.006 0.985 0.006 0.104 0.003 0.970 0.981 0.288 0.963 0.006 0.008 0.998 0.002 0.368 0.064 0.778 0.672 0.767 0.002 0.014 0.819 0.304 0.990 0.030 0.989 0.555 0.527 0.009 0.147 
12 verbalA22 25 0.044 0.024 0.258 0.989 0.002 0.748 0.042 0.758 0.468 0.997 0.378 0.996 0.272 0.024 0.707 0.043 0.038 0.004 0.915 0.956 0.006 0.995 0.031 0.002 0.970 0.004 0.152 0.133 0.997 0.014 0.709 0.006 0.992 0.007 0.149 0.002 0.966 0.985 0.351 0.961 0.006 0.006 0.998 0.002 0.337 0.062 0.837 0.722 0.838 0.002 0.024 0.737 0.397 0.986 0.030 0.990 0.568 0.576 0.009 0.183 
13 verbalB11 25 0.074 0.098 0.162 0.985 0.002 0.646 0.041 0.668 0.516 0.997 0.398 0.996 0.229 0.045 0.520 0.057 0.077 0.004 0.876 0.950 0.008 0.990 0.018 0.002 0.978 0.003 0.084 0.104 0.995 0.019 0.653 0.008 0.988 0.010 0.090 0.002 0.956 0.981 0.514 0.975 0.010 0.009 0.998 0.002 0.214 0.041 0.805 0.613 0.661 0.002 0.023 0.801 0.329 0.994 0.033 0.981 0.507 0.498 0.008 0.292 
14 verbalB12 25 0.076 0.030 0.229 0.990 0.002 0.646 0.050 0.777 0.367 0.997 0.353 0.997 0.295 0.021 0.670 0.060 0.015 0.003 0.928 0.950 0.006 0.995 0.016 0.003 0.969 0.003 0.060 0.137 0.997 0.021 0.737 0.007 0.982 0.009 0.092 0.003 0.971 0.972 0.365 0.945 0.007 0.006 0.998 0.002 0.266 0.053 0.819 0.732 0.762 0.002 0.019 0.826 0.276 0.994 0.031 0.986 0.637 0.577 0.011 0.202 
15 verbalB21 25 0.078 0.024 0.203 0.986 0.002 0.769 0.042 0.724 0.281 0.996 0.296 0.997 0.215 0.020 0.637 0.061 0.017 0.004 0.918 0.946 0.009 0.992 0.028 0.002 0.966 0.005 0.131 0.230 0.997 0.019 0.752 0.006 0.986 0.006 0.091 0.003 0.972 0.974 0.432 0.981 0.009 0.006 0.998 0.002 0.237 0.039 0.721 0.807 0.705 0.002 0.027 0.845 0.326 0.990 0.025 0.988 0.578 0.536 0.011 0.184 
16 verbalB22 25 0.046 0.027 0.246 0.990 0.002 0.702 0.034 0.787 0.476 0.998 0.363 0.997 0.191 0.025 0.687 0.048 0.037 0.004 0.930 0.942 0.006 0.995 0.045 0.002 0.961 0.004 0.101 0.133 0.997 0.014 0.704 0.008 0.985 0.006 0.164 0.002 0.953 0.981 0.334 0.960 0.006 0.007 0.998 0.002 0.340 0.082 0.803 0.644 0.806 0.002 0.012 0.818 0.305 0.990 0.037 0.984 0.597 0.499 0.013 0.226 
17 verbalC11 25 0.066 0.035 0.220 0.991 0.002 0.707 0.038 0.784 0.375 0.997 0.328 0.996 0.181 0.034 0.614 0.053 0.014 0.005 0.937 0.958 0.005 0.993 0.028 0.002 0.948 0.003 0.090 0.158 0.998 0.013 0.698 0.005 0.984 0.004 0.077 0.003 0.980 0.984 0.392 0.960 0.008 0.010 0.998 0.002 0.480 0.086 0.787 0.651 0.690 0.002 0.019 0.694 0.379 0.989 0.042 0.987 0.632 0.648 0.013 0.148 
18 verbalC12 25 0.033 0.022 0.227 0.991 0.002 0.761 0.020 0.830 0.523 0.997 0.435 0.997 0.156 0.030 0.659 0.041 0.025 0.004 0.938 0.940 0.005 0.994 0.029 0.003 0.953 0.003 0.168 0.169 0.997 0.011 0.659 0.005 0.992 0.003 0.086 0.002 0.965 0.991 0.348 0.928 0.007 0.005 0.998 0.002 0.526 0.098 0.856 0.620 0.896 0.002 0.023 0.790 0.367 0.991 0.027 0.988 0.527 0.701 0.016 0.217 
19 verbalC21 25 0.059 0.043 0.260 0.991 0.002 0.777 0.028 0.760 0.502 0.998 0.355 0.996 0.209 0.025 0.688 0.047 0.026 0.004 0.936 0.953 0.005 0.994 0.046 0.002 0.968 0.003 0.116 0.119 0.997 0.016 0.700 0.007 0.990 0.006 0.095 0.002 0.952 0.980 0.361 0.962 0.009 0.006 0.998 0.002 0.399 0.063 0.834 0.664 0.808 0.002 0.024 0.778 0.396 0.986 0.025 0.988 0.590 0.531 0.009 0.214 
20 verbalC22 25 0.072 0.032 0.248 0.990 0.002 0.748 0.038 0.725 0.456 0.997 0.464 0.996 0.196 0.038 0.670 0.057 0.029 0.004 0.936 0.940 0.006 0.994 0.022 0.003 0.962 0.003 0.138 0.102 0.996 0.021 0.635 0.010 0.986 0.007 0.074 0.003 0.976 0.977 0.406 0.969 0.009 0.006 0.998 0.002 0.343 0.107 0.728 0.711 0.747 0.002 0.024 0.789 0.343 0.990 0.045 0.989 0.523 0.633 0.010 0.140 
21 visualA11 25 0.062 0.049 0.444 0.995 0.002 0.399 0.054 0.796 0.358 0.998 0.757 0.996 0.547 0.016 0.682 0.017 0.043 0.002 0.763 0.988 0.021 0.995 0.015 0.004 0.995 0.002 0.117 0.027 0.996 0.034 0.642 0.003 0.995 0.007 0.055 0.002 0.905 0.964 0.132 0.829 0.012 0.005 0.997 0.003 0.543 0.404 0.765 0.805 0.879 0.002 0.105 0.934 0.192 0.992 0.025 0.984 0.487 0.251 0.010 0.378 
22 visualA12 25 0.157 0.074 0.060 0.980 0.002 0.815 0.022 0.721 0.388 0.997 0.573 0.992 0.294 0.009 0.145 0.021 0.062 0.002 0.723 0.984 0.026 0.983 0.008 0.003 0.985 0.002 0.021 0.035 0.998 0.015 0.773 0.011 0.936 0.010 0.056 0.003 0.894 0.921 0.595 0.985 0.020 0.005 0.997 0.002 0.225 0.064 0.653 0.546 0.459 0.002 0.024 0.932 0.069 0.994 0.045 0.989 0.454 0.271 0.011 0.365 
23 visualA21 25 0.077 0.052 0.174 0.997 0.002 0.617 0.067 0.725 0.306 0.998 0.574 0.996 0.486 0.056 0.399 0.019 0.026 0.002 0.830 0.978 0.068 0.991 0.008 0.003 0.990 0.002 0.050 0.046 0.997 0.125 0.756 0.018 0.988 0.007 0.087 0.002 0.958 0.961 0.237 0.932 0.007 0.004 0.998 0.003 0.253 0.086 0.831 0.896 0.833 0.002 0.089 0.921 0.298 0.987 0.017 0.985 0.482 0.323 0.005 0.257 
24 visualA22 25 0.108 0.052 0.177 0.994 0.002 0.567 0.041 0.737 0.365 0.998 0.462 0.995 0.488 0.054 0.192 0.025 0.065 0.003 0.767 0.988 0.015 0.992 0.005 0.002 0.964 0.002 0.084 0.029 0.997 0.120 0.696 0.014 0.992 0.010 0.066 0.002 0.977 0.958 0.357 0.980 0.007 0.003 0.998 0.003 0.463 0.244 0.564 0.836 0.705 0.002 0.153 0.908 0.088 0.991 0.016 0.995 0.326 0.562 0.008 0.054 
25 visualB11 25 0.237 0.041 0.164 0.967 0.002 0.462 0.516 0.869 0.652 0.998 0.207 0.997 0.578 0.011 0.548 0.136 0.012 0.003 0.968 0.973 0.002 0.996 0.113 0.003 0.988 0.003 0.098 0.301 0.998 0.015 0.827 0.005 0.990 0.026 0.190 0.002 0.964 0.939 0.275 0.967 0.018 0.004 0.998 0.002 0.173 0.183 0.550 0.741 0.665 0.002 0.046 0.291 0.106 0.990 0.006 0.979 0.688 0.854 0.023 0.156 
26 visualB12 25 0.093 0.031 0.095 0.991 0.002 0.401 0.065 0.866 0.597 0.998 0.378 0.992 0.430 0.010 0.645 0.043 0.073 0.003 0.955 0.868 0.003 0.992 0.031 0.004 0.994 0.002 0.056 0.040 0.997 0.010 0.661 0.006 0.992 0.009 0.375 0.002 0.952 0.981 0.228 0.930 0.003 0.004 0.998 0.002 0.203 0.190 0.670 0.295 0.853 0.002 0.017 0.596 0.187 0.993 0.017 0.954 0.677 0.845 0.027 0.196 
27 visualB21 25 0.314 0.028 0.504 0.996 0.002 0.751 0.184 0.615 0.253 0.997 0.300 0.998 0.210 0.018 0.715 0.049 0.006 0.005 0.832 0.977 0.006 0.996 0.023 0.008 0.989 0.002 0.063 0.029 0.997 0.013 0.626 0.003 0.995 0.006 0.041 0.002 0.966 0.979 0.242 0.989 0.007 0.007 0.998 0.002 0.548 0.570 0.846 0.732 0.630 0.002 0.181 0.688 0.154 0.995 0.021 0.991 0.479 0.616 0.042 0.077 
28 visualB22 25 0.166 0.019 0.520 0.998 0.002 0.589 0.164 0.761 0.513 0.998 0.565 0.998 0.116 0.035 0.758 0.050 0.006 0.005 0.971 0.951 0.002 0.995 0.032 0.003 0.990 0.003 0.072 0.210 0.996 0.016 0.706 0.002 0.996 0.008 0.038 0.002 0.968 0.994 0.105 0.978 0.010 0.003 0.998 0.002 0.703 0.355 0.671 0.841 0.621 0.002 0.281 0.271 0.223 0.989 0.013 0.995 0.554 0.724 0.018 0.037 
29 visualC11 25 0.041 0.027 0.383 0.992 0.002 0.915 0.008 0.909 0.548 0.997 0.050 0.997 0.284 0.011 0.714 0.068 0.032 0.003 0.942 0.979 0.006 0.997 0.078 0.002 0.983 0.003 0.072 0.151 0.996 0.019 0.617 0.003 0.996 0.008 0.177 0.002 0.962 0.989 0.104 0.973 0.007 0.008 0.998 0.002 0.097 0.063 0.922 0.906 0.884 0.002 0.016 0.849 0.620 0.988 0.015 0.980 0.580 0.597 0.011 0.146 
30 visualC12 25 0.053 0.019 0.266 0.993 0.002 0.922 0.012 0.952 0.484 0.998 0.077 0.997 0.240 0.008 0.720 0.128 0.037 0.003 0.840 0.981 0.008 0.996 0.029 0.002 0.957 0.003 0.078 0.125 0.996 0.009 0.621 0.004 0.993 0.010 0.157 0.002 0.918 0.990 0.131 0.982 0.004 0.005 0.998 0.002 0.122 0.059 0.792 0.908 0.771 0.002 0.007 0.710 0.286 0.994 0.012 0.977 0.634 0.621 0.037 0.208 
31 visualC21 25 0.128 0.035 0.154 0.988 0.003 0.811 0.008 0.853 0.158 0.998 0.356 0.992 0.260 0.008 0.576 0.092 0.055 0.009 0.835 0.963 0.007 0.996 0.008 0.003 0.978 0.003 0.159 0.272 0.996 0.072 0.684 0.005 0.985 0.006 0.095 0.002 0.956 0.959 0.091 0.976 0.004 0.004 0.998 0.002 0.290 0.033 0.536 0.940 0.728 0.002 0.009 0.606 0.265 0.995 0.048 0.943 0.304 0.428 0.008 0.071 
32 visualC22 25 0.055 0.032 0.046 0.991 0.002 0.670 0.012 0.769 0.161 0.997 0.368 0.989 0.384 0.014 0.780 0.085 0.114 0.011 0.592 0.971 0.009 0.989 0.018 0.003 0.971 0.005 0.196 0.279 0.997 0.096 0.726 0.006 0.946 0.020 0.118 0.003 0.818 0.912 0.284 0.977 0.014 0.009 0.998 0.002 0.118 0.037 0.422 0.913 0.546 0.002 0.010 0.562 0.218 0.997 0.063 0.975 0.304 0.325 0.024 0.182 
