0 verbalA 25 0.119 0.002 0.172 0.998 0.003 0.302 0.848 0.994 0.578 0.996 0.566 0.996 0.046 0.943 0.766 0.009 0.369 0.002 0.985 0.988 0.215 0.993 0.992 0.833 0.990 0.002 0.970 0.685 0.998 0.023 0.990 0.981 0.998 0.242 0.875 0.002 0.996 0.494 0.624 0.036 0.402 0.218 0.845 0.002 0.766 0.993 0.785 0.983 0.993 0.002 0.982 0.199 0.968 0.024 0.079 0.998 0.709 0.003 0.771 0.992 
1 verbalB 25 0.788 0.002 0.101 0.996 0.002 0.393 0.080 0.984 0.842 0.998 0.005 0.928 0.013 0.912 0.582 0.012 0.238 0.002 0.994 0.945 0.038 0.170 0.971 0.430 0.975 0.002 0.141 0.019 0.995 0.029 0.987 0.972 0.998 0.732 0.991 0.003 0.997 0.910 0.762 0.799 0.724 0.049 0.461 0.002 0.863 0.976 0.989 0.428 0.012 0.002 0.623 0.531 0.743 0.978 0.986 0.998 0.986 0.013 0.886 0.992 
2 verbalC 25 0.451 0.003 0.969 0.998 0.002 0.591 0.004 0.931 0.036 0.996 0.776 0.996 0.008 0.982 0.929 0.004 0.973 0.022 0.994 0.016 0.871 0.992 0.980 0.943 0.743 0.002 0.993 0.994 0.995 0.086 0.101 0.708 0.998 0.104 0.905 0.009 0.997 0.300 0.032 0.343 0.984 0.410 0.965 0.002 0.993 0.715 0.957 0.976 0.990 0.002 0.984 0.235 0.981 0.988 0.891 0.998 0.005 0.002 0.178 0.009 
3 verbalA1 25 0.007 0.011 0.975 0.996 0.002 0.950 0.891 0.994 0.447 0.993 0.984 0.988 0.175 0.987 0.969 0.079 0.191 0.002 0.008 0.988 0.015 0.991 0.990 0.991 0.933 0.002 0.673 0.029 0.998 0.002 0.993 0.974 0.998 0.545 0.142 0.002 0.950 0.987 0.963 0.891 0.993 0.541 0.004 0.003 0.245 0.993 0.939 0.007 0.983 0.002 0.009 0.992 0.995 0.009 0.200 0.998 0.879 0.013 0.974 0.995 
4 verbalA2 25 0.080 0.007 0.033 0.998 0.005 0.097 0.995 0.994 0.831 0.991 0.991 0.997 0.369 0.505 0.112 0.009 0.784 0.002 0.878 0.995 0.741 0.980 0.981 0.844 0.993 0.002 0.868 0.854 0.998 0.161 0.990 0.981 0.998 0.017 0.363 0.002 0.994 0.014 0.984 0.018 0.004 0.012 0.992 0.005 0.980 0.965 0.009 0.994 0.994 0.002 0.991 0.960 0.359 0.005 0.006 0.998 0.154 0.002 0.321 0.994 
5 verbalB1 25 0.638 0.014 0.006 0.946 0.002 0.009 0.138 0.222 0.995 0.998 0.010 0.996 0.988 0.928 0.896 0.028 0.241 0.002 0.995 0.982 0.858 0.993 0.966 0.020 0.961 0.002 0.003 0.004 0.994 0.003 0.910 0.960 0.996 0.662 0.990 0.002 0.984 0.445 0.987 0.911 0.004 0.013 0.981 0.002 0.006 0.026 0.994 0.656 0.006 0.002 0.756 0.862 0.487 0.993 0.387 0.998 0.992 0.030 0.061 0.995 
6 verbalB2 25 0.993 0.003 0.988 0.998 0.002 0.974 0.513 0.973 0.594 0.990 0.004 0.997 0.007 0.038 0.140 0.002 0.014 0.002 0.994 0.888 0.063 0.004 0.971 0.081 0.979 0.002 0.004 0.017 0.994 0.019 0.986 0.978 0.998 0.876 0.622 0.002 0.998 0.994 0.310 0.990 0.218 0.058 0.949 0.002 0.019 0.985 0.991 0.826 0.009 0.002 0.991 0.110 0.255 0.824 0.993 0.998 0.993 0.083 0.993 0.944 
7 verbalC1 25 0.439 0.002 0.579 0.998 0.002 0.840 0.004 0.989 0.449 0.998 0.879 0.997 0.004 0.954 0.985 0.004 0.993 0.031 0.994 0.005 0.219 0.991 0.921 0.656 0.762 0.002 0.988 0.995 0.990 0.003 0.005 0.245 0.998 0.095 0.908 0.005 0.998 0.863 0.007 0.022 0.993 0.085 0.986 0.002 0.995 0.224 0.993 0.885 0.995 0.002 0.954 0.123 0.992 0.992 0.472 0.998 0.087 0.002 0.191 0.004 
8 verbalC2 25 0.721 0.003 0.226 0.998 0.002 0.985 0.004 0.218 0.023 0.980 0.065 0.907 0.804 0.982 0.480 0.006 0.714 0.007 0.921 0.562 0.852 0.985 0.614 0.978 0.962 0.002 0.994 0.994 0.998 0.887 0.989 0.262 0.982 0.909 0.925 0.003 0.998 0.006 0.013 0.153 0.990 0.067 0.709 0.002 0.993 0.076 0.005 0.993 0.013 0.002 0.270 0.949 0.016 0.993 0.810 0.998 0.073 0.002 0.009 0.004 
9 verbalA11 25 0.005 0.034 0.981 0.995 0.003 0.530 0.962 0.994 0.106 0.997 0.993 0.987 0.970 0.938 0.784 0.008 0.665 0.002 0.004 0.980 0.552 0.991 0.902 0.993 0.981 0.002 0.817 0.007 0.998 0.002 0.989 0.751 0.998 0.041 0.048 0.003 0.975 0.991 0.855 0.539 0.992 0.188 0.005 0.020 0.301 0.995 0.965 0.006 0.983 0.002 0.021 0.989 0.993 0.034 0.961 0.998 0.024 0.010 0.989 0.994 
10 verbalA12 25 0.005 0.004 0.953 0.993 0.002 0.973 0.948 0.992 0.444 0.975 0.989 0.992 0.028 0.985 0.914 0.130 0.359 0.002 0.009 0.986 0.008 0.988 0.992 0.992 0.917 0.002 0.834 0.007 0.998 0.002 0.991 0.982 0.997 0.990 0.054 0.002 0.869 0.989 0.964 0.837 0.993 0.433 0.004 0.002 0.069 0.994 0.900 0.007 0.989 0.002 0.007 0.973 0.993 0.005 0.014 0.998 0.976 0.015 0.979 0.994 
11 verbalA21 25 0.010 0.006 0.051 0.998 0.008 0.229 0.994 0.994 0.837 0.992 0.992 0.996 0.462 0.305 0.069 0.007 0.892 0.002 0.665 0.994 0.740 0.975 0.990 0.984 0.995 0.002 0.922 0.836 0.998 0.225 0.992 0.973 0.997 0.014 0.674 0.002 0.996 0.022 0.984 0.038 0.005 0.040 0.991 0.006 0.978 0.951 0.006 0.994 0.992 0.002 0.991 0.976 0.589 0.005 0.006 0.998 0.040 0.002 0.209 0.993 
12 verbalA22 25 0.049 0.015 0.133 0.998 0.020 0.041 0.994 0.991 0.742 0.988 0.992 0.993 0.830 0.365 0.048 0.004 0.893 0.002 0.410 0.994 0.936 0.971 0.988 0.963 0.989 0.002 0.914 0.916 0.998 0.264 0.990 0.965 0.998 0.008 0.466 0.002 0.995 0.028 0.979 0.012 0.004 0.024 0.991 0.005 0.972 0.946 0.018 0.993 0.994 0.002 0.993 0.876 0.817 0.006 0.007 0.998 0.012 0.002 0.101 0.994 
13 verbalB11 25 0.336 0.019 0.008 0.982 0.002 0.006 0.584 0.441 0.994 0.998 0.007 0.997 0.979 0.991 0.866 0.019 0.054 0.002 0.994 0.992 0.962 0.993 0.940 0.017 0.980 0.002 0.004 0.004 0.989 0.007 0.957 0.603 0.998 0.983 0.990 0.002 0.987 0.137 0.992 0.920 0.006 0.028 0.947 0.002 0.007 0.011 0.994 0.966 0.005 0.002 0.960 0.904 0.714 0.987 0.127 0.998 0.989 0.034 0.009 0.995 
14 verbalB12 25 0.950 0.010 0.007 0.972 0.002 0.005 0.060 0.096 0.994 0.998 0.007 0.996 0.991 0.843 0.787 0.019 0.767 0.002 0.994 0.918 0.918 0.993 0.782 0.007 0.992 0.002 0.003 0.004 0.994 0.003 0.691 0.987 0.995 0.047 0.985 0.002 0.993 0.861 0.993 0.897 0.005 0.023 0.980 0.002 0.007 0.016 0.995 0.021 0.005 0.002 0.238 0.842 0.082 0.994 0.970 0.998 0.988 0.024 0.792 0.995 
15 verbalB21 25 0.993 0.003 0.992 0.998 0.002 0.989 0.259 0.581 0.133 0.977 0.004 0.998 0.006 0.006 0.085 0.002 0.007 0.002 0.993 0.862 0.837 0.004 0.936 0.864 0.991 0.002 0.004 0.009 0.997 0.015 0.982 0.973 0.998 0.918 0.857 0.002 0.998 0.994 0.861 0.995 0.018 0.098 0.994 0.002 0.006 0.966 0.991 0.952 0.006 0.002 0.992 0.765 0.460 0.802 0.992 0.998 0.993 0.018 0.993 0.867 
16 verbalB22 25 0.988 0.002 0.987 0.998 0.002 0.814 0.244 0.885 0.710 0.996 0.004 0.998 0.006 0.026 0.012 0.002 0.020 0.002 0.994 0.451 0.036 0.004 0.884 0.030 0.922 0.002 0.005 0.050 0.996 0.008 0.925 0.987 0.996 0.944 0.323 0.002 0.998 0.994 0.921 0.990 0.294 0.031 0.948 0.002 0.079 0.981 0.992 0.962 0.007 0.002 0.984 0.337 0.016 0.561 0.980 0.998 0.993 0.091 0.994 0.965 
17 verbalC11 25 0.503 0.002 0.948 0.998 0.002 0.934 0.004 0.988 0.353 0.998 0.839 0.998 0.005 0.948 0.988 0.003 0.949 0.011 0.994 0.005 0.551 0.989 0.885 0.283 0.908 0.002 0.967 0.993 0.985 0.003 0.005 0.150 0.998 0.013 0.835 0.005 0.998 0.982 0.005 0.019 0.989 0.131 0.989 0.002 0.993 0.073 0.994 0.969 0.990 0.002 0.982 0.361 0.994 0.989 0.714 0.998 0.020 0.002 0.313 0.004 
18 verbalC12 25 0.987 0.002 0.014 0.998 0.003 0.980 0.004 0.975 0.776 0.998 0.843 0.998 0.005 0.017 0.991 0.012 0.982 0.039 0.994 0.005 0.015 0.989 0.866 0.697 0.867 0.002 0.990 0.994 0.994 0.002 0.010 0.433 0.998 0.008 0.889 0.003 0.996 0.884 0.008 0.010 0.992 0.158 0.981 0.002 0.995 0.012 0.994 0.053 0.995 0.002 0.156 0.014 0.980 0.979 0.106 0.997 0.843 0.002 0.807 0.004 
19 verbalC21 25 0.852 0.004 0.122 0.998 0.003 0.978 0.004 0.047 0.018 0.987 0.054 0.936 0.700 0.972 0.409 0.008 0.711 0.013 0.824 0.301 0.604 0.967 0.675 0.986 0.779 0.002 0.994 0.993 0.998 0.917 0.981 0.556 0.975 0.977 0.938 0.003 0.997 0.006 0.011 0.281 0.991 0.108 0.623 0.002 0.989 0.106 0.007 0.993 0.010 0.002 0.112 0.919 0.035 0.976 0.618 0.998 0.073 0.002 0.007 0.007 
20 verbalC22 25 0.537 0.004 0.040 0.998 0.002 0.958 0.004 0.049 0.014 0.982 0.113 0.973 0.885 0.987 0.325 0.006 0.668 0.010 0.836 0.082 0.770 0.937 0.330 0.970 0.733 0.002 0.994 0.994 0.997 0.930 0.988 0.556 0.935 0.988 0.788 0.004 0.998 0.005 0.024 0.704 0.994 0.152 0.536 0.002 0.989 0.124 0.004 0.994 0.008 0.002 0.012 0.964 0.017 0.987 0.834 0.998 0.181 0.002 0.023 0.004 
21 visualA11 25 0.003 0.010 0.992 0.997 0.003 0.216 0.983 0.989 0.177 0.998 0.996 0.986 0.991 0.958 0.852 0.006 0.877 0.002 0.003 0.976 0.454 0.975 0.841 0.994 0.992 0.002 0.900 0.004 0.998 0.002 0.988 0.674 0.998 0.013 0.046 0.002 0.979 0.994 0.832 0.158 0.995 0.286 0.003 0.035 0.437 0.996 0.949 0.004 0.997 0.002 0.023 0.993 0.993 0.003 0.884 0.998 0.010 0.005 0.990 0.996 
22 visualA12 25 0.003 0.003 0.978 0.996 0.002 0.994 0.984 0.986 0.469 0.985 0.995 0.986 0.031 0.970 0.889 0.072 0.296 0.002 0.003 0.993 0.009 0.965 0.989 0.994 0.932 0.002 0.786 0.003 0.998 0.002 0.993 0.984 0.997 0.969 0.033 0.002 0.825 0.995 0.983 0.942 0.995 0.452 0.003 0.002 0.155 0.996 0.781 0.003 0.996 0.002 0.003 0.990 0.992 0.003 0.007 0.998 0.975 0.038 0.942 0.996 
23 visualA21 25 0.006 0.009 0.007 0.998 0.009 0.009 0.995 0.992 0.848 0.997 0.990 0.997 0.604 0.964 0.510 0.005 0.363 0.002 0.981 0.993 0.908 0.977 0.990 0.982 0.997 0.003 0.694 0.384 0.998 0.208 0.990 0.979 0.998 0.009 0.972 0.002 0.990 0.005 0.825 0.004 0.003 0.022 0.992 0.003 0.470 0.984 0.026 0.996 0.997 0.002 0.996 0.608 0.902 0.003 0.004 0.998 0.015 0.002 0.063 0.996 
24 visualA22 25 0.010 0.005 0.015 0.998 0.030 0.004 0.995 0.991 0.726 0.996 0.996 0.988 0.980 0.693 0.125 0.002 0.929 0.002 0.472 0.995 0.989 0.990 0.865 0.749 0.989 0.003 0.977 0.666 0.996 0.095 0.993 0.946 0.998 0.159 0.545 0.002 0.990 0.005 0.989 0.006 0.004 0.009 0.993 0.007 0.959 0.993 0.006 0.996 0.997 0.002 0.996 0.204 0.559 0.003 0.003 0.998 0.004 0.002 0.107 0.996 
25 visualB11 25 0.569 0.013 0.004 0.972 0.002 0.003 0.137 0.047 0.997 0.998 0.003 0.998 0.996 0.979 0.828 0.023 0.125 0.002 0.996 0.991 0.967 0.992 0.876 0.024 0.982 0.002 0.003 0.004 0.994 0.004 0.886 0.892 0.997 0.977 0.994 0.002 0.992 0.347 0.984 0.983 0.004 0.017 0.980 0.002 0.003 0.009 0.996 0.739 0.004 0.002 0.759 0.950 0.349 0.994 0.549 0.998 0.995 0.013 0.040 0.996 
26 visualB12 25 0.959 0.007 0.003 0.983 0.002 0.003 0.053 0.102 0.997 0.998 0.003 0.993 0.996 0.849 0.375 0.014 0.708 0.002 0.996 0.698 0.718 0.980 0.880 0.007 0.990 0.002 0.003 0.004 0.996 0.005 0.820 0.991 0.996 0.024 0.982 0.002 0.996 0.952 0.970 0.788 0.003 0.017 0.881 0.002 0.003 0.127 0.996 0.005 0.004 0.002 0.185 0.768 0.103 0.993 0.937 0.998 0.994 0.047 0.788 0.995 
27 visualB21 25 0.996 0.003 0.995 0.998 0.002 0.987 0.129 0.146 0.231 0.987 0.003 0.998 0.004 0.007 0.011 0.002 0.004 0.002 0.992 0.891 0.955 0.003 0.903 0.745 0.993 0.002 0.003 0.003 0.997 0.012 0.979 0.957 0.998 0.904 0.949 0.002 0.998 0.996 0.967 0.996 0.005 0.068 0.994 0.002 0.003 0.930 0.996 0.796 0.004 0.002 0.996 0.900 0.372 0.988 0.995 0.998 0.991 0.006 0.994 0.897 
28 visualB22 25 0.995 0.002 0.991 0.998 0.002 0.905 0.124 0.980 0.848 0.996 0.003 0.998 0.004 0.367 0.011 0.002 0.009 0.002 0.995 0.851 0.033 0.004 0.925 0.016 0.946 0.002 0.006 0.050 0.994 0.016 0.990 0.979 0.997 0.965 0.800 0.002 0.998 0.995 0.929 0.944 0.622 0.017 0.869 0.002 0.020 0.989 0.995 0.986 0.004 0.002 0.995 0.726 0.038 0.686 0.995 0.998 0.992 0.020 0.984 0.981 
29 visualC11 25 0.856 0.002 0.847 0.998 0.002 0.878 0.003 0.993 0.504 0.998 0.773 0.998 0.003 0.633 0.994 0.003 0.987 0.017 0.996 0.005 0.167 0.995 0.916 0.689 0.800 0.002 0.983 0.996 0.983 0.003 0.003 0.188 0.998 0.056 0.806 0.003 0.998 0.932 0.003 0.015 0.991 0.129 0.989 0.002 0.987 0.108 0.995 0.928 0.997 0.002 0.982 0.031 0.993 0.982 0.289 0.998 0.036 0.002 0.228 0.003 
30 visualC12 25 0.981 0.002 0.017 0.998 0.002 0.995 0.003 0.992 0.933 0.998 0.595 0.998 0.004 0.024 0.996 0.005 0.979 0.110 0.996 0.006 0.044 0.993 0.406 0.581 0.865 0.003 0.990 0.996 0.978 0.002 0.004 0.466 0.998 0.111 0.412 0.002 0.996 0.613 0.003 0.167 0.990 0.051 0.984 0.002 0.986 0.005 0.995 0.424 0.997 0.002 0.149 0.028 0.575 0.976 0.025 0.997 0.960 0.002 0.942 0.003 
31 visualC21 25 0.994 0.007 0.088 0.998 0.003 0.996 0.003 0.017 0.030 0.998 0.840 0.981 0.372 0.241 0.175 0.004 0.988 0.006 0.869 0.723 0.983 0.985 0.399 0.987 0.986 0.002 0.995 0.995 0.998 0.829 0.791 0.084 0.994 0.399 0.952 0.002 0.998 0.003 0.027 0.070 0.749 0.005 0.984 0.002 0.987 0.008 0.003 0.996 0.053 0.002 0.868 0.993 0.008 0.995 0.901 0.997 0.007 0.002 0.010 0.003 
32 visualC22 25 0.295 0.005 0.030 0.998 0.002 0.972 0.003 0.086 0.017 0.978 0.032 0.952 0.902 0.993 0.340 0.006 0.681 0.010 0.957 0.060 0.931 0.989 0.409 0.986 0.830 0.002 0.995 0.995 0.998 0.915 0.990 0.393 0.945 0.991 0.670 0.004 0.998 0.003 0.023 0.779 0.993 0.105 0.562 0.002 0.979 0.153 0.003 0.996 0.013 0.002 0.019 0.933 0.005 0.995 0.770 0.998 0.048 0.002 0.033 0.003 
