0 visualA11 25 0.020 0.987 0.978 0.015 0.992 0.988 0.005 0.995 0.001 0.000 0.014 0.615 0.986 0.845 0.345 0.318 0.966 0.002 0.984 0.001 0.003 0.001 0.974 0.002 0.002 0.016 0.990 0.001 0.846 0.512 0.985 0.988 0.001 0.008 0.003 0.988 0.970 0.880 0.989 0.001 0.001 0.271 0.994 0.002 0.763 0.987 0.987 0.002 0.986 0.994 0.780 0.984 0.989 0.916 0.682 0.001 0.001 0.982 0.199 0.006 
1 visualA12 25 0.008 0.986 0.994 0.057 0.988 0.988 0.047 0.995 0.001 0.001 0.045 0.696 0.924 0.210 0.482 0.960 0.875 0.001 0.983 0.001 0.003 0.004 0.992 0.001 0.002 0.025 0.628 0.002 0.303 0.566 0.973 0.808 0.001 0.012 0.002 0.982 0.701 0.828 0.981 0.001 0.001 0.985 0.994 0.001 0.013 0.983 0.975 0.007 0.767 0.994 0.992 0.991 0.523 0.953 0.987 0.001 0.001 0.395 0.087 0.854 
2 visualA21 25 0.329 0.994 0.819 0.988 0.002 0.984 0.308 0.995 0.029 0.000 0.982 0.982 0.003 0.673 0.779 0.932 0.160 0.477 0.020 0.066 0.041 0.038 0.002 0.002 0.002 0.042 0.981 0.001 0.994 0.993 0.278 0.993 0.001 0.009 0.973 0.989 0.972 0.961 0.002 0.002 0.001 0.003 0.755 0.001 0.018 0.992 0.644 0.002 0.457 0.949 0.003 0.311 0.845 0.234 0.943 0.001 0.991 0.565 0.002 0.010 
3 visualA22 25 0.405 0.992 0.787 0.721 0.023 0.985 0.577 0.995 0.003 0.000 0.483 0.978 0.011 0.822 0.585 0.189 0.640 0.591 0.022 0.003 0.020 0.005 0.002 0.002 0.001 0.042 0.989 0.001 0.995 0.993 0.977 0.994 0.001 0.015 0.059 0.987 0.690 0.979 0.056 0.001 0.001 0.003 0.987 0.001 0.096 0.993 0.919 0.001 0.418 0.990 0.001 0.944 0.988 0.313 0.624 0.001 0.954 0.952 0.001 0.004 
4 visualB11 25 0.993 0.972 0.016 0.002 0.986 0.991 0.003 0.002 0.011 0.000 0.009 0.056 0.974 0.642 0.296 0.078 0.987 0.807 0.993 0.989 0.652 0.945 0.002 0.800 0.992 0.154 0.991 0.018 0.483 0.007 0.991 0.983 0.022 0.677 0.994 0.002 0.255 0.964 0.981 0.001 0.973 0.005 0.001 0.001 0.994 0.002 0.013 0.994 0.995 0.002 0.905 0.978 0.983 0.835 0.906 0.994 0.240 0.878 0.186 0.001 
5 visualB12 25 0.993 0.838 0.004 0.002 0.957 0.764 0.002 0.002 0.029 0.000 0.050 0.151 0.985 0.988 0.680 0.975 0.785 0.979 0.994 0.987 0.099 0.947 0.003 0.038 0.992 0.277 0.987 0.023 0.199 0.029 0.990 0.991 0.005 0.781 0.994 0.002 0.990 0.713 0.813 0.001 0.941 0.012 0.006 0.001 0.994 0.004 0.941 0.994 0.995 0.002 0.891 0.985 0.981 0.431 0.343 0.994 0.903 0.951 0.016 0.001 
6 visualB21 25 0.994 0.988 0.052 0.991 0.992 0.600 0.001 0.001 0.006 0.000 0.976 0.004 0.307 0.148 0.473 0.129 0.892 0.992 0.989 0.991 0.002 0.150 0.993 0.002 0.987 0.006 0.294 0.607 0.943 0.985 0.043 0.003 0.003 0.532 0.994 0.057 0.010 0.780 0.419 0.001 0.994 0.858 0.135 0.343 0.987 0.001 0.994 0.037 0.994 0.001 0.208 0.184 0.007 0.446 0.330 0.002 0.958 0.167 0.780 0.001 
7 visualB22 25 0.994 0.991 0.754 0.991 0.977 0.913 0.001 0.001 0.017 0.000 0.307 0.007 0.811 0.676 0.898 0.054 0.944 0.993 0.975 0.988 0.002 0.922 0.994 0.003 0.984 0.002 0.043 0.253 0.988 0.952 0.019 0.002 0.001 0.653 0.994 0.825 0.004 0.757 0.019 0.001 0.994 0.956 0.263 0.520 0.752 0.001 0.994 0.010 0.994 0.001 0.087 0.005 0.002 0.940 0.694 0.001 0.554 0.270 0.988 0.001 
8 visualC11 25 0.001 0.001 0.985 0.130 0.983 0.992 0.981 0.052 0.071 0.000 0.994 0.872 0.983 0.594 0.058 0.034 0.957 0.584 0.990 0.939 0.995 0.976 0.004 0.994 0.493 0.979 0.967 0.001 0.002 0.046 0.028 0.143 0.983 0.810 0.137 0.010 0.017 0.003 0.926 0.053 0.990 0.016 0.001 0.987 0.001 0.985 0.002 0.988 0.001 0.992 0.994 0.991 0.958 0.993 0.029 0.002 0.211 0.763 0.866 0.987 
9 visualC12 25 0.001 0.001 0.986 0.723 0.985 0.843 0.973 0.261 0.159 0.000 0.993 0.974 0.923 0.683 0.552 0.831 0.901 0.024 0.991 0.099 0.994 0.987 0.003 0.994 0.578 0.987 0.923 0.001 0.001 0.016 0.026 0.417 0.991 0.274 0.043 0.004 0.036 0.001 0.527 0.398 0.990 0.023 0.002 0.963 0.002 0.990 0.001 0.987 0.001 0.993 0.993 0.992 0.746 0.993 0.014 0.002 0.653 0.653 0.986 0.984 
10 visualC21 25 0.001 0.002 0.987 0.707 0.003 0.101 0.817 0.008 0.911 0.001 0.022 0.029 0.986 0.940 0.014 0.471 0.003 0.980 0.001 0.987 0.994 0.992 0.992 0.995 0.993 0.181 0.026 0.001 0.002 0.001 0.988 0.043 0.031 0.014 0.002 0.978 0.972 0.088 0.120 0.929 0.954 0.961 0.783 0.978 0.001 0.597 0.003 0.895 0.001 0.954 0.626 0.002 0.272 0.580 0.415 0.993 0.210 0.466 0.893 0.991 
11 visualC22 25 0.001 0.002 0.991 0.989 0.002 0.014 0.962 0.028 0.844 0.001 0.012 0.912 0.341 0.908 0.038 0.822 0.001 0.719 0.001 0.993 0.995 0.992 0.991 0.995 0.993 0.102 0.052 0.001 0.002 0.001 0.985 0.011 0.848 0.009 0.002 0.993 0.281 0.035 0.009 0.978 0.098 0.939 0.769 0.976 0.001 0.962 0.002 0.938 0.001 0.796 0.012 0.001 0.499 0.224 0.056 0.994 0.957 0.322 0.818 0.990 
