0 verbalA 25 0.116 0.800 0.468 0.699 0.214 0.653 0.122 0.642 0.945 0.043 0.020 0.519 0.922 0.027 0.534 0.617 0.039 0.234 0.037 0.990 0.003 0.259 0.343 0.259 0.022 0.337 0.027 0.065 0.322 0.042 0.652 0.324 0.237 0.075 0.190 0.195 0.958 0.466 0.519 0.327 0.006 0.901 0.093 0.875 0.279 0.542 0.819 0.200 0.269 0.008 0.643 0.006 0.030 0.961 0.719 0.751 0.947 0.415 0.815 0.030 
1 verbalB 25 0.576 0.713 0.298 0.869 0.112 0.821 0.305 0.919 0.910 0.027 0.086 0.675 0.843 0.013 0.370 0.687 0.056 0.347 0.067 0.896 0.004 0.095 0.810 0.071 0.024 0.689 0.210 0.076 0.504 0.103 0.806 0.545 0.312 0.179 0.118 0.034 0.664 0.339 0.836 0.762 0.012 0.798 0.471 0.682 0.145 0.372 0.818 0.417 0.246 0.003 0.542 0.003 0.019 0.982 0.485 0.358 0.974 0.761 0.514 0.320 
2 verbalC 25 0.182 0.770 0.319 0.436 0.276 0.699 0.161 0.671 0.958 0.019 0.044 0.442 0.906 0.075 0.679 0.662 0.036 0.262 0.042 0.931 0.005 0.068 0.785 0.130 0.011 0.526 0.090 0.031 0.485 0.075 0.849 0.239 0.420 0.106 0.120 0.123 0.810 0.684 0.588 0.179 0.006 0.961 0.118 0.846 0.332 0.580 0.893 0.174 0.345 0.009 0.413 0.007 0.018 0.927 0.590 0.743 0.917 0.270 0.832 0.029 
3 verbalA1 25 0.475 0.817 0.151 0.870 0.213 0.869 0.377 0.832 0.966 0.030 0.285 0.201 0.865 0.011 0.392 0.805 0.204 0.334 0.035 0.962 0.003 0.148 0.498 0.197 0.051 0.622 0.285 0.042 0.411 0.072 0.872 0.518 0.556 0.191 0.115 0.068 0.797 0.636 0.612 0.419 0.010 0.910 0.164 0.738 0.310 0.597 0.839 0.344 0.428 0.018 0.317 0.002 0.013 0.976 0.643 0.761 0.992 0.180 0.795 0.077 
4 verbalA2 25 0.247 0.838 0.183 0.887 0.151 0.755 0.187 0.758 0.961 0.016 0.024 0.586 0.900 0.016 0.710 0.712 0.067 0.316 0.017 0.991 0.002 0.094 0.551 0.102 0.023 0.452 0.124 0.070 0.272 0.028 0.762 0.300 0.512 0.060 0.119 0.109 0.874 0.261 0.513 0.555 0.004 0.935 0.147 0.848 0.212 0.375 0.900 0.453 0.622 0.005 0.481 0.003 0.007 0.980 0.802 0.612 0.977 0.373 0.831 0.154 
5 verbalB1 25 0.191 0.674 0.356 0.871 0.066 0.914 0.370 0.739 0.943 0.025 0.168 0.423 0.697 0.033 0.426 0.569 0.112 0.431 0.245 0.919 0.009 0.217 0.531 0.177 0.052 0.727 0.453 0.237 0.264 0.143 0.855 0.644 0.256 0.100 0.028 0.067 0.672 0.812 0.544 0.560 0.005 0.837 0.703 0.707 0.286 0.243 0.837 0.654 0.335 0.005 0.236 0.004 0.198 0.994 0.365 0.110 0.981 0.320 0.753 0.388 
6 verbalB2 25 0.416 0.632 0.123 0.892 0.381 0.816 0.114 0.837 0.846 0.032 0.065 0.731 0.797 0.010 0.387 0.757 0.161 0.261 0.016 0.933 0.005 0.435 0.845 0.123 0.016 0.598 0.295 0.056 0.732 0.067 0.642 0.829 0.757 0.094 0.090 0.086 0.430 0.341 0.889 0.748 0.010 0.885 0.853 0.762 0.074 0.481 0.819 0.209 0.250 0.007 0.593 0.002 0.016 0.986 0.676 0.136 0.976 0.727 0.815 0.227 
7 verbalC1 25 0.047 0.508 0.469 0.732 0.190 0.814 0.203 0.449 0.990 0.033 0.164 0.359 0.753 0.036 0.571 0.616 0.046 0.259 0.094 0.977 0.003 0.484 0.599 0.242 0.041 0.433 0.085 0.085 0.310 0.046 0.573 0.699 0.322 0.514 0.148 0.088 0.882 0.602 0.746 0.344 0.016 0.920 0.365 0.793 0.109 0.433 0.849 0.132 0.140 0.010 0.423 0.003 0.025 0.972 0.381 0.307 0.969 0.264 0.709 0.097 
8 verbalC2 25 0.290 0.885 0.147 0.733 0.221 0.940 0.150 0.544 0.989 0.022 0.134 0.272 0.895 0.018 0.449 0.677 0.104 0.273 0.048 0.909 0.004 0.040 0.628 0.116 0.050 0.684 0.445 0.043 0.570 0.059 0.823 0.809 0.386 0.034 0.088 0.109 0.517 0.587 0.419 0.480 0.005 0.959 0.393 0.848 0.321 0.583 0.917 0.389 0.465 0.016 0.476 0.002 0.037 0.985 0.686 0.432 0.984 0.212 0.840 0.369 
9 verbalA11 25 0.233 0.792 0.134 0.892 0.241 0.945 0.252 0.738 0.984 0.013 0.356 0.156 0.784 0.017 0.485 0.656 0.166 0.381 0.046 0.851 0.006 0.079 0.518 0.123 0.048 0.733 0.418 0.141 0.534 0.107 0.894 0.878 0.212 0.070 0.064 0.075 0.653 0.722 0.397 0.351 0.008 0.925 0.556 0.753 0.173 0.518 0.900 0.392 0.318 0.020 0.143 0.003 0.038 0.985 0.449 0.439 0.979 0.096 0.742 0.199 
10 verbalA12 25 0.084 0.725 0.599 0.585 0.397 0.769 0.209 0.556 0.904 0.040 0.045 0.399 0.795 0.031 0.631 0.376 0.029 0.222 0.316 0.915 0.003 0.292 0.510 0.169 0.073 0.289 0.312 0.238 0.380 0.047 0.831 0.342 0.299 0.064 0.043 0.095 0.838 0.531 0.325 0.549 0.004 0.829 0.153 0.901 0.222 0.655 0.797 0.728 0.488 0.004 0.469 0.007 0.015 0.983 0.375 0.442 0.986 0.335 0.875 0.325 
11 verbalA21 25 0.268 0.731 0.447 0.639 0.098 0.761 0.184 0.708 0.969 0.072 0.032 0.470 0.861 0.016 0.502 0.378 0.129 0.402 0.051 0.977 0.003 0.167 0.444 0.131 0.034 0.283 0.059 0.136 0.504 0.056 0.781 0.464 0.254 0.034 0.032 0.093 0.803 0.323 0.692 0.488 0.004 0.956 0.113 0.779 0.357 0.774 0.797 0.432 0.270 0.010 0.827 0.003 0.033 0.965 0.570 0.208 0.914 0.567 0.901 0.166 
12 verbalA22 25 0.130 0.694 0.211 0.793 0.130 0.824 0.307 0.645 0.984 0.015 0.076 0.348 0.888 0.034 0.549 0.796 0.050 0.326 0.049 0.978 0.003 0.049 0.555 0.220 0.024 0.658 0.135 0.072 0.529 0.062 0.791 0.641 0.274 0.284 0.111 0.153 0.864 0.644 0.724 0.417 0.007 0.948 0.419 0.817 0.250 0.544 0.899 0.222 0.150 0.013 0.490 0.003 0.015 0.977 0.663 0.609 0.963 0.249 0.840 0.122 
13 verbalB11 25 0.255 0.680 0.243 0.719 0.344 0.624 0.197 0.859 0.945 0.050 0.060 0.442 0.833 0.016 0.323 0.771 0.071 0.391 0.043 0.980 0.004 0.245 0.667 0.208 0.057 0.470 0.202 0.106 0.345 0.096 0.841 0.726 0.619 0.202 0.091 0.157 0.597 0.435 0.851 0.679 0.022 0.849 0.597 0.702 0.129 0.656 0.685 0.190 0.187 0.012 0.292 0.009 0.078 0.990 0.591 0.422 0.986 0.486 0.644 0.132 
14 verbalB12 25 0.089 0.751 0.138 0.767 0.270 0.772 0.152 0.828 0.961 0.069 0.081 0.615 0.695 0.043 0.504 0.795 0.020 0.359 0.056 0.973 0.002 0.200 0.498 0.254 0.046 0.491 0.449 0.027 0.623 0.064 0.702 0.444 0.274 0.076 0.105 0.145 0.550 0.505 0.343 0.269 0.012 0.912 0.304 0.948 0.193 0.473 0.834 0.175 0.158 0.012 0.710 0.003 0.025 0.958 0.502 0.519 0.953 0.666 0.952 0.138 
15 verbalB21 25 0.136 0.725 0.235 0.898 0.281 0.898 0.304 0.761 0.936 0.030 0.111 0.380 0.576 0.026 0.519 0.387 0.204 0.289 0.163 0.946 0.003 0.268 0.347 0.073 0.041 0.534 0.491 0.111 0.669 0.114 0.775 0.655 0.179 0.084 0.047 0.108 0.762 0.485 0.460 0.731 0.004 0.904 0.537 0.778 0.192 0.585 0.789 0.786 0.220 0.006 0.554 0.003 0.051 0.986 0.402 0.067 0.973 0.481 0.901 0.393 
16 verbalB22 25 0.121 0.587 0.129 0.780 0.345 0.835 0.340 0.796 0.954 0.020 0.080 0.401 0.886 0.015 0.593 0.483 0.048 0.273 0.039 0.975 0.003 0.142 0.417 0.255 0.026 0.337 0.155 0.074 0.408 0.123 0.770 0.548 0.422 0.116 0.123 0.121 0.855 0.643 0.621 0.495 0.014 0.923 0.119 0.807 0.328 0.845 0.715 0.453 0.155 0.022 0.673 0.004 0.015 0.981 0.647 0.681 0.946 0.305 0.933 0.025 
17 verbalC11 25 0.140 0.825 0.507 0.783 0.173 0.558 0.179 0.652 0.973 0.050 0.061 0.365 0.808 0.020 0.614 0.607 0.277 0.389 0.053 0.968 0.002 0.351 0.517 0.248 0.063 0.617 0.065 0.140 0.274 0.100 0.865 0.501 0.487 0.163 0.254 0.182 0.883 0.672 0.796 0.318 0.007 0.943 0.208 0.836 0.285 0.571 0.637 0.284 0.270 0.009 0.351 0.003 0.029 0.980 0.639 0.754 0.987 0.289 0.904 0.041 
18 verbalC12 25 0.035 0.503 0.315 0.780 0.270 0.759 0.178 0.534 0.978 0.058 0.033 0.407 0.802 0.034 0.526 0.502 0.028 0.109 0.043 0.982 0.003 0.336 0.148 0.519 0.021 0.139 0.044 0.107 0.232 0.037 0.371 0.588 0.229 0.087 0.078 0.340 0.873 0.368 0.314 0.554 0.007 0.889 0.263 0.841 0.194 0.591 0.757 0.384 0.231 0.008 0.619 0.004 0.038 0.980 0.805 0.441 0.950 0.391 0.893 0.064 
19 verbalC21 25 0.147 0.817 0.311 0.848 0.147 0.817 0.150 0.618 0.986 0.015 0.133 0.331 0.795 0.022 0.611 0.686 0.055 0.231 0.059 0.968 0.004 0.123 0.452 0.229 0.039 0.523 0.116 0.064 0.373 0.043 0.723 0.555 0.242 0.179 0.233 0.112 0.841 0.697 0.628 0.196 0.007 0.940 0.157 0.788 0.377 0.516 0.771 0.177 0.199 0.017 0.485 0.003 0.015 0.977 0.652 0.648 0.954 0.126 0.841 0.076 
20 verbalC22 25 0.027 0.816 0.523 0.534 0.240 0.726 0.101 0.378 0.989 0.042 0.047 0.365 0.553 0.049 0.657 0.573 0.074 0.178 0.030 0.957 0.016 0.493 0.457 0.104 0.051 0.309 0.085 0.212 0.500 0.024 0.488 0.693 0.334 0.132 0.048 0.153 0.668 0.706 0.456 0.395 0.006 0.882 0.492 0.909 0.190 0.504 0.807 0.533 0.158 0.013 0.449 0.008 0.040 0.974 0.526 0.436 0.976 0.508 0.764 0.213 
21 visualA11 25 0.025 0.880 0.458 0.583 0.089 0.727 0.241 0.795 0.995 0.341 0.436 0.477 0.404 0.050 0.463 0.349 0.086 0.085 0.058 0.940 0.002 0.506 0.414 0.052 0.108 0.157 0.151 0.329 0.353 0.041 0.393 0.579 0.312 0.432 0.193 0.097 0.369 0.858 0.085 0.285 0.007 0.924 0.171 0.716 0.366 0.729 0.616 0.615 0.240 0.027 0.603 0.002 0.011 0.963 0.299 0.624 0.889 0.395 0.960 0.118 
22 visualA12 25 0.074 0.796 0.134 0.810 0.058 0.787 0.119 0.933 0.998 0.270 0.640 0.561 0.459 0.011 0.346 0.731 0.125 0.624 0.108 0.787 0.003 0.198 0.702 0.096 0.040 0.588 0.510 0.123 0.606 0.490 0.763 0.872 0.471 0.533 0.248 0.127 0.288 0.936 0.814 0.142 0.005 0.828 0.606 0.599 0.073 0.696 0.745 0.166 0.398 0.018 0.252 0.002 0.100 0.995 0.234 0.220 0.962 0.119 0.845 0.466 
23 visualA21 25 0.346 0.724 0.160 0.822 0.029 0.812 0.190 0.796 0.994 0.242 0.196 0.455 0.880 0.039 0.470 0.629 0.253 0.241 0.032 0.894 0.003 0.232 0.671 0.093 0.051 0.242 0.121 0.155 0.489 0.052 0.483 0.628 0.713 0.321 0.331 0.238 0.421 0.868 0.822 0.442 0.009 0.937 0.095 0.383 0.566 0.809 0.544 0.341 0.278 0.031 0.708 0.002 0.005 0.958 0.648 0.750 0.947 0.164 0.863 0.013 
24 visualA22 25 0.135 0.761 0.167 0.613 0.040 0.747 0.153 0.710 0.996 0.165 0.322 0.531 0.902 0.026 0.474 0.690 0.053 0.273 0.056 0.936 0.004 0.295 0.866 0.038 0.036 0.262 0.066 0.108 0.456 0.089 0.435 0.767 0.678 0.408 0.259 0.212 0.601 0.945 0.833 0.378 0.013 0.926 0.216 0.622 0.282 0.869 0.749 0.182 0.214 0.046 0.590 0.003 0.022 0.964 0.518 0.709 0.914 0.200 0.669 0.023 
25 visualB11 25 0.011 0.403 0.832 0.454 0.160 0.295 0.494 0.552 0.980 0.021 0.049 0.120 0.762 0.025 0.297 0.760 0.007 0.122 0.030 0.991 0.005 0.445 0.188 0.478 0.054 0.246 0.260 0.196 0.927 0.083 0.612 0.344 0.262 0.250 0.011 0.433 0.334 0.589 0.322 0.736 0.002 0.708 0.036 0.933 0.053 0.958 0.961 0.022 0.168 0.056 0.723 0.002 0.043 0.978 0.195 0.385 0.972 0.513 0.780 0.083 
26 visualB12 25 0.045 0.861 0.897 0.604 0.287 0.895 0.324 0.777 0.965 0.032 0.036 0.335 0.516 0.025 0.375 0.553 0.027 0.219 0.047 0.979 0.005 0.497 0.235 0.247 0.049 0.315 0.320 0.184 0.752 0.038 0.573 0.197 0.268 0.054 0.025 0.134 0.693 0.600 0.406 0.773 0.002 0.692 0.130 0.908 0.039 0.891 0.970 0.091 0.177 0.009 0.510 0.002 0.023 0.976 0.231 0.526 0.954 0.612 0.724 0.179 
27 visualB21 25 0.029 0.730 0.725 0.489 0.261 0.550 0.717 0.659 0.959 0.075 0.016 0.204 0.843 0.007 0.201 0.809 0.028 0.443 0.192 0.966 0.003 0.149 0.389 0.386 0.137 0.787 0.258 0.194 0.610 0.025 0.983 0.097 0.668 0.137 0.101 0.130 0.822 0.667 0.860 0.334 0.007 0.879 0.039 0.943 0.055 0.892 0.832 0.110 0.326 0.029 0.593 0.003 0.026 0.906 0.520 0.871 0.993 0.284 0.871 0.076 
28 visualB22 25 0.038 0.696 0.675 0.541 0.249 0.424 0.340 0.855 0.968 0.053 0.007 0.224 0.815 0.008 0.236 0.794 0.040 0.321 0.061 0.967 0.002 0.255 0.510 0.349 0.029 0.598 0.283 0.159 0.798 0.041 0.869 0.160 0.438 0.099 0.035 0.129 0.715 0.471 0.353 0.480 0.003 0.887 0.081 0.967 0.075 0.619 0.844 0.097 0.529 0.010 0.693 0.002 0.026 0.979 0.555 0.552 0.991 0.518 0.835 0.052 
29 visualC11 25 0.284 0.521 0.536 0.516 0.065 0.711 0.249 0.784 0.950 0.059 0.160 0.333 0.948 0.026 0.422 0.713 0.019 0.384 0.062 0.984 0.002 0.192 0.830 0.050 0.021 0.355 0.087 0.032 0.443 0.055 0.770 0.268 0.433 0.381 0.050 0.076 0.972 0.339 0.689 0.543 0.004 0.834 0.240 0.729 0.085 0.505 0.909 0.225 0.267 0.008 0.601 0.002 0.044 0.973 0.449 0.071 0.991 0.805 0.778 0.054 
30 visualC12 25 0.449 0.335 0.769 0.665 0.042 0.817 0.328 0.575 0.908 0.105 0.091 0.439 0.958 0.016 0.421 0.578 0.025 0.291 0.124 0.951 0.002 0.203 0.966 0.089 0.028 0.347 0.082 0.079 0.334 0.042 0.818 0.275 0.659 0.121 0.134 0.112 0.992 0.428 0.679 0.707 0.004 0.373 0.362 0.693 0.061 0.316 0.807 0.544 0.687 0.003 0.531 0.002 0.026 0.990 0.527 0.054 0.995 0.800 0.510 0.075 
31 visualC21 25 0.305 0.883 0.356 0.930 0.317 0.863 0.101 0.832 0.949 0.008 0.350 0.406 0.643 0.068 0.452 0.542 0.339 0.143 0.050 0.935 0.003 0.319 0.685 0.044 0.029 0.689 0.543 0.205 0.641 0.077 0.833 0.355 0.334 0.041 0.123 0.125 0.955 0.728 0.193 0.485 0.003 0.672 0.563 0.710 0.098 0.309 0.563 0.873 0.360 0.003 0.381 0.003 0.046 0.994 0.286 0.038 0.982 0.582 0.846 0.426 
32 visualC22 25 0.401 0.685 0.371 0.807 0.099 0.862 0.301 0.745 0.956 0.087 0.052 0.636 0.930 0.009 0.516 0.575 0.066 0.331 0.061 0.970 0.003 0.134 0.868 0.131 0.012 0.516 0.104 0.121 0.397 0.018 0.795 0.136 0.530 0.018 0.248 0.204 0.969 0.697 0.401 0.610 0.005 0.682 0.389 0.646 0.130 0.434 0.748 0.501 0.729 0.002 0.425 0.003 0.016 0.993 0.669 0.161 0.988 0.644 0.729 0.190 
