0 verbalA 25 0.987 0.404 0.035 0.014 0.955 0.700 0.002 0.042 0.994 0.959 0.922 0.003 0.994 0.993 0.980 0.995 0.038 0.989 0.990 0.991 0.994 0.974 0.991 0.984 0.991 0.992 0.993 0.994 0.993 0.985 0.993 0.095 0.989 0.394 0.884 0.994 0.994 0.929 0.061 0.974 0.068 0.988 0.029 0.007 0.461 0.009 0.993 0.914 0.012 0.994 0.979 0.993 0.056 0.414 0.994 0.984 0.990 0.866 0.991 0.736 
1 verbalB 25 0.865 0.617 0.014 0.003 0.991 0.849 0.002 0.991 0.988 0.981 0.992 0.002 0.992 0.994 0.989 0.864 0.143 0.993 0.969 0.994 0.995 0.982 0.992 0.989 0.986 0.991 0.986 0.993 0.022 0.992 0.993 0.754 0.954 0.944 0.948 0.991 0.965 0.939 0.995 0.992 0.012 0.973 0.810 0.007 0.973 0.005 0.983 0.981 0.056 0.993 0.958 0.993 0.123 0.968 0.985 0.760 0.541 0.026 0.938 0.928 
2 verbalC 25 0.890 0.812 0.016 0.003 0.983 0.972 0.002 0.011 0.995 0.968 0.991 0.002 0.009 0.993 0.930 0.218 0.405 0.994 0.988 0.994 0.977 0.979 0.993 0.971 0.825 0.930 0.986 0.994 0.382 0.990 0.976 0.015 0.995 0.140 0.009 0.965 0.872 0.805 0.988 0.467 0.259 0.992 0.298 0.007 0.038 0.319 0.978 0.016 0.993 0.994 0.064 0.994 0.016 0.343 0.832 0.990 0.992 0.121 0.993 0.060 
3 verbalA1 25 0.996 0.009 0.967 0.005 0.047 0.737 0.002 0.034 0.004 0.014 0.991 0.003 0.996 0.452 0.004 0.996 0.021 0.386 0.976 0.995 0.990 0.987 0.034 0.947 0.923 0.993 0.947 0.992 0.994 0.960 0.550 0.072 0.990 0.910 0.843 0.995 0.995 0.975 0.004 0.940 0.022 0.311 0.970 0.014 0.992 0.239 0.322 0.991 0.004 0.993 0.103 0.995 0.026 0.004 0.993 0.992 0.993 0.993 0.988 0.992 
4 verbalA2 25 0.979 0.996 0.012 0.009 0.921 0.949 0.002 0.006 0.995 0.979 0.008 0.002 0.995 0.984 0.996 0.985 0.912 0.860 0.992 0.016 0.992 0.974 0.992 0.988 0.985 0.900 0.995 0.994 0.996 0.638 0.994 0.085 0.292 0.823 0.988 0.996 0.961 0.480 0.003 0.898 0.012 0.994 0.390 0.008 0.023 0.153 0.978 0.994 0.004 0.994 0.037 0.984 0.015 0.935 0.994 0.994 0.993 0.948 0.985 0.010 
5 verbalB1 25 0.988 0.777 0.006 0.004 0.877 0.993 0.002 0.996 0.008 0.226 0.989 0.002 0.989 0.995 0.898 0.947 0.005 0.695 0.994 0.670 0.995 0.978 0.994 0.352 0.989 0.982 0.992 0.927 0.007 0.990 0.994 0.038 0.742 0.995 0.996 0.995 0.884 0.949 0.996 0.524 0.004 0.996 0.598 0.014 0.995 0.005 0.984 0.958 0.673 0.952 0.266 0.922 0.011 0.412 0.350 0.050 0.005 0.004 0.993 0.996 
6 verbalB2 25 0.046 0.020 0.003 0.015 0.927 0.830 0.002 0.374 0.991 0.995 0.992 0.002 0.994 0.266 0.996 0.149 0.946 0.994 0.779 0.982 0.995 0.981 0.990 0.991 0.987 0.952 0.124 0.212 0.352 0.987 0.993 0.980 0.992 0.747 0.995 0.004 0.984 0.315 0.996 0.990 0.003 0.913 0.920 0.012 0.987 0.005 0.073 0.994 0.383 0.993 0.742 0.993 0.994 0.996 0.987 0.522 0.793 0.005 0.003 0.007 
7 verbalC1 25 0.007 0.048 0.026 0.002 0.928 0.995 0.002 0.003 0.995 0.004 0.996 0.002 0.003 0.996 0.633 0.983 0.004 0.995 0.434 0.995 0.129 0.969 0.982 0.993 0.992 0.540 0.006 0.994 0.008 0.118 0.991 0.970 0.994 0.874 0.004 0.863 0.100 0.088 0.142 0.996 0.009 0.005 0.469 0.005 0.006 0.996 0.997 0.003 0.997 0.027 0.013 0.981 0.955 0.011 0.028 0.902 0.994 0.752 0.995 0.995 
8 verbalC2 25 0.993 0.970 0.017 0.002 0.992 0.975 0.002 0.004 0.995 0.996 0.996 0.003 0.004 0.841 0.014 0.128 0.965 0.994 0.663 0.992 0.299 0.993 0.995 0.005 0.547 0.991 0.864 0.834 0.938 0.992 0.018 0.006 0.995 0.773 0.004 0.233 0.161 0.775 0.996 0.411 0.007 0.993 0.005 0.296 0.203 0.977 0.005 0.416 0.973 0.993 0.023 0.993 0.006 0.010 0.994 0.991 0.993 0.996 0.994 0.004 
9 verbalA11 25 0.996 0.013 0.882 0.016 0.021 0.016 0.002 0.214 0.004 0.008 0.941 0.007 0.995 0.399 0.004 0.996 0.015 0.053 0.882 0.994 0.607 0.994 0.006 0.932 0.991 0.933 0.897 0.989 0.994 0.672 0.036 0.295 0.758 0.899 0.427 0.994 0.994 0.954 0.004 0.778 0.027 0.093 0.468 0.021 0.993 0.018 0.780 0.987 0.006 0.993 0.594 0.994 0.183 0.004 0.991 0.970 0.990 0.995 0.840 0.351 
10 verbalA12 25 0.996 0.006 0.957 0.017 0.426 0.268 0.002 0.086 0.004 0.013 0.491 0.010 0.995 0.007 0.004 0.995 0.940 0.146 0.959 0.995 0.917 0.925 0.012 0.884 0.594 0.987 0.947 0.965 0.990 0.987 0.035 0.237 0.694 0.984 0.006 0.995 0.983 0.964 0.004 0.120 0.076 0.488 0.978 0.286 0.993 0.935 0.106 0.995 0.005 0.993 0.802 0.994 0.052 0.004 0.994 0.993 0.974 0.993 0.992 0.993 
11 verbalA21 25 0.990 0.996 0.036 0.010 0.991 0.012 0.002 0.004 0.995 0.688 0.005 0.003 0.991 0.992 0.996 0.515 0.990 0.966 0.993 0.033 0.981 0.298 0.974 0.965 0.039 0.036 0.995 0.993 0.993 0.065 0.980 0.007 0.039 0.895 0.979 0.995 0.913 0.742 0.003 0.919 0.018 0.974 0.027 0.006 0.969 0.051 0.708 0.995 0.005 0.994 0.012 0.815 0.251 0.257 0.994 0.993 0.993 0.886 0.969 0.004 
12 verbalA22 25 0.858 0.996 0.023 0.023 0.947 0.949 0.003 0.023 0.994 0.994 0.005 0.004 0.991 0.660 0.996 0.994 0.973 0.820 0.993 0.009 0.992 0.753 0.704 0.423 0.977 0.994 0.995 0.994 0.995 0.895 0.982 0.702 0.365 0.670 0.952 0.995 0.976 0.459 0.004 0.613 0.009 0.994 0.557 0.010 0.007 0.312 0.992 0.942 0.005 0.993 0.992 0.905 0.009 0.337 0.993 0.992 0.974 0.751 0.987 0.084 
13 verbalB11 25 0.958 0.966 0.015 0.014 0.978 0.831 0.003 0.995 0.005 0.009 0.954 0.002 0.805 0.995 0.125 0.030 0.013 0.935 0.924 0.234 0.995 0.711 0.991 0.011 0.241 0.857 0.993 0.972 0.004 0.993 0.994 0.682 0.564 0.992 0.996 0.995 0.738 0.752 0.996 0.159 0.005 0.996 0.823 0.077 0.995 0.005 0.991 0.992 0.700 0.852 0.175 0.195 0.009 0.042 0.011 0.241 0.004 0.005 0.984 0.995 
14 verbalB12 25 0.898 0.992 0.013 0.004 0.920 0.992 0.004 0.995 0.004 0.035 0.957 0.004 0.950 0.989 0.909 0.204 0.024 0.714 0.984 0.142 0.995 0.875 0.993 0.006 0.915 0.693 0.993 0.497 0.006 0.992 0.991 0.859 0.039 0.998 0.996 0.994 0.051 0.616 0.996 0.233 0.002 0.995 0.987 0.042 0.990 0.005 0.989 0.981 0.980 0.047 0.444 0.026 0.011 0.160 0.039 0.040 0.005 0.005 0.962 0.995 
15 verbalB21 25 0.006 0.005 0.057 0.002 0.927 0.908 0.002 0.992 0.047 0.995 0.959 0.002 0.993 0.619 0.995 0.316 0.042 0.520 0.753 0.978 0.993 0.870 0.055 0.991 0.984 0.992 0.129 0.007 0.015 0.963 0.994 0.960 0.922 0.995 0.995 0.006 0.995 0.430 0.996 0.922 0.003 0.957 0.995 0.532 0.891 0.005 0.017 0.898 0.615 0.244 0.991 0.884 0.995 0.996 0.112 0.028 0.005 0.005 0.004 0.955 
16 verbalB22 25 0.224 0.022 0.003 0.020 0.975 0.043 0.002 0.987 0.749 0.986 0.992 0.002 0.994 0.993 0.994 0.034 0.915 0.987 0.354 0.986 0.990 0.979 0.950 0.992 0.992 0.610 0.716 0.070 0.021 0.989 0.993 0.912 0.561 0.801 0.995 0.766 0.661 0.147 0.996 0.993 0.006 0.973 0.993 0.013 0.993 0.005 0.435 0.990 0.947 0.989 0.567 0.992 0.993 0.996 0.960 0.363 0.212 0.005 0.006 0.049 
17 verbalC11 25 0.005 0.280 0.047 0.002 0.956 0.994 0.002 0.004 0.995 0.008 0.982 0.003 0.003 0.995 0.976 0.962 0.004 0.994 0.119 0.994 0.064 0.636 0.984 0.994 0.992 0.110 0.005 0.994 0.006 0.049 0.991 0.927 0.993 0.855 0.004 0.263 0.011 0.016 0.018 0.994 0.015 0.005 0.498 0.007 0.014 0.990 0.996 0.005 0.996 0.014 0.022 0.804 0.993 0.039 0.025 0.887 0.991 0.071 0.987 0.994 
18 verbalC12 25 0.005 0.350 0.061 0.002 0.436 0.975 0.002 0.004 0.994 0.005 0.993 0.003 0.004 0.995 0.034 0.936 0.005 0.994 0.038 0.994 0.041 0.754 0.677 0.979 0.919 0.914 0.006 0.994 0.005 0.898 0.918 0.986 0.993 0.977 0.004 0.048 0.189 0.151 0.586 0.995 0.016 0.004 0.177 0.010 0.007 0.996 0.996 0.004 0.996 0.052 0.038 0.787 0.916 0.018 0.007 0.964 0.994 0.932 0.994 0.994 
19 verbalC21 25 0.137 0.996 0.015 0.002 0.955 0.991 0.002 0.007 0.995 0.995 0.995 0.004 0.005 0.022 0.014 0.206 0.995 0.992 0.028 0.992 0.163 0.991 0.995 0.004 0.982 0.993 0.084 0.950 0.940 0.961 0.011 0.536 0.980 0.829 0.004 0.003 0.030 0.256 0.996 0.959 0.005 0.993 0.101 0.006 0.273 0.141 0.006 0.005 0.924 0.975 0.261 0.990 0.647 0.019 0.041 0.993 0.990 0.715 0.731 0.004 
20 verbalC22 25 0.995 0.092 0.022 0.002 0.992 0.993 0.002 0.016 0.995 0.995 0.996 0.002 0.005 0.978 0.037 0.480 0.961 0.992 0.142 0.953 0.007 0.938 0.995 0.006 0.942 0.994 0.985 0.652 0.708 0.993 0.004 0.007 0.986 0.493 0.004 0.005 0.153 0.834 0.995 0.106 0.017 0.991 0.005 0.988 0.007 0.993 0.006 0.006 0.996 0.678 0.978 0.993 0.005 0.021 0.991 0.985 0.994 0.996 0.978 0.005 
21 visualA11 25 0.996 0.127 0.090 0.008 0.006 0.005 0.002 0.060 0.005 0.009 0.062 0.011 0.994 0.190 0.004 0.996 0.412 0.012 0.579 0.989 0.220 0.993 0.003 0.943 0.989 0.030 0.706 0.486 0.994 0.013 0.028 0.116 0.088 0.971 0.763 0.991 0.994 0.723 0.003 0.127 0.012 0.115 0.139 0.046 0.995 0.069 0.089 0.996 0.005 0.996 0.156 0.994 0.934 0.003 0.995 0.857 0.995 0.996 0.164 0.005 
22 visualA12 25 0.996 0.009 0.967 0.018 0.392 0.046 0.002 0.296 0.005 0.032 0.447 0.006 0.995 0.004 0.004 0.996 0.990 0.142 0.944 0.993 0.945 0.944 0.008 0.754 0.353 0.992 0.985 0.992 0.996 0.985 0.022 0.434 0.169 0.988 0.007 0.993 0.984 0.969 0.003 0.112 0.051 0.770 0.980 0.165 0.996 0.773 0.032 0.995 0.004 0.996 0.944 0.994 0.027 0.003 0.995 0.995 0.965 0.996 0.986 0.995 
23 visualA21 25 0.996 0.997 0.041 0.009 0.990 0.007 0.002 0.006 0.995 0.738 0.008 0.003 0.995 0.993 0.995 0.200 0.973 0.969 0.995 0.036 0.993 0.289 0.976 0.974 0.021 0.028 0.994 0.995 0.994 0.058 0.988 0.006 0.026 0.910 0.991 0.991 0.951 0.712 0.004 0.901 0.011 0.931 0.027 0.006 0.983 0.067 0.476 0.994 0.005 0.995 0.007 0.822 0.094 0.412 0.993 0.991 0.993 0.966 0.992 0.005 
24 visualA22 25 0.983 0.996 0.065 0.025 0.650 0.929 0.004 0.185 0.994 0.995 0.004 0.003 0.995 0.276 0.995 0.993 0.953 0.062 0.995 0.004 0.971 0.973 0.251 0.814 0.989 0.993 0.995 0.995 0.995 0.800 0.935 0.616 0.074 0.945 0.990 0.993 0.994 0.175 0.003 0.117 0.003 0.988 0.347 0.012 0.006 0.178 0.990 0.737 0.005 0.996 0.994 0.987 0.003 0.185 0.990 0.993 0.935 0.535 0.990 0.580 
25 visualB11 25 0.480 0.686 0.008 0.003 0.886 0.988 0.003 0.992 0.003 0.011 0.750 0.002 0.703 0.991 0.705 0.092 0.006 0.136 0.964 0.046 0.993 0.316 0.995 0.022 0.414 0.786 0.995 0.049 0.004 0.991 0.996 0.139 0.281 0.998 0.995 0.995 0.719 0.768 0.996 0.110 0.005 0.996 0.991 0.881 0.997 0.005 0.977 0.991 0.961 0.005 0.232 0.017 0.120 0.520 0.005 0.008 0.003 0.004 0.865 0.994 
26 visualB12 25 0.628 0.130 0.007 0.003 0.792 0.580 0.002 0.992 0.003 0.391 0.984 0.002 0.995 0.988 0.994 0.096 0.151 0.799 0.458 0.884 0.992 0.915 0.995 0.795 0.931 0.440 0.984 0.063 0.004 0.972 0.995 0.929 0.073 0.998 0.994 0.955 0.629 0.356 0.995 0.631 0.002 0.996 0.956 0.301 0.997 0.005 0.975 0.996 0.992 0.064 0.954 0.082 0.951 0.996 0.027 0.004 0.003 0.004 0.033 0.991 
27 visualB21 25 0.004 0.004 0.065 0.002 0.924 0.878 0.002 0.993 0.037 0.995 0.962 0.002 0.994 0.173 0.994 0.071 0.010 0.200 0.542 0.982 0.993 0.171 0.026 0.984 0.917 0.994 0.011 0.004 0.005 0.438 0.996 0.988 0.979 0.997 0.994 0.003 0.994 0.353 0.996 0.868 0.002 0.991 0.990 0.975 0.965 0.011 0.008 0.985 0.646 0.154 0.995 0.294 0.996 0.996 0.207 0.008 0.003 0.004 0.004 0.986 
28 visualB22 25 0.031 0.027 0.004 0.016 0.990 0.051 0.002 0.995 0.548 0.973 0.995 0.002 0.995 0.992 0.995 0.017 0.936 0.994 0.595 0.979 0.992 0.988 0.982 0.994 0.992 0.827 0.918 0.485 0.008 0.992 0.995 0.988 0.417 0.879 0.990 0.968 0.389 0.471 0.995 0.994 0.004 0.983 0.993 0.011 0.997 0.005 0.408 0.994 0.937 0.985 0.674 0.993 0.989 0.995 0.854 0.561 0.486 0.005 0.012 0.171 
29 visualC11 25 0.004 0.904 0.195 0.002 0.920 0.994 0.002 0.003 0.995 0.004 0.986 0.003 0.003 0.991 0.801 0.904 0.006 0.991 0.052 0.996 0.015 0.326 0.960 0.996 0.986 0.059 0.004 0.996 0.004 0.041 0.986 0.990 0.994 0.944 0.003 0.048 0.006 0.009 0.067 0.988 0.016 0.004 0.750 0.006 0.007 0.997 0.993 0.003 0.997 0.007 0.014 0.357 0.994 0.013 0.005 0.979 0.996 0.101 0.995 0.996 
30 visualC12 25 0.004 0.027 0.016 0.002 0.675 0.994 0.004 0.003 0.995 0.006 0.990 0.002 0.002 0.995 0.020 0.065 0.005 0.992 0.045 0.996 0.012 0.967 0.993 0.871 0.983 0.993 0.004 0.995 0.007 0.993 0.014 0.659 0.994 0.889 0.003 0.125 0.007 0.057 0.995 0.985 0.002 0.004 0.005 0.016 0.009 0.997 0.991 0.003 0.997 0.281 0.005 0.993 0.005 0.014 0.682 0.774 0.996 0.993 0.995 0.996 
31 visualC21 25 0.014 0.995 0.005 0.002 0.989 0.982 0.002 0.004 0.996 0.995 0.989 0.005 0.003 0.010 0.083 0.227 0.996 0.994 0.015 0.993 0.034 0.994 0.995 0.008 0.984 0.994 0.046 0.748 0.915 0.962 0.008 0.727 0.989 0.856 0.003 0.005 0.006 0.093 0.996 0.979 0.006 0.984 0.158 0.007 0.062 0.527 0.007 0.004 0.954 0.931 0.448 0.994 0.903 0.083 0.040 0.995 0.995 0.452 0.479 0.007 
32 visualC22 25 0.995 0.059 0.019 0.002 0.993 0.995 0.002 0.004 0.995 0.994 0.992 0.002 0.003 0.993 0.076 0.570 0.951 0.994 0.178 0.965 0.004 0.945 0.995 0.006 0.944 0.995 0.989 0.550 0.842 0.992 0.005 0.005 0.992 0.490 0.004 0.016 0.196 0.805 0.996 0.099 0.015 0.994 0.004 0.990 0.009 0.997 0.006 0.004 0.997 0.524 0.981 0.995 0.004 0.010 0.989 0.973 0.996 0.991 0.995 0.005 
