0 verbalA 25 0.050 0.975 0.422 0.002 0.991 0.838 0.420 0.935 0.459 0.017 0.427 0.984 0.420 0.973 0.027 0.973 0.698 0.818 0.985 0.985 0.982 0.985 0.968 0.892 0.988 0.992 0.063 0.377 0.988 0.904 0.843 0.990 0.011 0.992 0.990 0.002 0.956 0.723 0.944 0.425 0.461 0.993 0.002 0.033 0.925 0.963 0.992 0.993 0.167 0.096 0.946 0.937 0.957 0.478 0.991 0.016 0.005 0.743 0.895 0.336 
1 verbalB 25 0.968 0.974 0.991 0.002 0.990 0.941 0.866 0.985 0.970 0.004 0.842 0.989 0.955 0.992 0.002 0.990 0.950 0.895 0.989 0.992 0.098 0.988 0.034 0.984 0.994 0.007 0.085 0.153 0.438 0.992 0.986 0.016 0.015 0.992 0.985 0.003 0.974 0.148 0.351 0.030 0.906 0.990 0.002 0.024 0.987 0.992 0.991 0.994 0.392 0.991 0.994 0.947 0.983 0.578 0.993 0.977 0.017 0.959 0.385 0.995 
2 verbalC 25 0.948 0.994 0.398 0.002 0.988 0.994 0.320 0.936 0.532 0.003 0.900 0.985 0.932 0.993 0.005 0.991 0.870 0.978 0.886 0.459 0.979 0.989 0.874 0.993 0.746 0.927 0.781 0.416 0.985 0.992 0.656 0.887 0.016 0.993 0.993 0.002 0.741 0.267 0.005 0.006 0.896 0.977 0.002 0.995 0.863 0.440 0.992 0.992 0.988 0.889 0.994 0.986 0.989 0.056 0.941 0.030 0.004 0.975 0.030 0.652 
3 verbalA1 25 0.014 0.981 0.702 0.002 0.987 0.929 0.563 0.969 0.218 0.002 0.121 0.989 0.008 0.844 0.011 0.994 0.541 0.992 0.995 0.295 0.987 0.457 0.172 0.923 0.157 0.995 0.706 0.972 0.988 0.978 0.623 0.994 0.006 0.993 0.992 0.006 0.005 0.386 0.483 0.462 0.968 0.819 0.003 0.008 0.744 0.852 0.992 0.989 0.124 0.154 0.492 0.856 0.993 0.995 0.985 0.005 0.002 0.842 0.028 0.866 
4 verbalA2 25 0.005 0.986 0.006 0.002 0.995 0.892 0.417 0.991 0.991 0.024 0.539 0.825 0.988 0.877 0.061 0.973 0.922 0.008 0.988 0.951 0.864 0.995 0.987 0.056 0.991 0.995 0.489 0.961 0.992 0.621 0.052 0.995 0.011 0.892 0.977 0.002 0.991 0.761 0.978 0.994 0.009 0.992 0.002 0.004 0.996 0.350 0.973 0.981 0.006 0.030 0.799 0.512 0.914 0.186 0.987 0.175 0.003 0.355 0.908 0.004 
5 verbalB1 25 0.983 0.985 0.978 0.002 0.408 0.926 0.996 0.988 0.005 0.003 0.981 0.452 0.983 0.876 0.002 0.986 0.083 0.904 0.352 0.992 0.070 0.537 0.140 0.944 0.961 0.003 0.049 0.989 0.995 0.993 0.979 0.908 0.011 0.989 0.994 0.020 0.187 0.740 0.994 0.066 0.995 0.992 0.004 0.004 0.032 0.323 0.093 0.991 0.009 0.996 0.977 0.429 0.196 0.248 0.575 0.995 0.026 0.873 0.432 0.995 
6 verbalB2 25 0.949 0.924 0.996 0.002 0.991 0.290 0.993 0.317 0.516 0.003 0.924 0.994 0.994 0.976 0.002 0.984 0.993 0.989 0.988 0.990 0.004 0.992 0.445 0.947 0.995 0.003 0.011 0.014 0.004 0.991 0.992 0.003 0.061 0.980 0.932 0.002 0.995 0.036 0.951 0.005 0.989 0.980 0.003 0.016 0.989 0.992 0.989 0.994 0.036 0.970 0.995 0.807 0.963 0.974 0.989 0.996 0.005 0.962 0.041 0.995 
7 verbalC1 25 0.693 0.536 0.068 0.013 0.847 0.994 0.976 0.984 0.903 0.002 0.642 0.792 0.415 0.993 0.003 0.845 0.996 0.395 0.993 0.979 0.995 0.987 0.915 0.996 0.822 0.041 0.004 0.994 0.992 0.974 0.601 0.005 0.005 0.974 0.095 0.003 0.223 0.051 0.004 0.651 0.309 0.780 0.002 0.996 0.014 0.103 0.990 0.987 0.995 0.983 0.996 0.121 0.990 0.007 0.196 0.004 0.003 0.996 0.018 0.951 
8 verbalC2 25 0.995 0.951 0.990 0.002 0.983 0.994 0.004 0.947 0.718 0.014 0.331 0.979 0.954 0.992 0.719 0.987 0.289 0.994 0.009 0.819 0.970 0.988 0.987 0.994 0.837 0.995 0.995 0.007 0.993 0.669 0.356 0.964 0.764 0.952 0.995 0.002 0.967 0.126 0.007 0.005 0.176 0.971 0.002 0.996 0.413 0.083 0.987 0.978 0.996 0.885 0.996 0.992 0.097 0.005 0.986 0.005 0.004 0.973 0.885 0.012 
9 verbalA11 25 0.009 0.975 0.056 0.002 0.888 0.143 0.019 0.096 0.022 0.003 0.072 0.882 0.005 0.280 0.065 0.982 0.208 0.992 0.993 0.014 0.994 0.307 0.827 0.693 0.027 0.995 0.138 0.872 0.309 0.702 0.039 0.977 0.006 0.991 0.753 0.003 0.009 0.569 0.985 0.885 0.131 0.135 0.004 0.005 0.986 0.665 0.974 0.917 0.024 0.009 0.050 0.338 0.989 0.993 0.985 0.005 0.003 0.464 0.029 0.077 
10 verbalA12 25 0.005 0.985 0.526 0.002 0.979 0.911 0.018 0.960 0.362 0.002 0.105 0.994 0.010 0.259 0.005 0.992 0.023 0.993 0.993 0.904 0.995 0.442 0.082 0.365 0.872 0.995 0.924 0.479 0.988 0.993 0.122 0.994 0.006 0.990 0.991 0.006 0.007 0.876 0.536 0.078 0.989 0.748 0.004 0.004 0.834 0.964 0.993 0.949 0.012 0.766 0.094 0.988 0.992 0.995 0.558 0.007 0.004 0.754 0.901 0.057 
11 verbalA21 25 0.022 0.988 0.006 0.002 0.995 0.685 0.173 0.992 0.995 0.050 0.942 0.459 0.986 0.569 0.116 0.976 0.324 0.004 0.993 0.906 0.007 0.993 0.148 0.005 0.768 0.972 0.890 0.993 0.991 0.060 0.046 0.993 0.035 0.252 0.920 0.002 0.973 0.898 0.986 0.993 0.005 0.991 0.002 0.005 0.994 0.844 0.915 0.627 0.006 0.006 0.020 0.858 0.990 0.092 0.713 0.398 0.003 0.214 0.936 0.004 
12 verbalA22 25 0.004 0.990 0.005 0.002 0.994 0.457 0.073 0.937 0.993 0.015 0.398 0.959 0.881 0.798 0.021 0.971 0.709 0.005 0.985 0.074 0.961 0.994 0.986 0.015 0.982 0.990 0.436 0.992 0.978 0.609 0.039 0.995 0.007 0.513 0.909 0.002 0.976 0.366 0.992 0.994 0.005 0.985 0.002 0.004 0.995 0.026 0.986 0.917 0.006 0.151 0.866 0.078 0.963 0.620 0.656 0.177 0.003 0.502 0.410 0.005 
13 verbalB11 25 0.992 0.992 0.889 0.002 0.215 0.953 0.994 0.989 0.004 0.002 0.838 0.010 0.994 0.825 0.003 0.984 0.009 0.055 0.206 0.987 0.567 0.426 0.643 0.226 0.962 0.004 0.658 0.988 0.993 0.989 0.718 0.994 0.043 0.991 0.983 0.008 0.060 0.852 0.995 0.166 0.995 0.938 0.003 0.004 0.011 0.298 0.021 0.987 0.009 0.994 0.798 0.658 0.089 0.022 0.923 0.996 0.006 0.474 0.645 0.994 
14 verbalB12 25 0.987 0.967 0.958 0.003 0.041 0.928 0.983 0.981 0.005 0.008 0.958 0.135 0.981 0.546 0.002 0.992 0.015 0.380 0.719 0.990 0.014 0.087 0.010 0.911 0.905 0.006 0.060 0.894 0.994 0.957 0.980 0.792 0.220 0.992 0.980 0.006 0.351 0.960 0.965 0.023 0.992 0.983 0.021 0.004 0.126 0.913 0.053 0.989 0.007 0.995 0.689 0.411 0.491 0.318 0.893 0.991 0.008 0.388 0.112 0.994 
15 verbalB21 25 0.930 0.854 0.994 0.002 0.988 0.322 0.986 0.010 0.015 0.003 0.762 0.994 0.995 0.291 0.007 0.992 0.906 0.990 0.393 0.867 0.005 0.983 0.663 0.018 0.994 0.004 0.106 0.005 0.004 0.993 0.992 0.004 0.898 0.866 0.991 0.003 0.993 0.021 0.970 0.007 0.994 0.894 0.002 0.006 0.976 0.992 0.109 0.992 0.012 0.990 0.993 0.900 0.809 0.982 0.322 0.994 0.007 0.216 0.016 0.995 
16 verbalB22 25 0.386 0.177 0.995 0.002 0.982 0.294 0.990 0.954 0.772 0.006 0.937 0.966 0.994 0.982 0.002 0.893 0.984 0.335 0.991 0.992 0.005 0.992 0.686 0.339 0.995 0.004 0.026 0.019 0.004 0.956 0.991 0.004 0.113 0.979 0.761 0.002 0.989 0.035 0.970 0.032 0.967 0.980 0.003 0.005 0.923 0.993 0.989 0.993 0.013 0.990 0.984 0.701 0.808 0.532 0.992 0.996 0.009 0.814 0.624 0.995 
17 verbalC11 25 0.031 0.142 0.821 0.181 0.725 0.980 0.990 0.961 0.226 0.004 0.768 0.146 0.011 0.990 0.007 0.636 0.995 0.880 0.871 0.544 0.994 0.993 0.963 0.993 0.033 0.007 0.005 0.994 0.989 0.405 0.878 0.018 0.007 0.960 0.006 0.002 0.181 0.210 0.005 0.936 0.018 0.125 0.002 0.995 0.007 0.050 0.987 0.987 0.996 0.319 0.995 0.024 0.980 0.021 0.267 0.005 0.002 0.991 0.008 0.933 
18 verbalC12 25 0.911 0.713 0.036 0.501 0.247 0.988 0.960 0.549 0.943 0.002 0.283 0.083 0.101 0.994 0.040 0.275 0.986 0.040 0.986 0.470 0.994 0.993 0.815 0.995 0.039 0.013 0.005 0.922 0.926 0.588 0.569 0.006 0.007 0.951 0.007 0.004 0.085 0.161 0.006 0.948 0.083 0.069 0.002 0.995 0.017 0.038 0.903 0.985 0.994 0.950 0.995 0.105 0.990 0.008 0.175 0.008 0.004 0.994 0.011 0.962 
19 verbalC21 25 0.995 0.890 0.942 0.003 0.988 0.992 0.005 0.657 0.957 0.015 0.767 0.842 0.713 0.994 0.894 0.796 0.033 0.984 0.006 0.396 0.315 0.108 0.854 0.984 0.169 0.994 0.995 0.006 0.851 0.072 0.779 0.990 0.995 0.473 0.992 0.002 0.781 0.332 0.005 0.006 0.930 0.786 0.002 0.995 0.376 0.036 0.965 0.963 0.995 0.010 0.993 0.993 0.012 0.005 0.989 0.005 0.004 0.093 0.992 0.014 
20 verbalC22 25 0.987 0.051 0.989 0.002 0.467 0.957 0.006 0.965 0.994 0.003 0.718 0.455 0.480 0.994 0.275 0.604 0.564 0.994 0.077 0.988 0.911 0.962 0.157 0.994 0.978 0.993 0.994 0.004 0.980 0.298 0.549 0.032 0.151 0.959 0.991 0.003 0.604 0.021 0.005 0.005 0.042 0.993 0.002 0.995 0.019 0.174 0.987 0.132 0.995 0.950 0.995 0.992 0.008 0.006 0.993 0.005 0.005 0.981 0.994 0.008 
21 visualA11 25 0.032 0.988 0.006 0.002 0.714 0.098 0.005 0.832 0.984 0.003 0.658 0.850 0.035 0.066 0.006 0.978 0.006 0.835 0.994 0.040 0.879 0.009 0.189 0.009 0.022 0.993 0.984 0.994 0.995 0.923 0.014 0.996 0.009 0.883 0.932 0.004 0.016 0.957 0.994 0.793 0.114 0.601 0.006 0.003 0.989 0.962 0.978 0.077 0.004 0.006 0.005 0.578 0.995 0.957 0.040 0.004 0.002 0.074 0.984 0.004 
22 visualA12 25 0.006 0.993 0.004 0.002 0.936 0.683 0.007 0.988 0.440 0.002 0.160 0.994 0.007 0.388 0.005 0.990 0.004 0.931 0.974 0.689 0.990 0.029 0.022 0.007 0.636 0.996 0.995 0.991 0.995 0.979 0.025 0.996 0.005 0.990 0.995 0.003 0.004 0.983 0.637 0.953 0.913 0.867 0.002 0.003 0.861 0.362 0.711 0.645 0.004 0.930 0.052 0.534 0.994 0.996 0.104 0.004 0.003 0.404 0.923 0.004 
23 visualA21 25 0.016 0.991 0.004 0.002 0.991 0.408 0.324 0.984 0.995 0.052 0.925 0.973 0.993 0.172 0.006 0.967 0.376 0.004 0.983 0.836 0.005 0.994 0.812 0.003 0.935 0.992 0.796 0.994 0.995 0.509 0.043 0.995 0.085 0.017 0.631 0.002 0.994 0.931 0.831 0.996 0.004 0.993 0.002 0.003 0.993 0.230 0.978 0.666 0.005 0.006 0.016 0.402 0.984 0.065 0.035 0.522 0.003 0.598 0.991 0.004 
24 visualA22 25 0.009 0.992 0.003 0.002 0.992 0.297 0.559 0.982 0.868 0.010 0.229 0.889 0.911 0.242 0.016 0.988 0.914 0.005 0.979 0.031 0.993 0.994 0.992 0.008 0.941 0.995 0.227 0.993 0.991 0.855 0.014 0.996 0.007 0.793 0.969 0.002 0.888 0.201 0.992 0.996 0.005 0.971 0.002 0.003 0.995 0.030 0.980 0.616 0.004 0.009 0.265 0.038 0.922 0.667 0.992 0.211 0.002 0.817 0.141 0.003 
25 visualB11 25 0.904 0.949 0.621 0.002 0.036 0.920 0.996 0.975 0.003 0.003 0.635 0.059 0.995 0.074 0.002 0.933 0.067 0.479 0.078 0.993 0.506 0.388 0.990 0.042 0.987 0.003 0.114 0.993 0.978 0.993 0.871 0.946 0.074 0.905 0.981 0.017 0.212 0.863 0.987 0.032 0.996 0.921 0.003 0.003 0.006 0.025 0.010 0.982 0.004 0.996 0.976 0.272 0.055 0.084 0.008 0.996 0.010 0.523 0.504 0.996 
26 visualB12 25 0.982 0.924 0.995 0.002 0.173 0.803 0.996 0.985 0.004 0.004 0.982 0.849 0.986 0.805 0.002 0.976 0.205 0.895 0.183 0.991 0.017 0.748 0.369 0.960 0.994 0.003 0.011 0.931 0.971 0.991 0.983 0.126 0.023 0.987 0.940 0.004 0.831 0.820 0.988 0.090 0.992 0.991 0.003 0.003 0.113 0.298 0.188 0.993 0.027 0.996 0.994 0.048 0.036 0.682 0.725 0.995 0.008 0.727 0.040 0.996 
27 visualB21 25 0.945 0.867 0.995 0.002 0.979 0.258 0.996 0.005 0.006 0.003 0.809 0.991 0.994 0.055 0.007 0.993 0.965 0.991 0.207 0.949 0.004 0.976 0.696 0.011 0.995 0.003 0.008 0.011 0.004 0.994 0.992 0.004 0.859 0.792 0.995 0.002 0.982 0.023 0.985 0.005 0.996 0.969 0.002 0.004 0.993 0.994 0.089 0.993 0.005 0.995 0.969 0.746 0.919 0.994 0.073 0.996 0.005 0.406 0.012 0.996 
28 visualB22 25 0.224 0.644 0.994 0.002 0.992 0.389 0.996 0.938 0.990 0.003 0.957 0.980 0.995 0.987 0.002 0.920 0.935 0.094 0.995 0.994 0.013 0.994 0.847 0.181 0.994 0.004 0.327 0.082 0.023 0.993 0.989 0.006 0.011 0.986 0.526 0.002 0.966 0.092 0.992 0.452 0.868 0.992 0.002 0.003 0.976 0.994 0.950 0.992 0.004 0.994 0.992 0.791 0.950 0.698 0.994 0.995 0.005 0.860 0.927 0.996 
29 visualC11 25 0.323 0.691 0.430 0.057 0.905 0.994 0.932 0.819 0.072 0.003 0.848 0.126 0.004 0.974 0.014 0.573 0.992 0.978 0.522 0.321 0.995 0.991 0.968 0.993 0.005 0.042 0.003 0.994 0.993 0.151 0.314 0.537 0.005 0.973 0.004 0.003 0.165 0.404 0.004 0.774 0.010 0.021 0.002 0.996 0.023 0.009 0.991 0.981 0.997 0.126 0.991 0.024 0.987 0.012 0.589 0.007 0.002 0.996 0.005 0.837 
30 visualC12 25 0.202 0.006 0.945 0.042 0.020 0.991 0.705 0.919 0.990 0.002 0.293 0.200 0.004 0.993 0.089 0.064 0.994 0.987 0.966 0.989 0.995 0.985 0.995 0.993 0.264 0.848 0.003 0.939 0.994 0.165 0.293 0.014 0.005 0.966 0.004 0.008 0.034 0.105 0.004 0.197 0.004 0.975 0.002 0.996 0.030 0.024 0.996 0.833 0.997 0.068 0.995 0.028 0.983 0.004 0.778 0.006 0.002 0.996 0.961 0.029 
31 visualC21 25 0.993 0.210 0.908 0.002 0.993 0.992 0.005 0.292 0.846 0.010 0.914 0.415 0.851 0.992 0.779 0.744 0.973 0.993 0.004 0.305 0.035 0.966 0.885 0.995 0.022 0.995 0.995 0.004 0.005 0.019 0.979 0.800 0.996 0.040 0.985 0.005 0.613 0.028 0.004 0.003 0.989 0.239 0.002 0.996 0.101 0.091 0.379 0.984 0.997 0.048 0.993 0.993 0.005 0.004 0.985 0.012 0.002 0.600 0.806 0.445 
32 visualC22 25 0.994 0.038 0.989 0.002 0.531 0.986 0.006 0.989 0.995 0.002 0.716 0.639 0.593 0.994 0.181 0.757 0.632 0.990 0.080 0.985 0.990 0.970 0.099 0.991 0.978 0.991 0.994 0.005 0.994 0.486 0.363 0.027 0.136 0.977 0.991 0.003 0.561 0.021 0.004 0.003 0.032 0.994 0.002 0.996 0.072 0.180 0.990 0.127 0.997 0.980 0.996 0.994 0.012 0.004 0.989 0.005 0.005 0.994 0.995 0.006 
