0 verbalA 25 0.761 0.828 0.018 0.023 0.014 0.958 0.793 0.002 0.003 0.007 0.965 0.998 0.989 0.007 0.993 0.136 0.913 0.044 0.078 0.614 0.989 0.107 0.960 0.967 0.978 0.993 0.125 0.965 0.928 0.983 0.299 0.992 0.967 0.006 0.994 0.971 0.989 0.993 0.134 0.967 0.961 0.005 0.877 0.995 0.993 0.995 0.985 0.831 0.895 0.894 0.570 0.006 0.004 0.016 0.005 0.088 0.003 0.986 0.952 0.009 
1 verbalB 25 0.007 0.804 0.897 0.004 0.006 0.477 0.994 0.002 0.002 0.011 0.994 0.998 0.993 0.004 0.851 0.896 0.982 0.969 0.326 0.341 0.977 0.994 0.983 0.973 0.995 0.989 0.993 0.959 0.153 0.564 0.979 0.984 0.017 0.827 0.991 0.574 0.993 0.993 0.111 0.006 0.670 0.002 0.970 0.989 0.826 0.994 0.993 0.859 0.167 0.162 0.346 0.400 0.994 0.593 0.007 0.057 0.002 0.993 0.567 0.003 
2 verbalC 25 0.013 0.704 0.104 0.011 0.044 0.155 0.588 0.002 0.003 0.012 0.989 0.998 0.993 0.018 0.994 0.509 0.866 0.483 0.963 0.430 0.867 0.702 0.995 0.968 0.986 0.991 0.983 0.959 0.630 0.691 0.304 0.992 0.912 0.212 0.990 0.239 0.994 0.992 0.131 0.754 0.946 0.032 0.864 0.625 0.978 0.962 0.988 0.226 0.437 0.007 0.443 0.632 0.009 0.626 0.012 0.774 0.002 0.994 0.834 0.039 
3 verbalA1 25 0.750 0.083 0.354 0.007 0.013 0.989 0.029 0.002 0.004 0.008 0.266 0.998 0.992 0.031 0.994 0.004 0.941 0.031 0.016 0.963 0.918 0.263 0.142 0.713 0.534 0.974 0.008 0.177 0.985 0.995 0.954 0.992 0.016 0.177 0.992 0.962 0.676 0.068 0.885 0.993 0.992 0.021 0.972 0.991 0.992 0.995 0.959 0.021 0.574 0.993 0.829 0.010 0.012 0.005 0.004 0.015 0.004 0.205 0.988 0.003 
4 verbalA2 25 0.132 0.837 0.017 0.961 0.024 0.987 0.033 0.002 0.002 0.123 0.991 0.998 0.861 0.007 0.994 0.979 0.990 0.043 0.004 0.974 0.984 0.114 0.487 0.995 0.071 0.763 0.021 0.994 0.892 0.983 0.986 0.988 0.995 0.005 0.958 0.101 0.994 0.858 0.068 0.825 0.073 0.162 0.938 0.894 0.977 0.995 0.924 0.716 0.991 0.902 0.339 0.006 0.005 0.018 0.502 0.180 0.003 0.994 0.884 0.011 
5 verbalB1 25 0.204 0.995 0.068 0.059 0.007 0.980 0.991 0.002 0.002 0.996 0.971 0.998 0.896 0.002 0.901 0.994 0.055 0.088 0.992 0.995 0.994 0.995 0.937 0.008 0.994 0.995 0.114 0.014 0.279 0.150 0.004 0.779 0.004 0.005 0.910 0.901 0.993 0.994 0.053 0.006 0.902 0.002 0.990 0.573 0.232 0.990 0.206 0.337 0.988 0.064 0.885 0.994 0.996 0.978 0.989 0.348 0.013 0.307 0.237 0.002 
6 verbalB2 25 0.181 0.522 0.052 0.005 0.006 0.006 0.995 0.002 0.002 0.034 0.984 0.676 0.887 0.230 0.106 0.995 0.996 0.976 0.238 0.899 0.972 0.992 0.079 0.671 0.995 0.219 0.996 0.056 0.053 0.983 0.993 0.978 0.019 0.980 0.943 0.283 0.981 0.994 0.043 0.082 0.016 0.004 0.847 0.991 0.166 0.993 0.981 0.985 0.009 0.006 0.817 0.033 0.995 0.995 0.006 0.911 0.002 0.994 0.786 0.011 
7 verbalC1 25 0.245 0.995 0.952 0.006 0.988 0.121 0.952 0.002 0.002 0.016 0.988 0.998 0.994 0.004 0.979 0.003 0.163 0.335 0.993 0.007 0.978 0.053 0.993 0.994 0.980 0.525 0.977 0.993 0.733 0.008 0.058 0.990 0.583 0.993 0.650 0.008 0.994 0.437 0.243 0.996 0.201 0.361 0.753 0.018 0.545 0.581 0.982 0.994 0.792 0.006 0.639 0.711 0.005 0.996 0.036 0.988 0.002 0.992 0.126 0.035 
8 verbalC2 25 0.009 0.012 0.986 0.005 0.005 0.146 0.993 0.002 0.002 0.006 0.981 0.998 0.989 0.056 0.988 0.467 0.013 0.804 0.072 0.013 0.082 0.086 0.994 0.915 0.900 0.988 0.996 0.889 0.190 0.350 0.831 0.992 0.969 0.006 0.993 0.995 0.888 0.994 0.157 0.015 0.995 0.005 0.978 0.018 0.986 0.034 0.989 0.944 0.014 0.267 0.853 0.993 0.011 0.812 0.005 0.026 0.002 0.993 0.248 0.024 
9 verbalA11 25 0.424 0.008 0.347 0.004 0.703 0.988 0.008 0.002 0.003 0.018 0.945 0.998 0.982 0.006 0.990 0.004 0.986 0.924 0.008 0.019 0.992 0.127 0.060 0.008 0.106 0.239 0.008 0.980 0.966 0.993 0.475 0.992 0.049 0.774 0.993 0.172 0.973 0.022 0.976 0.978 0.994 0.006 0.981 0.989 0.985 0.994 0.993 0.006 0.832 0.994 0.713 0.013 0.217 0.009 0.005 0.005 0.004 0.772 0.692 0.007 
10 verbalA12 25 0.961 0.686 0.337 0.010 0.030 0.976 0.011 0.002 0.005 0.009 0.025 0.998 0.993 0.005 0.994 0.004 0.992 0.008 0.011 0.992 0.052 0.939 0.013 0.991 0.297 0.986 0.004 0.723 0.989 0.993 0.982 0.990 0.006 0.674 0.990 0.990 0.045 0.005 0.689 0.993 0.986 0.011 0.910 0.995 0.986 0.994 0.978 0.006 0.668 0.996 0.639 0.005 0.009 0.005 0.004 0.014 0.002 0.038 0.987 0.002 
11 verbalA21 25 0.010 0.090 0.146 0.993 0.022 0.987 0.008 0.002 0.008 0.240 0.994 0.998 0.990 0.577 0.994 0.995 0.843 0.015 0.009 0.879 0.909 0.021 0.019 0.995 0.015 0.092 0.015 0.837 0.825 0.995 0.990 0.983 0.996 0.004 0.151 0.084 0.994 0.181 0.185 0.017 0.014 0.339 0.164 0.988 0.839 0.995 0.553 0.785 0.965 0.986 0.256 0.006 0.004 0.010 0.840 0.138 0.003 0.855 0.940 0.008 
12 verbalA22 25 0.186 0.925 0.227 0.981 0.712 0.981 0.009 0.002 0.013 0.041 0.988 0.995 0.031 0.005 0.994 0.995 0.978 0.883 0.009 0.394 0.971 0.013 0.029 0.988 0.010 0.074 0.010 0.996 0.968 0.908 0.257 0.956 0.995 0.006 0.124 0.029 0.983 0.481 0.188 0.309 0.013 0.035 0.022 0.976 0.975 0.988 0.981 0.901 0.991 0.987 0.104 0.005 0.004 0.015 0.992 0.011 0.015 0.993 0.864 0.015 
13 verbalB11 25 0.765 0.995 0.006 0.182 0.005 0.982 0.990 0.002 0.002 0.996 0.907 0.998 0.796 0.002 0.822 0.995 0.115 0.036 0.995 0.995 0.994 0.995 0.520 0.005 0.995 0.995 0.080 0.008 0.460 0.489 0.006 0.618 0.004 0.005 0.207 0.943 0.986 0.992 0.144 0.005 0.847 0.002 0.988 0.961 0.203 0.980 0.017 0.036 0.988 0.011 0.786 0.982 0.996 0.982 0.803 0.931 0.015 0.014 0.406 0.002 
14 verbalB12 25 0.009 0.995 0.405 0.008 0.022 0.994 0.988 0.002 0.002 0.996 0.984 0.998 0.687 0.003 0.688 0.991 0.022 0.539 0.907 0.992 0.990 0.995 0.984 0.004 0.994 0.995 0.947 0.220 0.013 0.006 0.007 0.779 0.004 0.007 0.945 0.465 0.991 0.994 0.045 0.007 0.952 0.002 0.542 0.045 0.241 0.990 0.706 0.038 0.556 0.119 0.988 0.996 0.996 0.959 0.994 0.027 0.019 0.884 0.016 0.002 
15 verbalB21 25 0.987 0.960 0.028 0.010 0.005 0.005 0.993 0.002 0.002 0.713 0.692 0.728 0.506 0.043 0.186 0.994 0.996 0.857 0.486 0.675 0.989 0.958 0.008 0.077 0.995 0.532 0.886 0.006 0.507 0.977 0.951 0.689 0.026 0.991 0.925 0.719 0.218 0.995 0.054 0.022 0.009 0.006 0.990 0.980 0.021 0.985 0.180 0.809 0.297 0.006 0.962 0.042 0.990 0.994 0.011 0.818 0.004 0.994 0.569 0.004 
16 verbalB22 25 0.637 0.840 0.110 0.006 0.005 0.006 0.992 0.002 0.002 0.348 0.925 0.568 0.060 0.163 0.015 0.994 0.994 0.993 0.370 0.960 0.703 0.993 0.015 0.117 0.995 0.821 0.994 0.466 0.083 0.980 0.992 0.694 0.042 0.906 0.941 0.031 0.133 0.993 0.014 0.061 0.009 0.002 0.050 0.994 0.538 0.979 0.416 0.735 0.007 0.024 0.816 0.272 0.995 0.994 0.012 0.356 0.002 0.994 0.828 0.006 
17 verbalC11 25 0.088 0.995 0.994 0.005 0.995 0.007 0.874 0.002 0.002 0.084 0.707 0.998 0.994 0.006 0.792 0.004 0.006 0.046 0.992 0.008 0.267 0.006 0.993 0.994 0.759 0.197 0.969 0.995 0.246 0.004 0.306 0.991 0.670 0.995 0.858 0.008 0.977 0.111 0.979 0.996 0.459 0.517 0.516 0.004 0.416 0.007 0.905 0.973 0.639 0.005 0.702 0.883 0.004 0.996 0.095 0.990 0.002 0.635 0.107 0.012 
18 verbalC12 25 0.948 0.995 0.619 0.014 0.953 0.919 0.972 0.002 0.003 0.010 0.965 0.998 0.993 0.007 0.976 0.004 0.099 0.302 0.993 0.005 0.886 0.034 0.990 0.994 0.977 0.802 0.982 0.889 0.640 0.007 0.016 0.992 0.969 0.995 0.324 0.027 0.987 0.395 0.130 0.996 0.637 0.318 0.163 0.013 0.435 0.847 0.370 0.995 0.727 0.005 0.728 0.155 0.006 0.996 0.009 0.985 0.002 0.986 0.599 0.052 
19 verbalC21 25 0.007 0.008 0.994 0.015 0.006 0.010 0.989 0.002 0.002 0.006 0.573 0.998 0.994 0.045 0.987 0.923 0.004 0.100 0.006 0.013 0.009 0.067 0.994 0.990 0.153 0.908 0.996 0.104 0.041 0.041 0.993 0.991 0.993 0.006 0.993 0.995 0.006 0.989 0.966 0.005 0.995 0.005 0.978 0.009 0.989 0.005 0.983 0.963 0.017 0.134 0.354 0.983 0.007 0.839 0.005 0.027 0.002 0.974 0.521 0.006 
20 verbalC22 25 0.008 0.007 0.056 0.014 0.005 0.811 0.979 0.002 0.003 0.005 0.971 0.998 0.992 0.010 0.185 0.020 0.033 0.979 0.865 0.006 0.017 0.033 0.994 0.007 0.564 0.980 0.996 0.986 0.158 0.030 0.006 0.974 0.995 0.115 0.993 0.989 0.990 0.994 0.019 0.687 0.995 0.005 0.993 0.004 0.907 0.005 0.994 0.075 0.143 0.027 0.951 0.996 0.005 0.864 0.005 0.152 0.002 0.993 0.397 0.470 
21 visualA11 25 0.189 0.005 0.412 0.205 0.502 0.996 0.004 0.002 0.028 0.080 0.985 0.998 0.988 0.020 0.994 0.004 0.964 0.544 0.004 0.004 0.990 0.008 0.008 0.246 0.005 0.044 0.004 0.944 0.986 0.995 0.418 0.992 0.928 0.018 0.995 0.060 0.976 0.003 0.983 0.939 0.993 0.015 0.948 0.988 0.907 0.991 0.966 0.007 0.977 0.997 0.916 0.004 0.003 0.009 0.209 0.010 0.002 0.788 0.846 0.005 
22 visualA12 25 0.984 0.745 0.254 0.008 0.038 0.992 0.013 0.002 0.008 0.005 0.033 0.998 0.993 0.006 0.994 0.005 0.983 0.006 0.014 0.994 0.028 0.903 0.008 0.988 0.284 0.993 0.004 0.783 0.993 0.997 0.973 0.990 0.024 0.451 0.994 0.978 0.045 0.003 0.665 0.997 0.994 0.009 0.751 0.992 0.993 0.989 0.976 0.004 0.609 0.994 0.740 0.004 0.003 0.011 0.004 0.008 0.002 0.022 0.994 0.002 
23 visualA21 25 0.008 0.052 0.010 0.996 0.010 0.996 0.004 0.002 0.008 0.067 0.994 0.998 0.991 0.347 0.994 0.994 0.667 0.006 0.003 0.808 0.659 0.017 0.005 0.995 0.004 0.349 0.014 0.436 0.924 0.996 0.995 0.986 0.996 0.003 0.692 0.115 0.993 0.010 0.902 0.297 0.445 0.136 0.330 0.989 0.887 0.993 0.413 0.043 0.965 0.993 0.794 0.004 0.003 0.013 0.806 0.088 0.002 0.140 0.978 0.006 
24 visualA22 25 0.925 0.961 0.063 0.992 0.131 0.996 0.009 0.002 0.009 0.008 0.769 0.998 0.083 0.003 0.995 0.883 0.994 0.047 0.005 0.658 0.918 0.016 0.006 0.991 0.008 0.080 0.008 0.995 0.986 0.996 0.564 0.952 0.996 0.004 0.317 0.069 0.994 0.054 0.097 0.991 0.037 0.047 0.409 0.989 0.988 0.992 0.846 0.916 0.994 0.977 0.118 0.004 0.003 0.012 0.970 0.019 0.003 0.992 0.967 0.007 
25 visualB11 25 0.962 0.995 0.027 0.117 0.007 0.987 0.996 0.002 0.002 0.996 0.745 0.998 0.825 0.002 0.864 0.994 0.208 0.006 0.995 0.985 0.996 0.994 0.386 0.004 0.995 0.995 0.029 0.004 0.581 0.362 0.004 0.499 0.003 0.006 0.278 0.970 0.993 0.989 0.066 0.003 0.638 0.002 0.992 0.804 0.045 0.984 0.007 0.097 0.993 0.022 0.918 0.995 0.996 0.990 0.977 0.978 0.017 0.022 0.196 0.002 
26 visualB12 25 0.083 0.995 0.071 0.014 0.008 0.956 0.996 0.002 0.002 0.996 0.991 0.998 0.354 0.002 0.547 0.950 0.912 0.101 0.995 0.985 0.996 0.995 0.687 0.003 0.992 0.994 0.971 0.174 0.114 0.177 0.008 0.871 0.003 0.078 0.722 0.515 0.995 0.993 0.007 0.003 0.663 0.002 0.964 0.984 0.148 0.996 0.140 0.862 0.816 0.036 0.981 0.996 0.996 0.979 0.990 0.364 0.022 0.980 0.202 0.002 
27 visualB21 25 0.992 0.994 0.015 0.008 0.008 0.005 0.996 0.002 0.002 0.942 0.317 0.760 0.020 0.012 0.012 0.996 0.995 0.939 0.757 0.987 0.994 0.992 0.004 0.010 0.996 0.985 0.943 0.007 0.206 0.914 0.924 0.841 0.003 0.964 0.614 0.468 0.026 0.992 0.049 0.004 0.010 0.002 0.940 0.949 0.020 0.992 0.054 0.385 0.095 0.010 0.984 0.459 0.996 0.994 0.077 0.938 0.007 0.994 0.341 0.004 
28 visualB22 25 0.026 0.990 0.830 0.004 0.005 0.782 0.996 0.002 0.002 0.881 0.994 0.998 0.993 0.003 0.989 0.236 0.992 0.392 0.066 0.805 0.862 0.995 0.900 0.322 0.995 0.992 0.966 0.980 0.321 0.922 0.990 0.964 0.007 0.909 0.992 0.013 0.986 0.976 0.098 0.020 0.637 0.002 0.980 0.978 0.861 0.994 0.555 0.211 0.101 0.044 0.449 0.955 0.996 0.367 0.176 0.088 0.003 0.993 0.307 0.002 
29 visualC11 25 0.132 0.993 0.995 0.006 0.996 0.011 0.958 0.002 0.002 0.092 0.666 0.998 0.994 0.008 0.872 0.005 0.012 0.021 0.995 0.007 0.188 0.004 0.996 0.996 0.803 0.400 0.995 0.993 0.279 0.005 0.196 0.993 0.918 0.996 0.902 0.006 0.983 0.108 0.970 0.996 0.698 0.503 0.349 0.006 0.312 0.003 0.711 0.995 0.609 0.004 0.657 0.910 0.004 0.993 0.063 0.996 0.002 0.896 0.154 0.010 
30 visualC12 25 0.269 0.987 0.139 0.057 0.024 0.790 0.981 0.002 0.005 0.005 0.937 0.998 0.994 0.003 0.053 0.004 0.016 0.811 0.996 0.006 0.003 0.007 0.996 0.995 0.618 0.073 0.996 0.654 0.062 0.018 0.004 0.990 0.994 0.996 0.389 0.989 0.986 0.860 0.066 0.997 0.958 0.063 0.993 0.004 0.562 0.003 0.981 0.996 0.475 0.004 0.099 0.997 0.004 0.993 0.005 0.995 0.002 0.986 0.952 0.239 
31 visualC21 25 0.005 0.018 0.995 0.007 0.010 0.005 0.975 0.002 0.002 0.007 0.393 0.998 0.991 0.020 0.990 0.755 0.005 0.090 0.005 0.008 0.003 0.015 0.996 0.993 0.158 0.904 0.996 0.727 0.014 0.039 0.995 0.991 0.975 0.004 0.995 0.994 0.007 0.995 0.969 0.008 0.994 0.004 0.992 0.005 0.989 0.003 0.931 0.981 0.035 0.046 0.212 0.996 0.020 0.823 0.005 0.048 0.002 0.991 0.207 0.005 
32 visualC22 25 0.005 0.008 0.160 0.010 0.004 0.864 0.984 0.002 0.002 0.006 0.993 0.998 0.992 0.018 0.154 0.100 0.019 0.995 0.900 0.012 0.058 0.025 0.996 0.004 0.757 0.974 0.996 0.991 0.085 0.020 0.005 0.979 0.994 0.101 0.994 0.967 0.994 0.996 0.019 0.522 0.993 0.004 0.990 0.004 0.873 0.004 0.995 0.051 0.077 0.037 0.974 0.997 0.004 0.924 0.004 0.077 0.002 0.994 0.434 0.291 
