0 0 0.000 0.000 0.000 0.000 0.000 0.000 0.000 0.000 0.000 0.000 
0 1 0.199 0.204 0.152 0.194 0.107 0.220 0.163 0.193 0.125 0.092 
0 2 0.337 0.355 0.269 0.320 0.162 0.374 0.305 0.314 0.220 0.091 
0 3 0.449 0.480 0.307 0.351 0.198 0.499 0.435 0.399 0.256 0.085 
0 4 0.532 0.580 0.279 0.308 0.213 0.597 0.543 0.444 0.245 0.080 
0 5 0.591 0.658 0.233 0.251 0.215 0.674 0.630 0.455 0.213 0.076 
0 6 0.637 0.720 0.190 0.202 0.210 0.733 0.702 0.438 0.179 0.072 
0 7 0.677 0.768 0.154 0.162 0.203 0.775 0.759 0.402 0.148 0.070 
0 8 0.714 0.805 0.124 0.129 0.199 0.802 0.805 0.355 0.121 0.068 
0 9 0.751 0.834 0.100 0.103 0.197 0.816 0.842 0.307 0.099 0.066 
0 10 0.786 0.857 0.081 0.083 0.199 0.819 0.872 0.260 0.080 0.064 
0 11 0.818 0.876 0.065 0.066 0.204 0.814 0.896 0.219 0.065 0.063 
0 12 0.847 0.893 0.053 0.053 0.214 0.803 0.915 0.183 0.053 0.063 
0 13 0.872 0.907 0.043 0.042 0.226 0.787 0.931 0.152 0.043 0.062 
0 14 0.893 0.920 0.036 0.034 0.241 0.768 0.943 0.127 0.035 0.062 
0 15 0.912 0.931 0.030 0.027 0.257 0.749 0.954 0.106 0.029 0.061 
0 16 0.927 0.940 0.025 0.022 0.275 0.728 0.962 0.089 0.024 0.061 
0 17 0.940 0.949 0.022 0.017 0.292 0.708 0.968 0.075 0.020 0.061 
0 18 0.950 0.956 0.020 0.014 0.310 0.688 0.974 0.063 0.016 0.061 
0 19 0.959 0.963 0.018 0.011 0.327 0.670 0.978 0.054 0.014 0.060 
0 20 0.966 0.968 0.017 0.009 0.343 0.653 0.982 0.047 0.011 0.060 
0 21 0.971 0.971 0.021 0.007 0.376 0.641 0.984 0.040 0.010 0.064 
0 22 0.974 0.970 0.031 0.006 0.418 0.632 0.983 0.035 0.010 0.071 
0 23 0.977 0.967 0.049 0.005 0.463 0.625 0.979 0.031 0.011 0.081 
0 24 0.978 0.961 0.076 0.004 0.507 0.620 0.973 0.028 0.012 0.092 
0 25 0.978 0.953 0.110 0.003 0.549 0.616 0.962 0.025 0.014 0.103 
1 0 0.000 0.000 0.000 0.000 0.000 0.000 0.000 0.000 0.000 0.000 
1 1 0.199 0.204 0.152 0.194 0.107 0.220 0.163 0.193 0.125 0.092 
1 2 0.337 0.355 0.269 0.320 0.162 0.374 0.305 0.314 0.220 0.091 
1 3 0.448 0.477 0.297 0.378 0.190 0.499 0.427 0.393 0.229 0.086 
1 4 0.531 0.571 0.261 0.364 0.197 0.598 0.526 0.429 0.197 0.082 
1 5 0.589 0.639 0.215 0.312 0.192 0.677 0.606 0.431 0.162 0.081 
1 6 0.628 0.686 0.174 0.255 0.181 0.739 0.669 0.408 0.131 0.083 
1 7 0.659 0.714 0.140 0.206 0.170 0.786 0.720 0.370 0.105 0.087 
1 8 0.687 0.729 0.113 0.165 0.161 0.822 0.761 0.326 0.085 0.092 
1 9 0.716 0.736 0.091 0.132 0.156 0.847 0.793 0.282 0.068 0.097 
1 10 0.747 0.739 0.073 0.106 0.153 0.863 0.820 0.240 0.054 0.104 
1 11 0.777 0.743 0.059 0.084 0.155 0.873 0.842 0.203 0.044 0.110 
1 12 0.806 0.748 0.048 0.068 0.160 0.876 0.860 0.170 0.035 0.117 
1 13 0.833 0.755 0.039 0.054 0.167 0.875 0.876 0.143 0.028 0.122 
1 14 0.858 0.766 0.032 0.043 0.178 0.871 0.889 0.120 0.023 0.127 
1 15 0.879 0.778 0.027 0.035 0.190 0.864 0.901 0.100 0.018 0.132 
1 16 0.897 0.793 0.023 0.028 0.203 0.856 0.911 0.084 0.015 0.135 
1 17 0.913 0.808 0.020 0.022 0.218 0.846 0.919 0.071 0.012 0.137 
1 18 0.926 0.823 0.017 0.018 0.232 0.835 0.926 0.060 0.009 0.139 
1 19 0.937 0.838 0.015 0.014 0.246 0.825 0.933 0.051 0.008 0.140 
1 20 0.947 0.852 0.014 0.011 0.260 0.814 0.938 0.043 0.006 0.140 
1 21 0.953 0.858 0.016 0.009 0.293 0.799 0.938 0.037 0.005 0.145 
1 22 0.957 0.858 0.024 0.007 0.338 0.783 0.933 0.033 0.004 0.151 
1 23 0.960 0.853 0.039 0.006 0.388 0.765 0.924 0.029 0.004 0.159 
1 24 0.961 0.847 0.064 0.005 0.439 0.748 0.911 0.026 0.005 0.166 
1 25 0.963 0.841 0.097 0.004 0.488 0.731 0.896 0.024 0.006 0.173 
2 0 0.000 0.000 0.000 0.000 0.000 0.000 0.000 0.000 0.000 0.000 
2 1 0.199 0.204 0.152 0.194 0.107 0.220 0.163 0.193 0.125 0.092 
2 2 0.337 0.355 0.269 0.320 0.162 0.374 0.305 0.314 0.220 0.091 
2 3 0.452 0.478 0.290 0.371 0.203 0.499 0.425 0.389 0.240 0.089 
2 4 0.541 0.573 0.250 0.347 0.227 0.598 0.520 0.419 0.213 0.090 
2 5 0.610 0.644 0.204 0.291 0.241 0.676 0.595 0.414 0.178 0.096 
2 6 0.662 0.695 0.164 0.235 0.249 0.737 0.655 0.386 0.145 0.105 
2 7 0.706 0.731 0.132 0.189 0.256 0.784 0.702 0.345 0.118 0.116 
2 8 0.744 0.756 0.106 0.151 0.265 0.818 0.741 0.300 0.095 0.127 
2 9 0.778 0.773 0.085 0.121 0.278 0.842 0.774 0.257 0.076 0.139 
2 10 0.810 0.788 0.068 0.097 0.295 0.858 0.801 0.217 0.061 0.150 
2 11 0.838 0.800 0.055 0.077 0.315 0.866 0.825 0.182 0.049 0.160 
2 12 0.863 0.813 0.044 0.062 0.338 0.870 0.845 0.153 0.040 0.169 
2 13 0.885 0.826 0.036 0.050 0.363 0.868 0.862 0.128 0.032 0.177 
2 14 0.903 0.839 0.029 0.040 0.388 0.864 0.878 0.107 0.026 0.183 
2 15 0.919 0.852 0.023 0.032 0.413 0.857 0.891 0.089 0.021 0.188 
2 16 0.932 0.865 0.019 0.025 0.438 0.848 0.902 0.075 0.017 0.191 
2 17 0.943 0.878 0.016 0.020 0.461 0.839 0.912 0.063 0.014 0.194 
2 18 0.952 0.889 0.013 0.016 0.482 0.828 0.921 0.054 0.011 0.195 
2 19 0.960 0.900 0.011 0.013 0.502 0.818 0.928 0.046 0.009 0.196 
2 20 0.966 0.910 0.009 0.010 0.520 0.807 0.935 0.039 0.007 0.196 
2 21 0.971 0.914 0.009 0.008 0.543 0.791 0.936 0.034 0.006 0.196 
2 22 0.973 0.913 0.011 0.007 0.569 0.771 0.933 0.030 0.005 0.196 
2 23 0.974 0.909 0.017 0.005 0.596 0.749 0.926 0.027 0.006 0.196 
2 24 0.975 0.904 0.027 0.004 0.621 0.727 0.917 0.025 0.006 0.196 
2 25 0.975 0.898 0.044 0.003 0.644 0.706 0.907 0.024 0.008 0.196 
3 0 0.000 0.000 0.000 0.000 0.000 0.000 0.000 0.000 0.000 0.000 
3 1 0.199 0.204 0.152 0.194 0.107 0.220 0.163 0.193 0.125 0.092 
3 2 0.337 0.355 0.269 0.320 0.162 0.374 0.305 0.314 0.220 0.091 
3 3 0.444 0.479 0.288 0.359 0.195 0.498 0.427 0.386 0.244 0.082 
3 4 0.517 0.578 0.248 0.322 0.210 0.596 0.527 0.411 0.220 0.072 
3 5 0.562 0.655 0.202 0.265 0.212 0.671 0.606 0.403 0.185 0.063 
3 6 0.592 0.716 0.163 0.214 0.210 0.726 0.670 0.377 0.152 0.056 
3 7 0.619 0.762 0.131 0.171 0.208 0.761 0.720 0.341 0.124 0.049 
3 8 0.647 0.798 0.105 0.137 0.209 0.779 0.760 0.302 0.100 0.044 
3 9 0.680 0.825 0.084 0.110 0.214 0.781 0.791 0.263 0.081 0.041 
3 10 0.715 0.848 0.067 0.088 0.224 0.772 0.817 0.227 0.065 0.037 
3 11 0.750 0.867 0.054 0.070 0.237 0.755 0.837 0.194 0.053 0.035 
3 12 0.785 0.883 0.044 0.056 0.254 0.732 0.854 0.166 0.042 0.033 
3 13 0.817 0.898 0.035 0.045 0.274 0.706 0.869 0.141 0.034 0.032 
3 14 0.845 0.911 0.028 0.036 0.296 0.680 0.881 0.121 0.028 0.031 
3 15 0.870 0.923 0.023 0.029 0.318 0.653 0.892 0.104 0.022 0.030 
3 16 0.891 0.933 0.019 0.023 0.340 0.628 0.901 0.089 0.018 0.029 
3 17 0.909 0.943 0.015 0.018 0.361 0.604 0.909 0.078 0.015 0.029 
3 18 0.925 0.951 0.013 0.015 0.381 0.582 0.917 0.068 0.012 0.028 
3 19 0.937 0.958 0.010 0.012 0.400 0.561 0.923 0.060 0.010 0.028 
3 20 0.948 0.964 0.009 0.009 0.416 0.542 0.929 0.054 0.008 0.027 
3 21 0.956 0.967 0.009 0.008 0.445 0.535 0.929 0.048 0.007 0.030 
3 22 0.961 0.967 0.012 0.006 0.482 0.533 0.926 0.043 0.006 0.036 
3 23 0.965 0.965 0.019 0.005 0.520 0.536 0.919 0.039 0.007 0.045 
3 24 0.968 0.961 0.034 0.004 0.557 0.541 0.909 0.036 0.008 0.055 
3 25 0.970 0.956 0.057 0.003 0.592 0.547 0.899 0.033 0.010 0.067 
4 0 0.000 0.000 0.000 0.000 0.000 0.000 0.000 0.000 0.000 0.000 
4 1 0.199 0.204 0.152 0.194 0.107 0.220 0.163 0.193 0.125 0.092 
4 2 0.337 0.355 0.269 0.320 0.162 0.374 0.305 0.314 0.220 0.091 
4 3 0.450 0.477 0.280 0.364 0.210 0.499 0.426 0.418 0.267 0.086 
4 4 0.533 0.568 0.236 0.332 0.246 0.598 0.522 0.506 0.269 0.082 
4 5 0.591 0.632 0.191 0.274 0.275 0.676 0.597 0.578 0.246 0.081 
4 6 0.632 0.668 0.153 0.221 0.304 0.737 0.655 0.635 0.216 0.083 
4 7 0.664 0.679 0.123 0.177 0.338 0.784 0.698 0.681 0.186 0.086 
4 8 0.694 0.668 0.099 0.142 0.379 0.817 0.729 0.715 0.159 0.090 
4 9 0.724 0.641 0.079 0.113 0.426 0.839 0.750 0.741 0.135 0.096 
4 10 0.754 0.605 0.063 0.091 0.477 0.851 0.763 0.760 0.115 0.102 
4 11 0.785 0.566 0.051 0.073 0.529 0.855 0.771 0.774 0.098 0.109 
4 12 0.814 0.528 0.041 0.058 0.579 0.853 0.774 0.785 0.085 0.115 
4 13 0.841 0.495 0.033 0.046 0.627 0.847 0.774 0.794 0.073 0.122 
4 14 0.865 0.466 0.026 0.037 0.670 0.838 0.773 0.802 0.064 0.128 
4 15 0.886 0.444 0.021 0.030 0.708 0.828 0.770 0.810 0.057 0.133 
4 16 0.904 0.427 0.017 0.024 0.742 0.818 0.767 0.818 0.051 0.137 
4 17 0.919 0.416 0.014 0.019 0.771 0.808 0.764 0.825 0.046 0.140 
4 18 0.932 0.410 0.011 0.015 0.796 0.798 0.761 0.833 0.042 0.142 
4 19 0.943 0.408 0.009 0.012 0.818 0.789 0.758 0.840 0.039 0.144 
4 20 0.952 0.410 0.007 0.010 0.836 0.782 0.755 0.848 0.037 0.145 
4 21 0.957 0.396 0.006 0.008 0.849 0.771 0.730 0.835 0.038 0.151 
4 22 0.961 0.376 0.007 0.006 0.858 0.758 0.690 0.804 0.041 0.162 
4 23 0.963 0.356 0.011 0.005 0.864 0.746 0.643 0.762 0.047 0.174 
4 24 0.964 0.339 0.020 0.004 0.868 0.734 0.596 0.713 0.055 0.186 
4 25 0.965 0.329 0.038 0.003 0.870 0.723 0.553 0.663 0.065 0.198 
5 0 0.000 0.000 0.000 0.000 0.000 0.000 0.000 0.000 0.000 0.000 
5 1 0.199 0.204 0.152 0.194 0.107 0.220 0.163 0.193 0.125 0.092 
5 2 0.337 0.355 0.269 0.320 0.162 0.374 0.305 0.314 0.220 0.091 
5 3 0.438 0.478 0.283 0.348 0.230 0.498 0.430 0.407 0.276 0.088 
5 4 0.496 0.574 0.240 0.301 0.298 0.596 0.532 0.475 0.291 0.087 
5 5 0.517 0.645 0.195 0.244 0.362 0.671 0.614 0.527 0.278 0.090 
5 6 0.520 0.694 0.157 0.196 0.424 0.725 0.679 0.568 0.252 0.094 
5 7 0.521 0.724 0.126 0.157 0.483 0.759 0.730 0.601 0.222 0.100 
5 8 0.527 0.736 0.101 0.126 0.541 0.775 0.769 0.626 0.193 0.106 
5 9 0.543 0.736 0.081 0.100 0.597 0.775 0.799 0.646 0.167 0.113 
5 10 0.569 0.727 0.065 0.080 0.649 0.764 0.822 0.662 0.144 0.120 
5 11 0.604 0.714 0.052 0.064 0.697 0.744 0.838 0.673 0.124 0.126 
5 12 0.643 0.701 0.042 0.051 0.739 0.720 0.850 0.682 0.107 0.133 
5 13 0.684 0.690 0.033 0.041 0.777 0.694 0.859 0.688 0.092 0.138 
5 14 0.723 0.683 0.027 0.033 0.809 0.668 0.866 0.692 0.081 0.143 
5 15 0.760 0.681 0.022 0.026 0.837 0.643 0.871 0.694 0.071 0.147 
5 16 0.793 0.682 0.018 0.021 0.861 0.620 0.874 0.696 0.063 0.151 
5 17 0.823 0.688 0.014 0.017 0.881 0.599 0.877 0.698 0.056 0.153 
5 18 0.848 0.697 0.012 0.013 0.898 0.580 0.879 0.699 0.051 0.155 
5 19 0.869 0.708 0.010 0.011 0.912 0.564 0.881 0.699 0.046 0.157 
5 20 0.888 0.721 0.008 0.009 0.924 0.549 0.883 0.700 0.043 0.158 
5 21 0.901 0.716 0.007 0.007 0.931 0.542 0.869 0.673 0.042 0.162 
5 22 0.912 0.702 0.009 0.006 0.934 0.540 0.841 0.625 0.044 0.168 
5 23 0.922 0.683 0.015 0.004 0.935 0.542 0.806 0.568 0.047 0.176 
5 24 0.930 0.666 0.029 0.004 0.933 0.547 0.767 0.508 0.052 0.182 
5 25 0.937 0.654 0.052 0.003 0.929 0.553 0.730 0.451 0.058 0.188 
6 0 0.000 0.000 0.000 0.000 0.000 0.000 0.000 0.000 0.000 0.000 
6 1 0.199 0.204 0.152 0.194 0.107 0.220 0.163 0.193 0.125 0.092 
6 2 0.337 0.355 0.269 0.320 0.162 0.374 0.305 0.314 0.220 0.091 
6 3 0.449 0.475 0.275 0.371 0.231 0.499 0.424 0.414 0.265 0.084 
6 4 0.533 0.562 0.230 0.345 0.302 0.597 0.517 0.496 0.265 0.077 
6 5 0.592 0.615 0.185 0.288 0.367 0.674 0.588 0.563 0.241 0.072 
6 6 0.634 0.636 0.149 0.233 0.428 0.732 0.640 0.618 0.211 0.069 
6 7 0.668 0.630 0.119 0.187 0.486 0.774 0.678 0.661 0.181 0.068 
6 8 0.699 0.605 0.095 0.150 0.542 0.801 0.703 0.697 0.155 0.068 
6 9 0.731 0.571 0.076 0.120 0.595 0.814 0.719 0.725 0.132 0.069 
6 10 0.763 0.532 0.061 0.096 0.644 0.817 0.729 0.748 0.112 0.071 
6 11 0.794 0.494 0.049 0.077 0.689 0.811 0.734 0.768 0.096 0.074 
6 12 0.823 0.460 0.039 0.061 0.729 0.801 0.735 0.784 0.083 0.078 
6 13 0.850 0.431 0.031 0.049 0.765 0.786 0.734 0.799 0.072 0.081 
6 14 0.873 0.408 0.025 0.039 0.797 0.771 0.732 0.812 0.064 0.085 
6 15 0.893 0.389 0.020 0.031 0.824 0.755 0.728 0.824 0.057 0.089 
6 16 0.910 0.376 0.016 0.025 0.848 0.740 0.724 0.835 0.052 0.092 
6 17 0.925 0.367 0.013 0.020 0.868 0.726 0.720 0.845 0.048 0.095 
6 18 0.937 0.362 0.011 0.016 0.885 0.713 0.716 0.855 0.044 0.098 
6 19 0.947 0.359 0.009 0.013 0.900 0.702 0.712 0.864 0.042 0.100 
6 20 0.955 0.359 0.007 0.010 0.912 0.692 0.708 0.872 0.040 0.102 
6 21 0.961 0.351 0.006 0.008 0.919 0.684 0.683 0.865 0.042 0.109 
6 22 0.965 0.339 0.006 0.007 0.923 0.677 0.645 0.844 0.046 0.121 
6 23 0.967 0.327 0.009 0.005 0.924 0.672 0.602 0.813 0.053 0.134 
6 24 0.968 0.317 0.017 0.004 0.922 0.668 0.559 0.775 0.063 0.149 
6 25 0.969 0.312 0.030 0.003 0.919 0.666 0.519 0.736 0.075 0.163 
7 0 0.000 0.000 0.000 0.000 0.000 0.000 0.000 0.000 0.000 0.000 
7 1 0.199 0.204 0.152 0.194 0.107 0.220 0.163 0.193 0.125 0.092 
7 2 0.337 0.355 0.269 0.320 0.162 0.374 0.305 0.314 0.220 0.091 
7 3 0.442 0.476 0.279 0.362 0.223 0.499 0.428 0.415 0.290 0.084 
7 4 0.507 0.567 0.235 0.326 0.279 0.597 0.528 0.497 0.326 0.079 
7 5 0.536 0.628 0.190 0.269 0.329 0.673 0.607 0.566 0.333 0.075 
7 6 0.547 0.660 0.152 0.217 0.377 0.731 0.668 0.623 0.323 0.074 
7 7 0.554 0.663 0.122 0.173 0.426 0.771 0.713 0.670 0.303 0.074 
7 8 0.567 0.642 0.098 0.139 0.478 0.795 0.745 0.710 0.278 0.077 
7 9 0.590 0.606 0.078 0.111 0.531 0.806 0.767 0.743 0.254 0.080 
7 10 0.621 0.562 0.063 0.089 0.583 0.806 0.781 0.771 0.230 0.085 
7 11 0.659 0.516 0.050 0.071 0.633 0.798 0.788 0.794 0.209 0.090 
7 12 0.700 0.473 0.040 0.057 0.679 0.786 0.790 0.813 0.190 0.095 
7 13 0.739 0.435 0.032 0.046 0.720 0.771 0.790 0.830 0.174 0.100 
7 14 0.776 0.402 0.026 0.036 0.757 0.756 0.787 0.844 0.161 0.105 
7 15 0.810 0.376 0.021 0.029 0.790 0.741 0.782 0.856 0.150 0.110 
7 16 0.839 0.355 0.017 0.023 0.817 0.726 0.777 0.867 0.142 0.114 
7 17 0.863 0.341 0.014 0.019 0.841 0.713 0.772 0.877 0.136 0.118 
7 18 0.885 0.330 0.011 0.015 0.861 0.702 0.767 0.886 0.132 0.121 
7 19 0.902 0.324 0.009 0.012 0.878 0.692 0.761 0.894 0.129 0.124 
7 20 0.917 0.321 0.007 0.010 0.893 0.683 0.756 0.901 0.128 0.127 
7 21 0.928 0.309 0.006 0.008 0.901 0.676 0.726 0.894 0.130 0.135 
7 22 0.935 0.294 0.007 0.006 0.906 0.671 0.679 0.875 0.136 0.147 
7 23 0.940 0.278 0.012 0.005 0.908 0.668 0.625 0.845 0.143 0.162 
7 24 0.944 0.266 0.023 0.004 0.907 0.667 0.570 0.809 0.154 0.178 
7 25 0.947 0.257 0.042 0.003 0.905 0.667 0.519 0.771 0.166 0.193 
8 0 0.000 0.000 0.000 0.000 0.000 0.000 0.000 0.000 0.000 0.000 
8 1 0.199 0.204 0.152 0.194 0.107 0.220 0.163 0.193 0.125 0.092 
8 2 0.337 0.355 0.269 0.320 0.162 0.374 0.305 0.314 0.220 0.091 
8 3 0.445 0.476 0.313 0.369 0.208 0.498 0.420 0.372 0.324 0.084 
8 4 0.519 0.567 0.294 0.343 0.238 0.597 0.504 0.367 0.421 0.076 
8 5 0.564 0.630 0.254 0.288 0.253 0.673 0.563 0.328 0.505 0.070 
8 6 0.591 0.671 0.212 0.234 0.259 0.729 0.603 0.280 0.576 0.065 
8 7 0.610 0.694 0.175 0.188 0.259 0.768 0.630 0.234 0.637 0.062 
8 8 0.628 0.704 0.144 0.151 0.258 0.791 0.649 0.193 0.688 0.059 
8 9 0.648 0.706 0.118 0.121 0.258 0.802 0.661 0.159 0.732 0.058 
8 10 0.672 0.706 0.097 0.096 0.258 0.804 0.669 0.130 0.769 0.057 
8 11 0.698 0.704 0.080 0.077 0.261 0.800 0.674 0.107 0.800 0.057 
8 12 0.726 0.705 0.066 0.062 0.266 0.793 0.675 0.087 0.826 0.057 
8 13 0.753 0.707 0.055 0.049 0.274 0.785 0.675 0.071 0.849 0.058 
8 14 0.780 0.712 0.046 0.040 0.283 0.778 0.674 0.058 0.867 0.060 
8 15 0.805 0.719 0.039 0.032 0.294 0.772 0.671 0.048 0.883 0.061 
8 16 0.827 0.729 0.033 0.025 0.305 0.768 0.669 0.040 0.896 0.063 
8 17 0.847 0.739 0.028 0.020 0.317 0.765 0.666 0.033 0.908 0.065 
8 18 0.865 0.751 0.025 0.016 0.329 0.764 0.663 0.027 0.917 0.066 
8 19 0.880 0.763 0.021 0.013 0.341 0.763 0.661 0.023 0.925 0.068 
8 20 0.893 0.775 0.019 0.010 0.352 0.763 0.659 0.019 0.932 0.069 
8 21 0.899 0.776 0.018 0.008 0.365 0.768 0.645 0.017 0.928 0.078 
8 22 0.900 0.770 0.020 0.007 0.380 0.776 0.622 0.015 0.913 0.092 
8 23 0.897 0.760 0.025 0.005 0.395 0.785 0.597 0.015 0.886 0.112 
8 24 0.893 0.748 0.031 0.004 0.409 0.794 0.572 0.016 0.850 0.134 
8 25 0.888 0.736 0.039 0.003 0.424 0.801 0.551 0.018 0.807 0.158 
9 0 0.000 0.000 0.000 0.000 0.000 0.000 0.000 0.000 0.000 0.000 
9 1 0.199 0.204 0.152 0.194 0.107 0.220 0.163 0.193 0.125 0.092 
9 2 0.337 0.355 0.269 0.320 0.162 0.374 0.305 0.314 0.220 0.091 
9 3 0.449 0.477 0.294 0.367 0.210 0.498 0.429 0.384 0.326 0.087 
9 4 0.531 0.570 0.258 0.338 0.241 0.596 0.531 0.401 0.424 0.084 
9 5 0.586 0.638 0.213 0.281 0.257 0.670 0.612 0.379 0.508 0.084 
9 6 0.624 0.684 0.173 0.227 0.263 0.721 0.677 0.336 0.579 0.087 
9 7 0.654 0.712 0.140 0.182 0.264 0.752 0.728 0.288 0.638 0.091 
9 8 0.682 0.728 0.113 0.146 0.264 0.763 0.768 0.241 0.686 0.096 
9 9 0.710 0.737 0.091 0.117 0.264 0.758 0.800 0.200 0.726 0.102 
9 10 0.740 0.743 0.074 0.093 0.266 0.744 0.824 0.165 0.759 0.109 
9 11 0.769 0.749 0.059 0.075 0.271 0.723 0.843 0.135 0.786 0.116 
9 12 0.797 0.756 0.048 0.060 0.277 0.701 0.858 0.110 0.809 0.124 
9 13 0.824 0.766 0.039 0.048 0.286 0.678 0.869 0.090 0.828 0.132 
9 14 0.847 0.778 0.032 0.038 0.297 0.658 0.877 0.074 0.844 0.140 
9 15 0.868 0.791 0.026 0.031 0.309 0.640 0.883 0.060 0.857 0.148 
9 16 0.887 0.805 0.022 0.024 0.322 0.625 0.887 0.049 0.868 0.155 
9 17 0.902 0.820 0.018 0.020 0.335 0.613 0.890 0.041 0.878 0.162 
9 18 0.916 0.834 0.015 0.016 0.348 0.603 0.892 0.033 0.886 0.168 
9 19 0.927 0.847 0.013 0.013 0.360 0.595 0.894 0.028 0.893 0.174 
9 20 0.937 0.860 0.011 0.010 0.372 0.588 0.894 0.023 0.898 0.178 
9 21 0.942 0.863 0.011 0.008 0.387 0.597 0.880 0.019 0.890 0.190 
9 22 0.942 0.858 0.013 0.006 0.406 0.613 0.853 0.017 0.867 0.207 
9 23 0.940 0.848 0.019 0.005 0.425 0.633 0.815 0.016 0.832 0.226 
9 24 0.936 0.834 0.029 0.004 0.445 0.655 0.773 0.015 0.787 0.245 
9 25 0.931 0.819 0.042 0.003 0.464 0.675 0.732 0.015 0.737 0.263 
10 0 0.000 0.000 0.000 0.000 0.000 0.000 0.000 0.000 0.000 0.000 
10 1 0.199 0.204 0.152 0.194 0.107 0.220 0.163 0.193 0.125 0.092 
10 2 0.337 0.355 0.269 0.320 0.162 0.374 0.305 0.314 0.220 0.091 
10 3 0.453 0.476 0.307 0.356 0.195 0.499 0.426 0.365 0.328 0.085 
10 4 0.542 0.565 0.280 0.315 0.206 0.597 0.523 0.350 0.430 0.081 
10 5 0.610 0.627 0.234 0.258 0.203 0.674 0.599 0.307 0.518 0.080 
10 6 0.661 0.666 0.191 0.207 0.194 0.733 0.660 0.259 0.592 0.080 
10 7 0.702 0.687 0.155 0.166 0.183 0.776 0.709 0.215 0.654 0.082 
10 8 0.736 0.697 0.125 0.133 0.172 0.805 0.747 0.176 0.705 0.086 
10 9 0.768 0.701 0.100 0.106 0.164 0.823 0.777 0.144 0.747 0.090 
10 10 0.796 0.702 0.081 0.085 0.159 0.833 0.800 0.117 0.782 0.096 
10 11 0.822 0.703 0.065 0.068 0.156 0.837 0.818 0.095 0.811 0.103 
10 12 0.845 0.705 0.052 0.054 0.156 0.837 0.832 0.078 0.835 0.111 
10 13 0.866 0.710 0.042 0.044 0.159 0.834 0.842 0.063 0.855 0.119 
10 14 0.885 0.717 0.034 0.035 0.164 0.831 0.848 0.051 0.871 0.128 
10 15 0.901 0.726 0.027 0.028 0.170 0.827 0.853 0.042 0.885 0.136 
10 16 0.914 0.736 0.022 0.022 0.179 0.824 0.856 0.034 0.897 0.145 
10 17 0.926 0.747 0.018 0.018 0.188 0.821 0.857 0.028 0.906 0.152 
10 18 0.936 0.759 0.015 0.014 0.198 0.819 0.858 0.023 0.914 0.159 
10 19 0.945 0.771 0.012 0.011 0.208 0.816 0.857 0.019 0.921 0.166 
10 20 0.952 0.782 0.010 0.009 0.218 0.815 0.857 0.016 0.927 0.171 
10 21 0.954 0.780 0.009 0.007 0.237 0.815 0.837 0.013 0.921 0.185 
10 22 0.952 0.767 0.009 0.006 0.263 0.816 0.801 0.012 0.902 0.204 
10 23 0.946 0.748 0.013 0.005 0.293 0.817 0.756 0.011 0.871 0.227 
10 24 0.939 0.727 0.020 0.004 0.325 0.819 0.707 0.011 0.831 0.251 
10 25 0.932 0.707 0.032 0.003 0.356 0.821 0.660 0.011 0.785 0.273 
11 0 0.000 0.000 0.000 0.000 0.000 0.000 0.000 0.000 0.000 0.000 
11 1 0.199 0.204 0.152 0.194 0.107 0.220 0.163 0.193 0.125 0.092 
11 2 0.337 0.355 0.269 0.320 0.162 0.374 0.305 0.314 0.220 0.091 
11 3 0.442 0.478 0.281 0.349 0.193 0.499 0.431 0.373 0.328 0.086 
11 4 0.507 0.573 0.238 0.304 0.200 0.597 0.535 0.373 0.429 0.082 
11 5 0.539 0.644 0.194 0.247 0.192 0.674 0.619 0.339 0.517 0.080 
11 6 0.554 0.695 0.156 0.198 0.178 0.732 0.687 0.293 0.592 0.079 
11 7 0.564 0.730 0.125 0.159 0.163 0.773 0.740 0.247 0.655 0.078 
11 8 0.577 0.751 0.100 0.127 0.150 0.800 0.781 0.205 0.707 0.077 
11 9 0.595 0.762 0.081 0.102 0.138 0.816 0.814 0.169 0.751 0.077 
11 10 0.619 0.768 0.065 0.081 0.130 0.823 0.838 0.138 0.787 0.077 
11 11 0.647 0.770 0.052 0.065 0.124 0.824 0.857 0.113 0.816 0.077 
11 12 0.678 0.772 0.042 0.052 0.120 0.822 0.870 0.092 0.840 0.077 
11 13 0.709 0.773 0.034 0.042 0.119 0.818 0.879 0.075 0.859 0.078 
11 14 0.740 0.776 0.027 0.033 0.120 0.814 0.885 0.061 0.874 0.078 
11 15 0.769 0.781 0.022 0.027 0.122 0.810 0.889 0.050 0.887 0.079 
11 16 0.795 0.787 0.018 0.021 0.126 0.808 0.890 0.041 0.897 0.080 
11 17 0.819 0.793 0.014 0.017 0.132 0.806 0.890 0.034 0.905 0.081 
11 18 0.840 0.801 0.012 0.014 0.138 0.804 0.889 0.027 0.911 0.082 
11 19 0.858 0.809 0.009 0.011 0.144 0.804 0.887 0.023 0.916 0.082 
11 20 0.874 0.818 0.008 0.009 0.150 0.803 0.885 0.019 0.920 0.083 
11 21 0.882 0.811 0.007 0.007 0.170 0.806 0.863 0.016 0.911 0.092 
11 22 0.883 0.793 0.008 0.006 0.199 0.810 0.821 0.014 0.889 0.111 
11 23 0.881 0.767 0.011 0.004 0.236 0.815 0.767 0.012 0.854 0.135 
11 24 0.879 0.740 0.020 0.004 0.277 0.820 0.709 0.012 0.811 0.163 
11 25 0.877 0.713 0.033 0.003 0.317 0.824 0.653 0.012 0.764 0.193 
12 0 0.000 0.000 0.000 0.000 0.000 0.000 0.000 0.000 0.000 0.000 
12 1 0.199 0.204 0.152 0.194 0.107 0.220 0.163 0.193 0.125 0.092 
12 2 0.337 0.355 0.269 0.320 0.162 0.374 0.305 0.314 0.220 0.091 
12 3 0.428 0.481 0.266 0.362 0.195 0.499 0.431 0.415 0.263 0.085 
12 4 0.456 0.581 0.218 0.327 0.206 0.597 0.535 0.500 0.258 0.079 
12 5 0.437 0.661 0.176 0.270 0.206 0.674 0.620 0.574 0.231 0.075 
12 6 0.399 0.724 0.141 0.217 0.203 0.731 0.688 0.638 0.200 0.073 
12 7 0.361 0.773 0.113 0.174 0.204 0.771 0.743 0.691 0.169 0.072 
12 8 0.329 0.809 0.090 0.139 0.209 0.796 0.787 0.736 0.142 0.072 
12 9 0.307 0.835 0.072 0.112 0.221 0.808 0.821 0.772 0.119 0.074 
12 10 0.296 0.852 0.058 0.089 0.241 0.811 0.848 0.801 0.099 0.076 
12 11 0.297 0.862 0.046 0.071 0.269 0.806 0.869 0.823 0.083 0.078 
12 12 0.310 0.866 0.037 0.057 0.302 0.797 0.886 0.840 0.070 0.081 
12 13 0.334 0.867 0.030 0.046 0.341 0.785 0.898 0.853 0.059 0.083 
12 14 0.366 0.864 0.024 0.037 0.382 0.772 0.907 0.862 0.050 0.085 
12 15 0.405 0.861 0.019 0.029 0.424 0.760 0.914 0.868 0.043 0.086 
12 16 0.448 0.856 0.015 0.023 0.466 0.747 0.919 0.871 0.037 0.087 
12 17 0.492 0.852 0.012 0.019 0.507 0.736 0.923 0.872 0.032 0.087 
12 18 0.536 0.849 0.010 0.015 0.544 0.726 0.925 0.872 0.028 0.087 
12 19 0.577 0.847 0.008 0.012 0.579 0.717 0.927 0.872 0.024 0.086 
12 20 0.616 0.846 0.006 0.010 0.610 0.709 0.928 0.870 0.022 0.085 
12 21 0.652 0.810 0.006 0.008 0.644 0.702 0.910 0.839 0.021 0.092 
12 22 0.688 0.747 0.007 0.006 0.678 0.696 0.870 0.779 0.023 0.104 
12 23 0.725 0.674 0.014 0.005 0.709 0.690 0.814 0.702 0.028 0.121 
12 24 0.762 0.604 0.036 0.004 0.738 0.686 0.750 0.621 0.035 0.140 
12 25 0.795 0.544 0.079 0.003 0.763 0.683 0.687 0.544 0.045 0.158 
13 0 0.000 0.000 0.000 0.000 0.000 0.000 0.000 0.000 0.000 0.000 
13 1 0.199 0.204 0.152 0.194 0.107 0.220 0.163 0.193 0.125 0.092 
13 2 0.337 0.355 0.269 0.320 0.162 0.374 0.305 0.314 0.220 0.091 
13 3 0.441 0.477 0.297 0.378 0.215 0.499 0.433 0.407 0.242 0.084 
13 4 0.505 0.571 0.260 0.365 0.259 0.598 0.540 0.475 0.218 0.076 
13 5 0.533 0.641 0.214 0.314 0.293 0.677 0.627 0.525 0.183 0.070 
13 6 0.536 0.688 0.173 0.257 0.320 0.739 0.697 0.562 0.151 0.066 
13 7 0.530 0.717 0.139 0.207 0.343 0.786 0.753 0.588 0.123 0.063 
13 8 0.524 0.730 0.112 0.166 0.368 0.823 0.799 0.605 0.100 0.061 
13 9 0.526 0.730 0.090 0.133 0.395 0.849 0.835 0.614 0.081 0.061 
13 10 0.537 0.721 0.073 0.106 0.426 0.868 0.864 0.615 0.066 0.061 
13 11 0.559 0.708 0.059 0.085 0.460 0.882 0.887 0.610 0.053 0.062 
13 12 0.588 0.693 0.048 0.068 0.496 0.890 0.906 0.599 0.043 0.063 
13 13 0.623 0.678 0.039 0.054 0.533 0.896 0.921 0.583 0.035 0.064 
13 14 0.660 0.667 0.032 0.044 0.570 0.899 0.933 0.564 0.029 0.065 
13 15 0.696 0.660 0.027 0.035 0.605 0.901 0.942 0.543 0.024 0.066 
13 16 0.731 0.658 0.023 0.028 0.638 0.901 0.950 0.520 0.019 0.065 
13 17 0.763 0.661 0.020 0.022 0.667 0.900 0.956 0.498 0.016 0.065 
13 18 0.791 0.670 0.017 0.018 0.693 0.899 0.961 0.476 0.013 0.064 
13 19 0.816 0.683 0.016 0.014 0.716 0.897 0.965 0.456 0.011 0.063 
13 20 0.837 0.699 0.014 0.011 0.736 0.895 0.969 0.437 0.009 0.061 
13 21 0.853 0.695 0.016 0.009 0.754 0.886 0.967 0.399 0.008 0.064 
13 22 0.867 0.681 0.022 0.007 0.770 0.871 0.956 0.354 0.008 0.070 
13 23 0.879 0.664 0.036 0.006 0.784 0.851 0.937 0.309 0.009 0.078 
13 24 0.891 0.649 0.058 0.005 0.796 0.829 0.911 0.268 0.011 0.087 
13 25 0.901 0.640 0.089 0.004 0.805 0.807 0.880 0.233 0.014 0.097 
14 0 0.000 0.000 0.000 0.000 0.000 0.000 0.000 0.000 0.000 0.000 
14 1 0.199 0.204 0.152 0.194 0.107 0.220 0.163 0.193 0.125 0.092 
14 2 0.337 0.355 0.269 0.320 0.162 0.374 0.305 0.314 0.220 0.091 
14 3 0.420 0.480 0.273 0.375 0.198 0.498 0.433 0.425 0.235 0.088 
14 4 0.431 0.580 0.227 0.357 0.214 0.596 0.539 0.521 0.206 0.087 
14 5 0.394 0.659 0.183 0.304 0.218 0.671 0.626 0.603 0.171 0.092 
14 6 0.345 0.721 0.147 0.248 0.218 0.725 0.696 0.671 0.139 0.102 
14 7 0.298 0.767 0.118 0.199 0.220 0.760 0.753 0.726 0.112 0.116 
14 8 0.259 0.800 0.094 0.160 0.227 0.778 0.797 0.770 0.091 0.135 
14 9 0.229 0.822 0.076 0.128 0.242 0.783 0.833 0.804 0.073 0.156 
14 10 0.209 0.834 0.061 0.102 0.264 0.778 0.862 0.830 0.059 0.179 
14 11 0.200 0.838 0.049 0.082 0.295 0.766 0.884 0.850 0.047 0.202 
14 12 0.200 0.837 0.039 0.065 0.332 0.751 0.902 0.864 0.038 0.225 
14 13 0.211 0.832 0.032 0.052 0.374 0.734 0.916 0.873 0.031 0.247 
14 14 0.232 0.825 0.026 0.042 0.418 0.716 0.927 0.879 0.025 0.266 
14 15 0.262 0.818 0.021 0.034 0.462 0.699 0.936 0.882 0.020 0.282 
14 16 0.298 0.811 0.018 0.027 0.505 0.684 0.943 0.883 0.016 0.296 
14 17 0.338 0.805 0.015 0.021 0.546 0.669 0.948 0.881 0.013 0.307 
14 18 0.380 0.800 0.013 0.017 0.583 0.656 0.952 0.878 0.011 0.315 
14 19 0.423 0.797 0.012 0.014 0.616 0.645 0.954 0.874 0.009 0.321 
14 20 0.464 0.795 0.011 0.011 0.646 0.634 0.956 0.869 0.007 0.324 
14 21 0.513 0.758 0.015 0.009 0.677 0.628 0.945 0.835 0.007 0.330 
14 22 0.568 0.695 0.032 0.007 0.709 0.624 0.915 0.774 0.007 0.335 
14 23 0.624 0.626 0.077 0.006 0.738 0.622 0.867 0.695 0.009 0.339 
14 24 0.679 0.560 0.155 0.004 0.765 0.624 0.804 0.611 0.012 0.340 
14 25 0.728 0.508 0.252 0.004 0.787 0.629 0.736 0.528 0.018 0.337 
15 0 0.000 0.000 0.000 0.000 0.000 0.000 0.000 0.000 0.000 0.000 
15 1 0.199 0.204 0.152 0.194 0.107 0.220 0.163 0.193 0.125 0.092 
15 2 0.337 0.355 0.269 0.320 0.162 0.374 0.305 0.314 0.220 0.091 
15 3 0.435 0.477 0.297 0.375 0.199 0.499 0.428 0.417 0.263 0.087 
15 4 0.483 0.570 0.260 0.357 0.217 0.598 0.528 0.501 0.258 0.087 
15 5 0.483 0.637 0.214 0.304 0.221 0.676 0.609 0.570 0.231 0.092 
15 6 0.459 0.680 0.174 0.248 0.219 0.736 0.674 0.627 0.198 0.100 
15 7 0.428 0.700 0.140 0.199 0.216 0.782 0.726 0.672 0.166 0.113 
15 8 0.402 0.700 0.113 0.160 0.216 0.814 0.766 0.707 0.139 0.129 
15 9 0.386 0.684 0.091 0.128 0.222 0.837 0.798 0.734 0.115 0.148 
15 10 0.383 0.655 0.073 0.102 0.233 0.850 0.823 0.754 0.095 0.168 
15 11 0.394 0.620 0.060 0.082 0.250 0.858 0.842 0.768 0.079 0.190 
15 12 0.418 0.582 0.049 0.065 0.273 0.861 0.856 0.776 0.066 0.211 
15 13 0.452 0.546 0.040 0.052 0.301 0.861 0.867 0.779 0.055 0.232 
15 14 0.494 0.512 0.034 0.042 0.332 0.859 0.875 0.779 0.046 0.250 
15 15 0.540 0.483 0.030 0.033 0.365 0.856 0.881 0.774 0.038 0.266 
15 16 0.586 0.460 0.027 0.027 0.399 0.853 0.886 0.767 0.032 0.279 
15 17 0.631 0.441 0.025 0.021 0.432 0.849 0.889 0.758 0.027 0.289 
15 18 0.672 0.429 0.024 0.017 0.463 0.846 0.891 0.747 0.023 0.296 
15 19 0.709 0.422 0.024 0.014 0.492 0.843 0.893 0.736 0.020 0.301 
15 20 0.741 0.421 0.024 0.011 0.518 0.840 0.895 0.725 0.017 0.303 
15 21 0.768 0.399 0.033 0.009 0.553 0.832 0.876 0.684 0.016 0.308 
15 22 0.794 0.370 0.060 0.007 0.591 0.820 0.837 0.626 0.018 0.314 
15 23 0.818 0.342 0.112 0.006 0.630 0.808 0.784 0.559 0.021 0.318 
15 24 0.840 0.320 0.185 0.004 0.666 0.796 0.723 0.493 0.027 0.319 
15 25 0.860 0.308 0.264 0.004 0.696 0.787 0.665 0.432 0.034 0.315 
16 0 0.000 0.000 0.000 0.000 0.000 0.000 0.000 0.000 0.000 0.000 
16 1 0.199 0.204 0.152 0.194 0.107 0.220 0.163 0.193 0.125 0.092 
16 2 0.337 0.355 0.269 0.320 0.162 0.374 0.305 0.314 0.220 0.091 
16 3 0.402 0.468 0.368 0.433 0.186 0.499 0.403 0.417 0.262 0.089 
16 4 0.380 0.526 0.442 0.530 0.188 0.598 0.443 0.502 0.259 0.092 
16 5 0.325 0.522 0.495 0.615 0.179 0.676 0.430 0.575 0.236 0.103 
16 6 0.269 0.476 0.535 0.688 0.164 0.737 0.388 0.642 0.206 0.124 
16 7 0.220 0.415 0.571 0.748 0.148 0.783 0.339 0.700 0.177 0.156 
16 8 0.179 0.353 0.606 0.798 0.133 0.818 0.290 0.751 0.151 0.196 
16 9 0.145 0.298 0.642 0.838 0.121 0.842 0.247 0.794 0.129 0.242 
16 10 0.118 0.250 0.680 0.871 0.110 0.859 0.211 0.829 0.111 0.290 
16 11 0.096 0.211 0.718 0.896 0.102 0.872 0.182 0.859 0.096 0.338 
16 12 0.078 0.179 0.755 0.917 0.096 0.881 0.158 0.883 0.084 0.384 
16 13 0.064 0.153 0.789 0.934 0.092 0.889 0.140 0.902 0.075 0.426 
16 14 0.053 0.134 0.819 0.947 0.090 0.895 0.127 0.918 0.069 0.464 
16 15 0.044 0.119 0.846 0.958 0.090 0.901 0.118 0.931 0.064 0.498 
16 16 0.037 0.108 0.869 0.966 0.090 0.906 0.112 0.941 0.061 0.527 
16 17 0.031 0.100 0.888 0.973 0.092 0.911 0.109 0.949 0.060 0.552 
16 18 0.027 0.095 0.904 0.978 0.094 0.916 0.108 0.955 0.059 0.573 
16 19 0.023 0.092 0.918 0.983 0.096 0.920 0.109 0.960 0.059 0.591 
16 20 0.020 0.091 0.929 0.986 0.098 0.923 0.111 0.964 0.060 0.606 
16 21 0.019 0.098 0.937 0.989 0.110 0.924 0.121 0.963 0.071 0.624 
16 22 0.019 0.113 0.943 0.991 0.129 0.921 0.137 0.956 0.094 0.642 
16 23 0.020 0.133 0.946 0.993 0.152 0.917 0.157 0.942 0.128 0.660 
16 24 0.022 0.157 0.948 0.994 0.178 0.911 0.178 0.920 0.172 0.676 
16 25 0.024 0.183 0.948 0.995 0.203 0.903 0.198 0.892 0.221 0.690 
17 0 0.000 0.000 0.000 0.000 0.000 0.000 0.000 0.000 0.000 0.000 
17 1 0.199 0.204 0.152 0.194 0.107 0.220 0.163 0.193 0.125 0.092 
17 2 0.337 0.355 0.269 0.320 0.162 0.374 0.305 0.314 0.220 0.091 
17 3 0.379 0.474 0.364 0.438 0.200 0.498 0.388 0.414 0.279 0.096 
17 4 0.333 0.559 0.432 0.540 0.221 0.597 0.393 0.495 0.305 0.115 
17 5 0.272 0.605 0.481 0.628 0.228 0.673 0.350 0.565 0.313 0.156 
17 6 0.219 0.612 0.520 0.700 0.227 0.730 0.296 0.625 0.312 0.216 
17 7 0.176 0.589 0.554 0.759 0.221 0.768 0.245 0.677 0.308 0.289 
17 8 0.141 0.549 0.589 0.807 0.215 0.790 0.201 0.722 0.305 0.368 
17 9 0.113 0.504 0.625 0.846 0.209 0.798 0.165 0.762 0.304 0.447 
17 10 0.091 0.461 0.664 0.877 0.205 0.796 0.135 0.796 0.307 0.521 
17 11 0.073 0.425 0.703 0.901 0.205 0.787 0.110 0.824 0.315 0.587 
17 12 0.058 0.397 0.741 0.921 0.207 0.776 0.090 0.849 0.328 0.645 
17 13 0.047 0.377 0.777 0.937 0.213 0.764 0.074 0.869 0.345 0.695 
17 14 0.038 0.366 0.809 0.949 0.221 0.754 0.062 0.886 0.366 0.738 
17 15 0.030 0.362 0.837 0.960 0.231 0.746 0.051 0.899 0.389 0.773 
17 16 0.024 0.364 0.860 0.968 0.243 0.741 0.043 0.910 0.414 0.803 
17 17 0.019 0.369 0.881 0.974 0.255 0.737 0.036 0.919 0.440 0.827 
17 18 0.016 0.378 0.898 0.979 0.267 0.735 0.031 0.926 0.465 0.848 
17 19 0.013 0.387 0.912 0.983 0.279 0.735 0.026 0.932 0.489 0.864 
17 20 0.010 0.397 0.924 0.987 0.291 0.734 0.023 0.936 0.511 0.878 
17 21 0.009 0.408 0.932 0.989 0.302 0.736 0.022 0.934 0.539 0.887 
17 22 0.007 0.417 0.937 0.992 0.313 0.739 0.023 0.926 0.569 0.892 
17 23 0.007 0.426 0.939 0.993 0.323 0.742 0.028 0.913 0.599 0.894 
17 24 0.007 0.434 0.941 0.995 0.332 0.745 0.035 0.894 0.627 0.894 
17 25 0.009 0.441 0.940 0.996 0.339 0.748 0.043 0.872 0.652 0.892 
18 0 0.000 0.000 0.000 0.000 0.000 0.000 0.000 0.000 0.000 0.000 
18 1 0.199 0.204 0.152 0.194 0.107 0.220 0.163 0.193 0.125 0.092 
18 2 0.337 0.355 0.269 0.320 0.162 0.374 0.305 0.314 0.220 0.091 
18 3 0.407 0.470 0.368 0.429 0.197 0.498 0.397 0.416 0.275 0.090 
18 4 0.393 0.538 0.445 0.521 0.213 0.597 0.422 0.499 0.292 0.094 
18 5 0.340 0.550 0.502 0.602 0.216 0.674 0.394 0.569 0.287 0.108 
18 6 0.283 0.517 0.548 0.674 0.210 0.731 0.346 0.633 0.271 0.135 
18 7 0.232 0.461 0.589 0.736 0.200 0.772 0.295 0.689 0.252 0.175 
18 8 0.189 0.400 0.629 0.787 0.189 0.798 0.248 0.739 0.233 0.225 
18 9 0.154 0.343 0.669 0.830 0.179 0.812 0.208 0.781 0.217 0.283 
18 10 0.126 0.294 0.710 0.864 0.172 0.817 0.174 0.817 0.205 0.343 
18 11 0.103 0.253 0.748 0.891 0.167 0.817 0.147 0.847 0.196 0.403 
18 12 0.084 0.220 0.784 0.913 0.165 0.813 0.125 0.872 0.192 0.458 
18 13 0.070 0.195 0.817 0.930 0.166 0.810 0.107 0.893 0.191 0.509 
18 14 0.058 0.176 0.845 0.944 0.169 0.807 0.094 0.909 0.195 0.553 
18 15 0.049 0.163 0.870 0.955 0.173 0.805 0.083 0.923 0.202 0.592 
18 16 0.042 0.155 0.890 0.964 0.179 0.805 0.076 0.934 0.212 0.626 
18 17 0.036 0.151 0.908 0.971 0.186 0.806 0.070 0.942 0.224 0.655 
18 18 0.032 0.150 0.922 0.977 0.193 0.808 0.066 0.949 0.237 0.679 
18 19 0.029 0.152 0.934 0.982 0.199 0.810 0.063 0.955 0.252 0.700 
18 20 0.026 0.155 0.944 0.985 0.206 0.813 0.062 0.959 0.267 0.718 
18 21 0.025 0.168 0.951 0.988 0.218 0.816 0.066 0.959 0.297 0.734 
18 22 0.026 0.189 0.955 0.991 0.234 0.818 0.075 0.953 0.337 0.748 
18 23 0.027 0.213 0.958 0.992 0.251 0.820 0.087 0.941 0.382 0.760 
18 24 0.029 0.240 0.959 0.994 0.267 0.821 0.102 0.922 0.429 0.770 
18 25 0.031 0.266 0.958 0.995 0.282 0.821 0.116 0.899 0.474 0.778 
19 0 0.000 0.000 0.000 0.000 0.000 0.000 0.000 0.000 0.000 0.000 
19 1 0.199 0.204 0.152 0.194 0.107 0.220 0.163 0.193 0.125 0.092 
19 2 0.337 0.355 0.269 0.320 0.162 0.374 0.305 0.314 0.220 0.091 
19 3 0.392 0.469 0.365 0.434 0.195 0.499 0.403 0.422 0.269 0.088 
19 4 0.357 0.531 0.433 0.533 0.208 0.598 0.445 0.515 0.277 0.090 
19 5 0.299 0.532 0.481 0.618 0.207 0.676 0.437 0.594 0.264 0.099 
19 6 0.243 0.489 0.519 0.691 0.197 0.738 0.403 0.662 0.242 0.116 
19 7 0.197 0.428 0.553 0.751 0.185 0.785 0.360 0.719 0.218 0.143 
19 8 0.159 0.366 0.590 0.800 0.172 0.821 0.317 0.768 0.196 0.177 
19 9 0.128 0.309 0.630 0.840 0.162 0.847 0.277 0.808 0.177 0.218 
19 10 0.103 0.261 0.672 0.872 0.154 0.866 0.242 0.842 0.162 0.262 
19 11 0.083 0.220 0.713 0.898 0.149 0.881 0.213 0.869 0.150 0.306 
19 12 0.067 0.187 0.753 0.918 0.148 0.891 0.190 0.892 0.141 0.348 
19 13 0.054 0.160 0.789 0.934 0.149 0.900 0.172 0.910 0.136 0.387 
19 14 0.044 0.140 0.821 0.948 0.152 0.907 0.159 0.925 0.134 0.423 
19 15 0.035 0.124 0.849 0.958 0.157 0.913 0.149 0.937 0.134 0.454 
19 16 0.029 0.112 0.872 0.966 0.164 0.919 0.143 0.947 0.135 0.481 
19 17 0.024 0.104 0.892 0.973 0.171 0.923 0.140 0.954 0.138 0.505 
19 18 0.019 0.099 0.909 0.979 0.178 0.927 0.138 0.961 0.142 0.525 
19 19 0.016 0.096 0.923 0.983 0.185 0.931 0.139 0.966 0.146 0.541 
19 20 0.013 0.094 0.934 0.986 0.192 0.934 0.140 0.970 0.151 0.556 
19 21 0.012 0.101 0.942 0.989 0.205 0.934 0.147 0.970 0.170 0.575 
19 22 0.011 0.114 0.947 0.991 0.222 0.930 0.158 0.964 0.200 0.596 
19 23 0.011 0.132 0.950 0.993 0.240 0.924 0.171 0.953 0.239 0.617 
19 24 0.012 0.154 0.952 0.994 0.257 0.916 0.184 0.936 0.284 0.638 
19 25 0.014 0.178 0.952 0.995 0.272 0.906 0.196 0.912 0.332 0.658 
20 0 0.000 0.000 0.000 0.000 0.000 0.000 0.000 0.000 0.000 0.000 
20 1 0.199 0.204 0.152 0.194 0.107 0.220 0.163 0.193 0.125 0.092 
20 2 0.337 0.355 0.269 0.320 0.162 0.374 0.305 0.314 0.220 0.091 
20 3 0.383 0.475 0.378 0.434 0.183 0.499 0.411 0.386 0.308 0.095 
20 4 0.338 0.563 0.472 0.532 0.181 0.598 0.470 0.408 0.384 0.113 
20 5 0.278 0.618 0.552 0.617 0.169 0.676 0.485 0.398 0.451 0.150 
20 6 0.224 0.644 0.621 0.690 0.152 0.736 0.468 0.370 0.512 0.206 
20 7 0.180 0.647 0.680 0.750 0.136 0.781 0.435 0.334 0.567 0.276 
20 8 0.145 0.638 0.731 0.799 0.122 0.812 0.397 0.298 0.617 0.352 
20 9 0.116 0.625 0.775 0.839 0.110 0.831 0.361 0.264 0.661 0.429 
20 10 0.093 0.615 0.813 0.871 0.100 0.841 0.328 0.232 0.701 0.501 
20 11 0.075 0.610 0.844 0.897 0.092 0.844 0.300 0.204 0.736 0.566 
20 12 0.060 0.612 0.871 0.917 0.087 0.842 0.277 0.180 0.766 0.624 
20 13 0.048 0.621 0.893 0.934 0.084 0.838 0.258 0.158 0.793 0.674 
20 14 0.039 0.636 0.911 0.947 0.084 0.834 0.244 0.139 0.815 0.716 
20 15 0.032 0.654 0.926 0.958 0.085 0.830 0.232 0.122 0.834 0.752 
20 16 0.026 0.675 0.938 0.966 0.087 0.826 0.224 0.107 0.851 0.782 
20 17 0.021 0.696 0.947 0.973 0.091 0.823 0.217 0.094 0.864 0.806 
20 18 0.017 0.717 0.955 0.978 0.096 0.822 0.213 0.083 0.875 0.827 
20 19 0.014 0.736 0.961 0.983 0.102 0.820 0.209 0.073 0.885 0.844 
20 20 0.012 0.754 0.966 0.986 0.108 0.819 0.207 0.065 0.892 0.857 
20 21 0.011 0.766 0.969 0.989 0.120 0.817 0.204 0.059 0.893 0.865 
20 22 0.011 0.772 0.969 0.991 0.137 0.813 0.201 0.056 0.887 0.869 
20 23 0.013 0.775 0.967 0.993 0.157 0.809 0.197 0.055 0.877 0.869 
20 24 0.016 0.776 0.963 0.994 0.179 0.805 0.194 0.056 0.863 0.866 
20 25 0.022 0.775 0.958 0.995 0.200 0.801 0.191 0.057 0.846 0.862 
21 0 0.000 0.000 0.000 0.000 0.000 0.000 0.000 0.000 0.000 0.000 
21 1 0.199 0.204 0.152 0.194 0.107 0.220 0.163 0.193 0.125 0.092 
21 2 0.337 0.355 0.269 0.320 0.162 0.374 0.305 0.314 0.220 0.091 
21 3 0.381 0.476 0.382 0.439 0.203 0.499 0.420 0.371 0.307 0.092 
21 4 0.335 0.568 0.481 0.543 0.230 0.598 0.501 0.366 0.383 0.100 
21 5 0.274 0.631 0.564 0.630 0.246 0.676 0.549 0.331 0.451 0.118 
21 6 0.221 0.669 0.634 0.702 0.254 0.738 0.566 0.287 0.512 0.145 
21 7 0.177 0.686 0.692 0.761 0.258 0.785 0.560 0.243 0.567 0.179 
21 8 0.142 0.689 0.740 0.809 0.258 0.821 0.540 0.204 0.614 0.220 
21 9 0.114 0.685 0.781 0.847 0.257 0.846 0.512 0.171 0.657 0.264 
21 10 0.091 0.678 0.814 0.877 0.256 0.864 0.483 0.143 0.694 0.310 
21 11 0.073 0.673 0.843 0.902 0.256 0.875 0.454 0.120 0.727 0.356 
21 12 0.059 0.672 0.866 0.921 0.258 0.882 0.428 0.101 0.755 0.400 
21 13 0.047 0.674 0.886 0.937 0.262 0.887 0.406 0.085 0.780 0.441 
21 14 0.038 0.681 0.903 0.950 0.268 0.889 0.387 0.072 0.802 0.478 
21 15 0.030 0.690 0.916 0.960 0.276 0.890 0.371 0.061 0.820 0.511 
21 16 0.024 0.701 0.928 0.968 0.285 0.891 0.359 0.052 0.836 0.541 
21 17 0.020 0.714 0.937 0.974 0.295 0.891 0.349 0.045 0.850 0.566 
21 18 0.016 0.727 0.944 0.979 0.307 0.891 0.340 0.038 0.862 0.589 
21 19 0.013 0.739 0.950 0.984 0.318 0.890 0.334 0.033 0.873 0.607 
21 20 0.010 0.751 0.955 0.987 0.330 0.890 0.328 0.029 0.881 0.623 
21 21 0.009 0.754 0.956 0.989 0.333 0.885 0.315 0.027 0.882 0.638 
21 22 0.008 0.752 0.955 0.992 0.333 0.876 0.297 0.027 0.875 0.651 
21 23 0.008 0.747 0.951 0.993 0.330 0.864 0.280 0.028 0.862 0.664 
21 24 0.009 0.741 0.946 0.995 0.326 0.852 0.263 0.031 0.846 0.676 
21 25 0.012 0.735 0.939 0.996 0.323 0.840 0.249 0.036 0.827 0.687 
22 0 0.000 0.000 0.000 0.000 0.000 0.000 0.000 0.000 0.000 0.000 
22 1 0.199 0.204 0.152 0.194 0.107 0.220 0.163 0.193 0.125 0.092 
22 2 0.337 0.355 0.269 0.320 0.162 0.374 0.305 0.314 0.220 0.091 
22 3 0.378 0.477 0.369 0.442 0.198 0.499 0.419 0.360 0.314 0.093 
22 4 0.331 0.571 0.449 0.547 0.217 0.598 0.497 0.339 0.400 0.104 
22 5 0.271 0.640 0.513 0.634 0.223 0.677 0.541 0.294 0.478 0.127 
22 6 0.219 0.687 0.566 0.706 0.220 0.739 0.553 0.246 0.547 0.161 
22 7 0.176 0.715 0.612 0.765 0.213 0.787 0.543 0.203 0.606 0.204 
22 8 0.141 0.732 0.653 0.811 0.204 0.824 0.519 0.166 0.657 0.254 
22 9 0.113 0.740 0.691 0.849 0.195 0.850 0.488 0.136 0.700 0.308 
22 10 0.091 0.745 0.725 0.879 0.187 0.869 0.456 0.111 0.738 0.361 
22 11 0.073 0.750 0.756 0.903 0.181 0.882 0.425 0.090 0.769 0.413 
22 12 0.058 0.756 0.784 0.923 0.177 0.891 0.396 0.074 0.796 0.460 
22 13 0.047 0.764 0.810 0.938 0.176 0.897 0.372 0.060 0.819 0.504 
22 14 0.037 0.774 0.832 0.951 0.177 0.900 0.350 0.049 0.839 0.542 
22 15 0.030 0.785 0.851 0.960 0.181 0.903 0.332 0.041 0.855 0.574 
22 16 0.024 0.797 0.868 0.968 0.186 0.905 0.317 0.033 0.869 0.603 
22 17 0.020 0.808 0.882 0.975 0.194 0.906 0.304 0.027 0.881 0.626 
22 18 0.016 0.820 0.894 0.980 0.203 0.908 0.294 0.023 0.891 0.646 
22 19 0.013 0.830 0.903 0.984 0.212 0.909 0.285 0.019 0.899 0.662 
22 20 0.010 0.840 0.911 0.987 0.223 0.909 0.278 0.016 0.906 0.675 
22 21 0.009 0.840 0.915 0.990 0.231 0.905 0.267 0.014 0.905 0.686 
22 22 0.008 0.834 0.915 0.992 0.239 0.896 0.254 0.013 0.898 0.696 
22 23 0.008 0.823 0.912 0.993 0.245 0.885 0.242 0.014 0.886 0.705 
22 24 0.009 0.811 0.908 0.995 0.252 0.872 0.230 0.016 0.871 0.714 
22 25 0.012 0.798 0.903 0.996 0.258 0.859 0.221 0.019 0.852 0.721 
23 0 0.000 0.000 0.000 0.000 0.000 0.000 0.000 0.000 0.000 0.000 
23 1 0.199 0.204 0.152 0.194 0.107 0.220 0.163 0.193 0.125 0.092 
23 2 0.337 0.355 0.269 0.320 0.162 0.374 0.305 0.314 0.220 0.091 
23 3 0.388 0.477 0.375 0.440 0.199 0.499 0.416 0.360 0.319 0.097 
23 4 0.348 0.569 0.466 0.543 0.215 0.597 0.487 0.339 0.412 0.119 
23 5 0.288 0.633 0.544 0.631 0.215 0.675 0.519 0.294 0.498 0.161 
23 6 0.233 0.672 0.610 0.703 0.203 0.736 0.517 0.246 0.575 0.220 
23 7 0.187 0.692 0.668 0.762 0.186 0.781 0.495 0.203 0.641 0.291 
23 8 0.150 0.698 0.718 0.809 0.167 0.814 0.462 0.167 0.697 0.367 
23 9 0.121 0.698 0.761 0.847 0.149 0.836 0.425 0.137 0.745 0.442 
23 10 0.097 0.695 0.798 0.878 0.133 0.850 0.390 0.112 0.785 0.512 
23 11 0.078 0.695 0.830 0.902 0.120 0.859 0.358 0.092 0.818 0.576 
23 12 0.062 0.697 0.857 0.922 0.109 0.863 0.330 0.075 0.846 0.632 
23 13 0.050 0.704 0.879 0.937 0.100 0.866 0.305 0.062 0.869 0.680 
23 14 0.040 0.714 0.898 0.950 0.094 0.867 0.285 0.051 0.887 0.721 
23 15 0.033 0.726 0.913 0.960 0.090 0.868 0.269 0.042 0.903 0.756 
23 16 0.026 0.739 0.926 0.968 0.087 0.869 0.255 0.035 0.915 0.785 
23 17 0.021 0.754 0.936 0.974 0.086 0.870 0.244 0.029 0.925 0.809 
23 18 0.018 0.768 0.945 0.980 0.087 0.871 0.235 0.024 0.934 0.830 
23 19 0.015 0.781 0.951 0.984 0.088 0.873 0.228 0.020 0.940 0.846 
23 20 0.012 0.793 0.957 0.987 0.089 0.874 0.222 0.017 0.946 0.860 
23 21 0.011 0.798 0.959 0.990 0.097 0.871 0.216 0.015 0.946 0.867 
23 22 0.011 0.799 0.959 0.992 0.110 0.865 0.209 0.014 0.941 0.871 
23 23 0.012 0.797 0.957 0.993 0.127 0.857 0.203 0.015 0.931 0.871 
23 24 0.015 0.793 0.953 0.995 0.147 0.849 0.197 0.017 0.917 0.869 
23 25 0.019 0.788 0.947 0.996 0.167 0.840 0.192 0.020 0.899 0.864 
24 0 0.000 0.000 0.000 0.000 0.000 0.000 0.000 0.000 0.000 0.000 
24 1 0.199 0.204 0.152 0.194 0.107 0.220 0.163 0.193 0.125 0.092 
24 2 0.337 0.355 0.269 0.320 0.162 0.374 0.305 0.314 0.220 0.091 
24 3 0.396 0.477 0.377 0.444 0.183 0.499 0.404 0.397 0.258 0.090 
24 4 0.367 0.569 0.466 0.550 0.182 0.598 0.444 0.442 0.251 0.093 
24 5 0.309 0.633 0.537 0.638 0.170 0.677 0.431 0.460 0.227 0.104 
24 6 0.252 0.673 0.596 0.710 0.155 0.739 0.391 0.461 0.198 0.121 
24 7 0.204 0.692 0.645 0.768 0.139 0.787 0.343 0.452 0.170 0.143 
24 8 0.165 0.697 0.687 0.814 0.124 0.824 0.296 0.437 0.146 0.169 
24 9 0.133 0.695 0.724 0.851 0.111 0.852 0.254 0.419 0.125 0.197 
24 10 0.107 0.691 0.757 0.881 0.102 0.873 0.219 0.399 0.107 0.225 
24 11 0.087 0.689 0.787 0.905 0.094 0.888 0.191 0.378 0.092 0.251 
24 12 0.070 0.690 0.814 0.924 0.089 0.901 0.169 0.357 0.080 0.274 
24 13 0.057 0.696 0.838 0.939 0.087 0.910 0.152 0.335 0.069 0.294 
24 14 0.046 0.705 0.859 0.951 0.087 0.918 0.140 0.313 0.061 0.311 
24 15 0.038 0.716 0.877 0.961 0.089 0.924 0.133 0.290 0.054 0.323 
24 16 0.031 0.729 0.892 0.969 0.092 0.930 0.129 0.268 0.049 0.332 
24 17 0.026 0.743 0.904 0.975 0.097 0.934 0.128 0.247 0.045 0.338 
24 18 0.021 0.757 0.915 0.980 0.103 0.938 0.130 0.226 0.041 0.340 
24 19 0.018 0.771 0.924 0.984 0.109 0.941 0.133 0.207 0.038 0.341 
24 20 0.015 0.783 0.931 0.987 0.116 0.944 0.138 0.189 0.036 0.339 
24 21 0.014 0.786 0.933 0.990 0.134 0.944 0.153 0.173 0.038 0.345 
24 22 0.014 0.781 0.932 0.992 0.159 0.940 0.176 0.158 0.044 0.355 
24 23 0.015 0.771 0.929 0.993 0.189 0.934 0.205 0.145 0.056 0.367 
24 24 0.017 0.759 0.924 0.995 0.220 0.926 0.236 0.135 0.071 0.381 
24 25 0.020 0.744 0.917 0.996 0.250 0.916 0.267 0.126 0.089 0.396 
25 0 0.000 0.000 0.000 0.000 0.000 0.000 0.000 0.000 0.000 0.000 
25 1 0.199 0.204 0.152 0.194 0.107 0.220 0.163 0.193 0.125 0.092 
25 2 0.337 0.355 0.269 0.320 0.162 0.374 0.305 0.314 0.220 0.091 
25 3 0.409 0.478 0.371 0.442 0.192 0.498 0.396 0.405 0.260 0.090 
25 4 0.400 0.573 0.452 0.548 0.202 0.596 0.416 0.467 0.255 0.093 
25 5 0.350 0.643 0.514 0.636 0.200 0.670 0.383 0.511 0.230 0.102 
25 6 0.293 0.690 0.563 0.708 0.191 0.722 0.332 0.546 0.200 0.117 
25 7 0.241 0.717 0.602 0.766 0.179 0.755 0.280 0.577 0.171 0.136 
25 8 0.197 0.729 0.635 0.812 0.168 0.769 0.233 0.605 0.145 0.160 
25 9 0.161 0.730 0.665 0.850 0.157 0.769 0.193 0.631 0.123 0.186 
25 10 0.131 0.727 0.694 0.880 0.148 0.759 0.160 0.655 0.104 0.215 
25 11 0.107 0.723 0.722 0.904 0.142 0.744 0.133 0.677 0.089 0.244 
25 12 0.088 0.720 0.750 0.923 0.138 0.726 0.112 0.697 0.076 0.272 
25 13 0.072 0.721 0.776 0.939 0.136 0.709 0.095 0.714 0.066 0.300 
25 14 0.060 0.725 0.801 0.951 0.137 0.693 0.081 0.728 0.058 0.325 
25 15 0.050 0.731 0.823 0.961 0.140 0.680 0.071 0.739 0.051 0.348 
25 16 0.042 0.739 0.844 0.969 0.144 0.669 0.063 0.748 0.046 0.368 
25 17 0.036 0.749 0.861 0.975 0.150 0.661 0.057 0.754 0.042 0.385 
25 18 0.031 0.759 0.876 0.980 0.157 0.656 0.053 0.758 0.039 0.399 
25 19 0.028 0.768 0.890 0.984 0.164 0.652 0.050 0.760 0.037 0.411 
25 20 0.025 0.778 0.901 0.987 0.172 0.650 0.048 0.761 0.035 0.420 
25 21 0.023 0.775 0.906 0.990 0.189 0.656 0.053 0.746 0.039 0.439 
25 22 0.023 0.764 0.907 0.992 0.212 0.666 0.064 0.721 0.052 0.463 
25 23 0.023 0.747 0.906 0.993 0.239 0.677 0.082 0.688 0.073 0.488 
25 24 0.024 0.728 0.903 0.995 0.265 0.687 0.105 0.651 0.102 0.514 
25 25 0.026 0.707 0.899 0.996 0.290 0.696 0.131 0.612 0.139 0.539 
26 0 0.000 0.000 0.000 0.000 0.000 0.000 0.000 0.000 0.000 0.000 
26 1 0.199 0.204 0.152 0.194 0.107 0.220 0.163 0.193 0.125 0.092 
26 2 0.337 0.355 0.269 0.320 0.162 0.374 0.305 0.314 0.220 0.091 
26 3 0.420 0.477 0.366 0.441 0.204 0.499 0.412 0.388 0.248 0.084 
26 4 0.437 0.569 0.438 0.545 0.232 0.598 0.475 0.413 0.230 0.076 
26 5 0.405 0.634 0.487 0.632 0.247 0.676 0.491 0.405 0.198 0.071 
26 6 0.353 0.675 0.520 0.703 0.251 0.736 0.473 0.382 0.166 0.068 
26 7 0.299 0.697 0.546 0.762 0.248 0.782 0.436 0.355 0.137 0.067 
26 8 0.250 0.705 0.568 0.809 0.240 0.816 0.394 0.327 0.113 0.068 
26 9 0.209 0.706 0.590 0.847 0.232 0.840 0.353 0.301 0.093 0.071 
26 10 0.174 0.706 0.615 0.878 0.224 0.857 0.317 0.276 0.076 0.076 
26 11 0.145 0.708 0.641 0.902 0.220 0.869 0.287 0.252 0.063 0.081 
26 12 0.122 0.712 0.668 0.922 0.218 0.878 0.265 0.230 0.052 0.085 
26 13 0.104 0.721 0.696 0.937 0.221 0.886 0.250 0.208 0.043 0.089 
26 14 0.089 0.733 0.724 0.950 0.227 0.892 0.241 0.187 0.036 0.092 
26 15 0.077 0.746 0.750 0.960 0.236 0.898 0.238 0.168 0.030 0.095 
26 16 0.069 0.761 0.773 0.968 0.248 0.903 0.239 0.149 0.026 0.096 
26 17 0.062 0.776 0.793 0.974 0.262 0.908 0.244 0.132 0.022 0.096 
26 18 0.057 0.790 0.811 0.979 0.276 0.912 0.251 0.117 0.019 0.096 
26 19 0.053 0.803 0.826 0.984 0.290 0.916 0.259 0.104 0.016 0.096 
26 20 0.050 0.815 0.839 0.987 0.303 0.919 0.267 0.092 0.014 0.095 
26 21 0.048 0.814 0.845 0.989 0.318 0.919 0.280 0.083 0.014 0.102 
26 22 0.047 0.803 0.848 0.992 0.334 0.915 0.296 0.076 0.017 0.114 
26 23 0.047 0.786 0.848 0.993 0.348 0.910 0.313 0.071 0.021 0.132 
26 24 0.047 0.764 0.846 0.995 0.359 0.902 0.331 0.068 0.029 0.154 
26 25 0.047 0.740 0.844 0.996 0.369 0.893 0.349 0.066 0.039 0.178 
27 0 0.000 0.000 0.000 0.000 0.000 0.000 0.000 0.000 0.000 0.000 
27 1 0.199 0.204 0.152 0.194 0.107 0.220 0.163 0.193 0.125 0.092 
27 2 0.337 0.355 0.269 0.320 0.162 0.374 0.305 0.314 0.220 0.091 
27 3 0.420 0.477 0.385 0.445 0.190 0.499 0.400 0.390 0.251 0.090 
27 4 0.437 0.571 0.486 0.552 0.199 0.597 0.429 0.418 0.236 0.093 
27 5 0.407 0.639 0.570 0.640 0.197 0.674 0.405 0.412 0.206 0.101 
27 6 0.358 0.685 0.641 0.711 0.191 0.733 0.358 0.389 0.174 0.112 
27 7 0.307 0.711 0.700 0.769 0.183 0.775 0.307 0.359 0.146 0.126 
27 8 0.261 0.724 0.749 0.815 0.175 0.804 0.260 0.327 0.121 0.141 
27 9 0.220 0.730 0.790 0.852 0.170 0.821 0.220 0.297 0.100 0.156 
27 10 0.187 0.733 0.824 0.882 0.167 0.831 0.186 0.268 0.083 0.170 
27 11 0.160 0.737 0.853 0.905 0.168 0.835 0.159 0.241 0.069 0.183 
27 12 0.139 0.742 0.877 0.924 0.171 0.836 0.138 0.216 0.058 0.194 
27 13 0.123 0.750 0.898 0.939 0.178 0.837 0.122 0.194 0.049 0.203 
27 14 0.110 0.761 0.914 0.952 0.188 0.837 0.111 0.173 0.041 0.211 
27 15 0.102 0.773 0.928 0.961 0.200 0.838 0.104 0.155 0.035 0.216 
27 16 0.096 0.785 0.940 0.969 0.214 0.840 0.100 0.138 0.030 0.219 
27 17 0.092 0.797 0.949 0.975 0.230 0.842 0.098 0.123 0.026 0.221 
27 18 0.090 0.809 0.957 0.980 0.246 0.845 0.099 0.110 0.023 0.221 
27 19 0.089 0.820 0.963 0.984 0.262 0.847 0.102 0.098 0.020 0.220 
27 20 0.089 0.829 0.968 0.987 0.277 0.850 0.105 0.088 0.018 0.217 
27 21 0.088 0.830 0.969 0.990 0.297 0.852 0.120 0.080 0.018 0.223 
27 22 0.088 0.823 0.968 0.992 0.319 0.854 0.146 0.075 0.021 0.235 
27 23 0.087 0.812 0.964 0.993 0.341 0.855 0.178 0.071 0.028 0.251 
27 24 0.086 0.797 0.957 0.995 0.360 0.854 0.215 0.068 0.038 0.270 
27 25 0.085 0.780 0.947 0.996 0.375 0.851 0.253 0.067 0.052 0.290 
28 0 0.000 0.000 0.000 0.000 0.000 0.000 0.000 0.000 0.000 0.000 
28 1 0.199 0.204 0.152 0.194 0.107 0.220 0.163 0.193 0.125 0.092 
28 2 0.337 0.355 0.269 0.320 0.162 0.374 0.305 0.314 0.220 0.091 
28 3 0.402 0.473 0.376 0.434 0.194 0.498 0.410 0.395 0.327 0.100 
28 4 0.379 0.554 0.466 0.531 0.207 0.595 0.464 0.435 0.429 0.131 
28 5 0.321 0.593 0.539 0.616 0.204 0.667 0.466 0.450 0.520 0.189 
28 6 0.263 0.591 0.600 0.688 0.193 0.713 0.431 0.453 0.600 0.268 
28 7 0.214 0.563 0.653 0.748 0.178 0.735 0.382 0.454 0.668 0.358 
28 8 0.173 0.524 0.701 0.798 0.163 0.734 0.331 0.457 0.725 0.449 
28 9 0.140 0.485 0.745 0.838 0.150 0.715 0.283 0.464 0.773 0.533 
28 10 0.113 0.454 0.784 0.870 0.138 0.686 0.242 0.474 0.813 0.608 
28 11 0.091 0.432 0.818 0.896 0.130 0.654 0.207 0.486 0.846 0.673 
28 12 0.074 0.422 0.848 0.917 0.125 0.623 0.177 0.498 0.873 0.728 
28 13 0.061 0.423 0.874 0.934 0.123 0.597 0.152 0.508 0.896 0.774 
28 14 0.050 0.433 0.895 0.947 0.125 0.576 0.132 0.515 0.914 0.812 
28 15 0.042 0.450 0.913 0.958 0.130 0.561 0.116 0.518 0.929 0.843 
28 16 0.036 0.472 0.927 0.966 0.139 0.552 0.102 0.517 0.941 0.868 
28 17 0.031 0.496 0.939 0.973 0.149 0.547 0.091 0.513 0.950 0.889 
28 18 0.027 0.520 0.949 0.978 0.162 0.546 0.082 0.506 0.958 0.905 
28 19 0.025 0.545 0.957 0.983 0.175 0.547 0.075 0.496 0.965 0.919 
28 20 0.023 0.567 0.964 0.986 0.189 0.549 0.069 0.484 0.970 0.929 
28 21 0.024 0.590 0.968 0.989 0.210 0.566 0.067 0.467 0.972 0.936 
28 22 0.027 0.611 0.970 0.991 0.234 0.591 0.067 0.445 0.971 0.938 
28 23 0.032 0.629 0.971 0.993 0.261 0.617 0.069 0.420 0.967 0.937 
28 24 0.038 0.644 0.971 0.994 0.286 0.643 0.073 0.394 0.958 0.933 
28 25 0.046 0.656 0.969 0.995 0.310 0.667 0.078 0.369 0.947 0.927 
29 0 0.000 0.000 0.000 0.000 0.000 0.000 0.000 0.000 0.000 0.000 
29 1 0.199 0.204 0.152 0.194 0.107 0.220 0.163 0.193 0.125 0.092 
29 2 0.337 0.355 0.269 0.320 0.162 0.374 0.305 0.314 0.220 0.091 
29 3 0.397 0.476 0.364 0.434 0.202 0.498 0.401 0.395 0.329 0.096 
29 4 0.365 0.566 0.435 0.532 0.223 0.595 0.432 0.438 0.434 0.117 
29 5 0.305 0.625 0.488 0.617 0.227 0.667 0.410 0.460 0.529 0.159 
29 6 0.248 0.653 0.531 0.690 0.221 0.714 0.362 0.476 0.612 0.223 
29 7 0.200 0.656 0.570 0.750 0.208 0.738 0.310 0.490 0.681 0.302 
29 8 0.161 0.644 0.609 0.799 0.193 0.739 0.261 0.506 0.740 0.386 
29 9 0.129 0.627 0.648 0.839 0.179 0.724 0.218 0.525 0.788 0.470 
29 10 0.104 0.611 0.687 0.871 0.167 0.698 0.182 0.545 0.827 0.548 
29 11 0.084 0.601 0.725 0.897 0.158 0.668 0.152 0.567 0.859 0.616 
29 12 0.067 0.599 0.761 0.918 0.153 0.638 0.127 0.587 0.885 0.676 
29 13 0.054 0.603 0.794 0.934 0.152 0.612 0.107 0.604 0.907 0.726 
29 14 0.044 0.614 0.823 0.947 0.154 0.589 0.090 0.618 0.924 0.769 
29 15 0.036 0.630 0.848 0.958 0.160 0.572 0.076 0.629 0.938 0.803 
29 16 0.029 0.647 0.870 0.966 0.170 0.560 0.065 0.637 0.949 0.832 
29 17 0.024 0.666 0.888 0.973 0.181 0.552 0.056 0.641 0.958 0.856 
29 18 0.020 0.684 0.903 0.978 0.194 0.548 0.049 0.643 0.965 0.874 
29 19 0.016 0.701 0.915 0.983 0.208 0.546 0.043 0.643 0.971 0.890 
29 20 0.014 0.717 0.925 0.986 0.222 0.545 0.039 0.641 0.976 0.902 
29 21 0.012 0.724 0.932 0.989 0.240 0.558 0.037 0.629 0.979 0.910 
29 22 0.012 0.725 0.936 0.991 0.259 0.576 0.037 0.608 0.978 0.913 
29 23 0.013 0.721 0.939 0.993 0.279 0.598 0.040 0.582 0.975 0.914 
29 24 0.016 0.714 0.940 0.994 0.299 0.619 0.044 0.553 0.969 0.912 
29 25 0.020 0.706 0.940 0.995 0.317 0.640 0.050 0.523 0.960 0.909 
30 0 0.000 0.000 0.000 0.000 0.000 0.000 0.000 0.000 0.000 0.000 
30 1 0.199 0.204 0.152 0.194 0.107 0.220 0.163 0.193 0.125 0.092 
30 2 0.337 0.355 0.269 0.320 0.162 0.374 0.305 0.314 0.220 0.091 
30 3 0.382 0.478 0.371 0.440 0.203 0.498 0.397 0.407 0.320 0.090 
30 4 0.337 0.573 0.452 0.545 0.227 0.597 0.420 0.475 0.415 0.097 
30 5 0.276 0.642 0.517 0.633 0.234 0.672 0.387 0.528 0.501 0.115 
30 6 0.222 0.685 0.572 0.705 0.230 0.727 0.333 0.571 0.577 0.147 
30 7 0.179 0.704 0.619 0.764 0.219 0.763 0.279 0.608 0.643 0.193 
30 8 0.143 0.702 0.661 0.811 0.206 0.779 0.230 0.640 0.699 0.252 
30 9 0.115 0.687 0.700 0.848 0.194 0.780 0.189 0.669 0.746 0.320 
30 10 0.092 0.667 0.737 0.879 0.182 0.767 0.155 0.695 0.786 0.391 
30 11 0.074 0.646 0.772 0.903 0.174 0.746 0.127 0.720 0.820 0.461 
30 12 0.059 0.629 0.803 0.922 0.168 0.721 0.105 0.743 0.848 0.527 
30 13 0.048 0.619 0.832 0.938 0.165 0.695 0.086 0.763 0.872 0.587 
30 14 0.038 0.615 0.857 0.950 0.166 0.670 0.072 0.781 0.892 0.641 
30 15 0.031 0.617 0.878 0.960 0.170 0.649 0.060 0.796 0.908 0.687 
30 16 0.025 0.624 0.897 0.968 0.176 0.631 0.050 0.809 0.922 0.727 
30 17 0.020 0.634 0.912 0.975 0.184 0.617 0.042 0.819 0.933 0.761 
30 18 0.016 0.646 0.925 0.980 0.194 0.607 0.036 0.827 0.942 0.789 
30 19 0.014 0.658 0.936 0.984 0.205 0.599 0.031 0.833 0.950 0.813 
30 20 0.011 0.671 0.944 0.987 0.216 0.593 0.027 0.838 0.956 0.833 
30 21 0.010 0.672 0.950 0.990 0.232 0.598 0.025 0.831 0.959 0.848 
30 22 0.009 0.665 0.953 0.992 0.249 0.609 0.025 0.814 0.957 0.859 
30 23 0.010 0.653 0.954 0.993 0.268 0.623 0.027 0.790 0.952 0.866 
30 24 0.011 0.639 0.954 0.995 0.287 0.638 0.030 0.760 0.943 0.870 
30 25 0.014 0.624 0.953 0.996 0.305 0.653 0.035 0.727 0.932 0.872 
31 0 0.000 0.000 0.000 0.000 0.000 0.000 0.000 0.000 0.000 0.000 
31 1 0.199 0.204 0.152 0.194 0.107 0.220 0.163 0.193 0.125 0.092 
31 2 0.337 0.355 0.269 0.320 0.162 0.374 0.305 0.314 0.220 0.091 
31 3 0.404 0.474 0.373 0.436 0.200 0.499 0.394 0.418 0.322 0.090 
31 4 0.381 0.559 0.458 0.536 0.218 0.598 0.411 0.504 0.418 0.096 
31 5 0.322 0.606 0.526 0.622 0.219 0.678 0.375 0.576 0.506 0.114 
31 6 0.263 0.613 0.582 0.694 0.208 0.740 0.322 0.638 0.583 0.150 
31 7 0.212 0.590 0.629 0.754 0.192 0.789 0.269 0.691 0.650 0.206 
31 8 0.171 0.548 0.671 0.802 0.175 0.826 0.222 0.737 0.707 0.277 
31 9 0.137 0.501 0.710 0.841 0.158 0.853 0.183 0.777 0.755 0.356 
31 10 0.110 0.454 0.747 0.873 0.144 0.872 0.150 0.810 0.796 0.436 
31 11 0.089 0.413 0.782 0.898 0.132 0.885 0.123 0.839 0.830 0.513 
31 12 0.071 0.378 0.813 0.919 0.124 0.893 0.101 0.863 0.858 0.581 
31 13 0.057 0.350 0.841 0.935 0.119 0.898 0.083 0.883 0.882 0.641 
31 14 0.046 0.329 0.865 0.948 0.116 0.901 0.068 0.899 0.902 0.693 
31 15 0.038 0.314 0.886 0.958 0.117 0.903 0.057 0.912 0.918 0.737 
31 16 0.030 0.305 0.904 0.967 0.119 0.905 0.047 0.923 0.932 0.773 
31 17 0.025 0.300 0.919 0.973 0.124 0.906 0.040 0.932 0.943 0.804 
31 18 0.020 0.299 0.931 0.979 0.130 0.908 0.033 0.939 0.952 0.829 
31 19 0.017 0.301 0.941 0.983 0.138 0.910 0.028 0.945 0.959 0.850 
31 20 0.014 0.304 0.950 0.986 0.146 0.912 0.024 0.949 0.965 0.867 
31 21 0.013 0.306 0.956 0.989 0.161 0.909 0.022 0.947 0.968 0.878 
31 22 0.012 0.307 0.960 0.991 0.182 0.904 0.022 0.938 0.968 0.886 
31 23 0.013 0.309 0.962 0.993 0.205 0.896 0.024 0.921 0.964 0.890 
31 24 0.015 0.311 0.963 0.994 0.230 0.888 0.026 0.899 0.957 0.892 
31 25 0.019 0.315 0.963 0.996 0.256 0.879 0.030 0.871 0.948 0.892 
32 0 0.000 0.000 0.000 0.000 0.000 0.000 0.000 0.000 0.000 0.000 
32 1 0.199 0.204 0.152 0.194 0.107 0.220 0.163 0.193 0.125 0.092 
32 2 0.337 0.355 0.269 0.320 0.162 0.374 0.305 0.314 0.220 0.091 
32 3 0.435 0.466 0.380 0.352 0.207 0.499 0.403 0.387 0.294 0.091 
32 4 0.486 0.518 0.479 0.312 0.242 0.598 0.440 0.408 0.344 0.100 
32 5 0.503 0.506 0.565 0.256 0.271 0.677 0.423 0.395 0.376 0.118 
32 6 0.509 0.458 0.638 0.207 0.296 0.739 0.382 0.369 0.394 0.145 
32 7 0.517 0.400 0.699 0.166 0.319 0.788 0.336 0.341 0.401 0.179 
32 8 0.533 0.344 0.747 0.133 0.340 0.826 0.295 0.317 0.400 0.215 
32 9 0.559 0.295 0.785 0.107 0.357 0.856 0.262 0.301 0.393 0.252 
32 10 0.590 0.254 0.813 0.085 0.369 0.880 0.238 0.296 0.382 0.286 
32 11 0.625 0.220 0.831 0.068 0.378 0.899 0.224 0.301 0.368 0.317 
32 12 0.660 0.194 0.838 0.055 0.383 0.913 0.220 0.318 0.352 0.345 
32 13 0.694 0.173 0.834 0.044 0.384 0.925 0.226 0.345 0.335 0.370 
32 14 0.724 0.156 0.819 0.035 0.383 0.933 0.240 0.380 0.318 0.392 
32 15 0.750 0.142 0.792 0.028 0.380 0.940 0.259 0.420 0.301 0.412 
32 16 0.773 0.131 0.754 0.022 0.376 0.945 0.282 0.461 0.283 0.431 
32 17 0.791 0.120 0.709 0.018 0.372 0.948 0.305 0.501 0.265 0.449 
32 18 0.805 0.111 0.660 0.014 0.369 0.950 0.325 0.538 0.248 0.466 
32 19 0.817 0.102 0.613 0.011 0.367 0.951 0.342 0.569 0.231 0.481 
32 20 0.825 0.093 0.569 0.009 0.367 0.950 0.353 0.596 0.215 0.495 
32 21 0.827 0.092 0.503 0.007 0.366 0.946 0.378 0.619 0.202 0.497 
32 22 0.824 0.095 0.432 0.006 0.363 0.937 0.411 0.638 0.191 0.491 
32 23 0.816 0.101 0.366 0.005 0.362 0.924 0.445 0.653 0.181 0.480 
32 24 0.805 0.108 0.308 0.004 0.362 0.909 0.474 0.661 0.174 0.468 
32 25 0.794 0.114 0.262 0.003 0.367 0.892 0.496 0.664 0.169 0.454 
33 0 0.000 0.000 0.000 0.000 0.000 0.000 0.000 0.000 0.000 0.000 
33 1 0.199 0.204 0.152 0.194 0.107 0.220 0.163 0.193 0.125 0.092 
33 2 0.337 0.355 0.269 0.320 0.162 0.374 0.305 0.314 0.220 0.091 
33 3 0.448 0.455 0.390 0.335 0.253 0.499 0.390 0.383 0.299 0.084 
33 4 0.532 0.463 0.501 0.285 0.358 0.598 0.392 0.395 0.358 0.078 
33 5 0.599 0.406 0.595 0.231 0.455 0.677 0.347 0.374 0.397 0.073 
33 6 0.658 0.337 0.673 0.186 0.540 0.740 0.293 0.342 0.418 0.071 
33 7 0.711 0.276 0.735 0.149 0.612 0.790 0.244 0.310 0.424 0.069 
33 8 0.758 0.224 0.785 0.119 0.671 0.830 0.203 0.284 0.419 0.067 
33 9 0.798 0.182 0.824 0.095 0.719 0.861 0.170 0.268 0.407 0.066 
33 10 0.833 0.147 0.853 0.076 0.758 0.887 0.146 0.265 0.392 0.066 
33 11 0.862 0.120 0.874 0.061 0.789 0.907 0.128 0.277 0.376 0.065 
33 12 0.886 0.097 0.886 0.049 0.812 0.923 0.118 0.305 0.361 0.065 
33 13 0.906 0.080 0.888 0.039 0.830 0.935 0.114 0.349 0.347 0.065 
33 14 0.922 0.065 0.879 0.031 0.843 0.946 0.117 0.405 0.334 0.065 
33 15 0.935 0.054 0.858 0.025 0.851 0.954 0.123 0.466 0.321 0.066 
33 16 0.946 0.044 0.824 0.020 0.857 0.960 0.133 0.527 0.307 0.068 
33 17 0.954 0.037 0.780 0.016 0.860 0.965 0.143 0.584 0.292 0.070 
33 18 0.961 0.030 0.729 0.013 0.861 0.968 0.152 0.635 0.276 0.073 
33 19 0.966 0.025 0.674 0.010 0.863 0.971 0.159 0.680 0.259 0.076 
33 20 0.971 0.021 0.621 0.008 0.864 0.972 0.163 0.717 0.243 0.080 
33 21 0.972 0.019 0.533 0.007 0.849 0.971 0.191 0.753 0.227 0.084 
33 22 0.969 0.020 0.441 0.005 0.820 0.966 0.240 0.785 0.212 0.091 
33 23 0.963 0.026 0.360 0.004 0.783 0.959 0.299 0.812 0.199 0.099 
33 24 0.952 0.034 0.292 0.003 0.743 0.947 0.357 0.834 0.187 0.109 
33 25 0.937 0.044 0.237 0.003 0.707 0.933 0.405 0.850 0.178 0.120 
34 0 0.000 0.000 0.000 0.000 0.000 0.000 0.000 0.000 0.000 0.000 
34 1 0.199 0.204 0.152 0.194 0.107 0.220 0.163 0.193 0.125 0.092 
34 2 0.337 0.355 0.269 0.320 0.162 0.374 0.305 0.314 0.220 0.091 
34 3 0.446 0.455 0.386 0.341 0.221 0.499 0.386 0.366 0.296 0.087 
34 4 0.525 0.465 0.492 0.294 0.278 0.598 0.383 0.351 0.352 0.084 
34 5 0.586 0.411 0.585 0.239 0.331 0.677 0.336 0.308 0.394 0.085 
34 6 0.639 0.345 0.662 0.192 0.378 0.740 0.282 0.263 0.425 0.088 
34 7 0.688 0.284 0.725 0.154 0.419 0.790 0.234 0.222 0.449 0.091 
34 8 0.732 0.232 0.775 0.123 0.452 0.829 0.194 0.187 0.466 0.095 
34 9 0.772 0.190 0.814 0.099 0.479 0.861 0.162 0.160 0.480 0.098 
34 10 0.807 0.156 0.843 0.079 0.498 0.886 0.138 0.140 0.493 0.101 
34 11 0.837 0.128 0.862 0.063 0.511 0.906 0.121 0.128 0.506 0.104 
34 12 0.862 0.107 0.872 0.051 0.517 0.922 0.110 0.123 0.520 0.106 
34 13 0.884 0.089 0.872 0.040 0.518 0.935 0.106 0.126 0.536 0.109 
34 14 0.901 0.076 0.862 0.032 0.515 0.945 0.109 0.139 0.554 0.111 
34 15 0.916 0.065 0.840 0.026 0.507 0.954 0.118 0.160 0.571 0.115 
34 16 0.927 0.057 0.808 0.021 0.497 0.960 0.131 0.189 0.588 0.119 
34 17 0.937 0.050 0.768 0.017 0.485 0.966 0.147 0.224 0.603 0.124 
34 18 0.944 0.045 0.723 0.013 0.473 0.970 0.164 0.263 0.616 0.129 
34 19 0.950 0.040 0.675 0.011 0.461 0.973 0.180 0.303 0.627 0.135 
34 20 0.954 0.036 0.630 0.008 0.451 0.975 0.191 0.340 0.636 0.142 
34 21 0.954 0.038 0.549 0.007 0.430 0.975 0.236 0.401 0.630 0.151 
34 22 0.948 0.048 0.458 0.005 0.403 0.973 0.305 0.472 0.614 0.163 
34 23 0.935 0.065 0.376 0.004 0.375 0.969 0.378 0.541 0.589 0.177 
34 24 0.915 0.082 0.307 0.003 0.352 0.962 0.443 0.600 0.559 0.194 
34 25 0.888 0.098 0.251 0.003 0.336 0.952 0.492 0.647 0.528 0.214 
35 0 0.000 0.000 0.000 0.000 0.000 0.000 0.000 0.000 0.000 0.000 
35 1 0.199 0.204 0.152 0.194 0.107 0.220 0.163 0.193 0.125 0.092 
35 2 0.337 0.355 0.269 0.320 0.162 0.374 0.305 0.314 0.220 0.091 
35 3 0.442 0.453 0.394 0.338 0.214 0.499 0.395 0.371 0.286 0.087 
35 4 0.514 0.457 0.507 0.289 0.262 0.598 0.409 0.362 0.324 0.085 
35 5 0.565 0.399 0.602 0.234 0.303 0.677 0.375 0.323 0.342 0.087 
35 6 0.611 0.332 0.680 0.188 0.337 0.740 0.327 0.279 0.344 0.092 
35 7 0.657 0.271 0.743 0.151 0.366 0.790 0.281 0.238 0.336 0.099 
35 8 0.701 0.221 0.793 0.121 0.390 0.830 0.243 0.203 0.320 0.106 
35 9 0.743 0.179 0.833 0.097 0.407 0.861 0.214 0.176 0.301 0.113 
35 10 0.781 0.146 0.865 0.077 0.419 0.887 0.195 0.156 0.281 0.120 
35 11 0.815 0.119 0.890 0.062 0.425 0.907 0.188 0.144 0.262 0.127 
35 12 0.844 0.097 0.908 0.049 0.426 0.923 0.192 0.139 0.244 0.133 
35 13 0.868 0.080 0.921 0.040 0.423 0.936 0.208 0.142 0.227 0.139 
35 14 0.889 0.066 0.929 0.032 0.416 0.946 0.235 0.152 0.213 0.145 
35 15 0.906 0.055 0.933 0.025 0.408 0.954 0.269 0.168 0.199 0.151 
35 16 0.920 0.046 0.931 0.020 0.398 0.961 0.308 0.187 0.187 0.158 
35 17 0.931 0.039 0.925 0.016 0.388 0.966 0.346 0.207 0.174 0.164 
35 18 0.941 0.033 0.916 0.013 0.379 0.970 0.381 0.225 0.163 0.171 
35 19 0.948 0.029 0.905 0.010 0.371 0.973 0.412 0.239 0.151 0.178 
35 20 0.954 0.025 0.893 0.008 0.365 0.975 0.437 0.250 0.140 0.184 
35 21 0.957 0.026 0.829 0.007 0.356 0.975 0.484 0.277 0.131 0.189 
35 22 0.955 0.036 0.717 0.005 0.343 0.973 0.542 0.317 0.123 0.192 
35 23 0.950 0.055 0.595 0.004 0.328 0.968 0.602 0.367 0.114 0.196 
35 24 0.939 0.081 0.485 0.003 0.314 0.960 0.655 0.416 0.105 0.200 
35 25 0.923 0.109 0.394 0.003 0.304 0.949 0.698 0.457 0.097 0.205 
36 0 0.000 0.000 0.000 0.000 0.000 0.000 0.000 0.000 0.000 0.000 
36 1 0.199 0.204 0.152 0.194 0.107 0.220 0.163 0.193 0.125 0.092 
36 2 0.337 0.355 0.269 0.320 0.162 0.374 0.305 0.314 0.220 0.091 
36 3 0.446 0.454 0.362 0.325 0.264 0.499 0.383 0.415 0.342 0.086 
36 4 0.524 0.457 0.435 0.270 0.380 0.598 0.372 0.494 0.459 0.082 
36 5 0.581 0.396 0.494 0.218 0.485 0.677 0.320 0.560 0.559 0.080 
36 6 0.626 0.327 0.538 0.174 0.576 0.740 0.265 0.619 0.643 0.080 
36 7 0.665 0.265 0.565 0.140 0.651 0.789 0.217 0.673 0.711 0.081 
36 8 0.699 0.214 0.574 0.112 0.713 0.828 0.177 0.723 0.766 0.083 
36 9 0.730 0.173 0.563 0.089 0.763 0.858 0.144 0.767 0.811 0.084 
36 10 0.756 0.139 0.533 0.072 0.804 0.881 0.117 0.807 0.847 0.086 
36 11 0.780 0.112 0.491 0.057 0.836 0.898 0.096 0.841 0.876 0.088 
36 12 0.799 0.090 0.440 0.046 0.862 0.911 0.079 0.870 0.899 0.090 
36 13 0.816 0.072 0.387 0.037 0.882 0.920 0.066 0.894 0.918 0.091 
36 14 0.830 0.058 0.337 0.029 0.899 0.927 0.055 0.914 0.933 0.093 
36 15 0.841 0.047 0.292 0.023 0.912 0.932 0.046 0.930 0.946 0.094 
36 16 0.851 0.038 0.252 0.019 0.922 0.935 0.039 0.944 0.956 0.096 
36 17 0.859 0.031 0.218 0.015 0.931 0.937 0.033 0.955 0.964 0.097 
36 18 0.867 0.025 0.190 0.012 0.938 0.938 0.029 0.963 0.970 0.099 
36 19 0.873 0.020 0.167 0.010 0.944 0.939 0.025 0.971 0.976 0.100 
36 20 0.879 0.016 0.149 0.008 0.949 0.940 0.022 0.976 0.980 0.101 
36 21 0.875 0.014 0.133 0.006 0.945 0.938 0.020 0.981 0.983 0.108 
36 22 0.863 0.012 0.119 0.005 0.930 0.935 0.022 0.984 0.985 0.120 
36 23 0.844 0.012 0.108 0.004 0.903 0.930 0.025 0.987 0.985 0.135 
36 24 0.822 0.012 0.100 0.003 0.866 0.924 0.030 0.989 0.983 0.154 
36 25 0.796 0.014 0.094 0.003 0.823 0.918 0.037 0.990 0.980 0.176 
37 0 0.000 0.000 0.000 0.000 0.000 0.000 0.000 0.000 0.000 0.000 
37 1 0.199 0.204 0.152 0.194 0.107 0.220 0.163 0.193 0.125 0.092 
37 2 0.337 0.355 0.269 0.320 0.162 0.374 0.305 0.314 0.220 0.091 
37 3 0.436 0.460 0.367 0.337 0.239 0.499 0.388 0.406 0.336 0.087 
37 4 0.487 0.482 0.449 0.287 0.323 0.597 0.387 0.470 0.448 0.086 
37 5 0.502 0.432 0.520 0.233 0.405 0.675 0.339 0.518 0.547 0.090 
37 6 0.504 0.363 0.580 0.187 0.479 0.735 0.283 0.561 0.631 0.097 
37 7 0.504 0.298 0.629 0.150 0.544 0.780 0.233 0.605 0.700 0.108 
37 8 0.507 0.243 0.665 0.120 0.600 0.813 0.190 0.652 0.756 0.120 
37 9 0.514 0.197 0.688 0.096 0.647 0.835 0.155 0.699 0.802 0.134 
37 10 0.525 0.159 0.697 0.077 0.685 0.851 0.127 0.746 0.840 0.148 
37 11 0.539 0.129 0.691 0.062 0.715 0.861 0.104 0.788 0.870 0.162 
37 12 0.555 0.105 0.671 0.049 0.739 0.866 0.086 0.825 0.894 0.175 
37 13 0.572 0.085 0.640 0.039 0.756 0.869 0.071 0.857 0.914 0.188 
37 14 0.589 0.069 0.599 0.031 0.769 0.869 0.059 0.883 0.930 0.201 
37 15 0.605 0.056 0.552 0.025 0.777 0.868 0.050 0.905 0.943 0.213 
37 16 0.619 0.046 0.503 0.020 0.782 0.866 0.043 0.923 0.954 0.224 
37 17 0.631 0.038 0.455 0.016 0.785 0.864 0.038 0.938 0.962 0.235 
37 18 0.641 0.031 0.410 0.013 0.786 0.861 0.033 0.950 0.969 0.245 
37 19 0.650 0.026 0.370 0.010 0.786 0.858 0.029 0.960 0.974 0.254 
37 20 0.657 0.021 0.336 0.008 0.786 0.855 0.026 0.967 0.979 0.262 
37 21 0.658 0.019 0.301 0.007 0.765 0.854 0.026 0.974 0.982 0.272 
37 22 0.654 0.017 0.269 0.005 0.730 0.854 0.029 0.978 0.983 0.283 
37 23 0.647 0.018 0.240 0.004 0.687 0.854 0.036 0.982 0.983 0.297 
37 24 0.637 0.019 0.217 0.003 0.641 0.856 0.044 0.985 0.981 0.312 
37 25 0.626 0.020 0.198 0.003 0.597 0.857 0.054 0.987 0.979 0.330 
38 0 0.000 0.000 0.000 0.000 0.000 0.000 0.000 0.000 0.000 0.000 
38 1 0.199 0.204 0.152 0.194 0.107 0.220 0.163 0.193 0.125 0.092 
38 2 0.337 0.355 0.269 0.320 0.162 0.374 0.305 0.314 0.220 0.091 
38 3 0.443 0.463 0.359 0.344 0.232 0.499 0.405 0.400 0.340 0.088 
38 4 0.512 0.498 0.425 0.297 0.305 0.598 0.446 0.452 0.455 0.088 
38 5 0.550 0.459 0.477 0.242 0.373 0.676 0.431 0.482 0.554 0.092 
38 6 0.573 0.392 0.522 0.194 0.433 0.737 0.386 0.505 0.636 0.100 
38 7 0.592 0.325 0.560 0.156 0.484 0.783 0.335 0.531 0.703 0.110 
38 8 0.610 0.267 0.590 0.125 0.527 0.818 0.286 0.563 0.758 0.123 
38 9 0.631 0.217 0.609 0.100 0.561 0.844 0.243 0.603 0.802 0.136 
38 10 0.652 0.177 0.616 0.080 0.587 0.862 0.206 0.648 0.838 0.149 
38 11 0.673 0.144 0.611 0.064 0.605 0.874 0.177 0.696 0.867 0.163 
38 12 0.694 0.117 0.593 0.051 0.618 0.883 0.153 0.742 0.890 0.178 
38 13 0.713 0.095 0.565 0.041 0.624 0.887 0.134 0.784 0.909 0.192 
38 14 0.731 0.077 0.529 0.033 0.627 0.890 0.119 0.821 0.924 0.207 
38 15 0.747 0.063 0.490 0.026 0.627 0.890 0.107 0.853 0.937 0.221 
38 16 0.760 0.052 0.449 0.021 0.624 0.890 0.098 0.879 0.947 0.236 
38 17 0.772 0.042 0.409 0.017 0.621 0.888 0.090 0.901 0.956 0.250 
38 18 0.782 0.035 0.372 0.013 0.618 0.886 0.083 0.919 0.963 0.264 
38 19 0.791 0.029 0.339 0.011 0.615 0.884 0.077 0.934 0.968 0.278 
38 20 0.799 0.024 0.310 0.009 0.613 0.882 0.071 0.946 0.973 0.291 
38 21 0.795 0.021 0.283 0.007 0.597 0.880 0.070 0.955 0.976 0.307 
38 22 0.783 0.019 0.258 0.005 0.572 0.878 0.073 0.962 0.976 0.325 
38 23 0.764 0.018 0.236 0.004 0.544 0.875 0.079 0.968 0.974 0.345 
38 24 0.741 0.019 0.219 0.004 0.515 0.873 0.086 0.972 0.971 0.368 
38 25 0.717 0.020 0.206 0.003 0.488 0.870 0.093 0.975 0.967 0.392 
39 0 0.000 0.000 0.000 0.000 0.000 0.000 0.000 0.000 0.000 0.000 
39 1 0.199 0.204 0.152 0.194 0.107 0.220 0.163 0.193 0.125 0.092 
39 2 0.337 0.355 0.269 0.320 0.162 0.374 0.305 0.314 0.220 0.091 
39 3 0.439 0.462 0.371 0.339 0.238 0.499 0.383 0.399 0.324 0.092 
39 4 0.501 0.497 0.457 0.289 0.321 0.598 0.372 0.449 0.425 0.102 
39 5 0.532 0.459 0.532 0.235 0.400 0.676 0.321 0.475 0.515 0.120 
39 6 0.551 0.395 0.595 0.189 0.470 0.738 0.266 0.493 0.594 0.144 
39 7 0.569 0.329 0.646 0.151 0.531 0.786 0.218 0.512 0.661 0.171 
39 8 0.588 0.271 0.683 0.121 0.581 0.822 0.178 0.537 0.718 0.200 
39 9 0.609 0.223 0.707 0.097 0.622 0.850 0.145 0.572 0.765 0.229 
39 10 0.631 0.183 0.716 0.077 0.653 0.871 0.119 0.614 0.803 0.257 
39 11 0.653 0.150 0.710 0.062 0.675 0.886 0.098 0.661 0.835 0.285 
39 12 0.674 0.123 0.689 0.050 0.690 0.897 0.081 0.708 0.862 0.311 
39 13 0.693 0.101 0.655 0.040 0.698 0.904 0.068 0.753 0.884 0.337 
39 14 0.708 0.084 0.612 0.032 0.700 0.909 0.058 0.793 0.901 0.361 
39 15 0.722 0.069 0.563 0.025 0.698 0.911 0.050 0.828 0.916 0.383 
39 16 0.732 0.058 0.513 0.020 0.693 0.912 0.044 0.858 0.928 0.405 
39 17 0.739 0.048 0.465 0.016 0.687 0.911 0.039 0.883 0.938 0.426 
39 18 0.745 0.040 0.421 0.013 0.679 0.909 0.035 0.904 0.947 0.445 
39 19 0.748 0.034 0.384 0.010 0.672 0.906 0.032 0.921 0.954 0.463 
39 20 0.750 0.029 0.353 0.008 0.665 0.903 0.029 0.935 0.960 0.481 
39 21 0.744 0.026 0.320 0.007 0.641 0.898 0.030 0.946 0.963 0.491 
39 22 0.730 0.025 0.288 0.005 0.608 0.893 0.034 0.955 0.963 0.499 
39 23 0.712 0.025 0.260 0.004 0.570 0.887 0.042 0.961 0.961 0.504 
39 24 0.692 0.026 0.236 0.003 0.532 0.881 0.053 0.967 0.957 0.510 
39 25 0.670 0.027 0.218 0.003 0.497 0.875 0.064 0.971 0.953 0.517 
40 0 0.000 0.000 0.000 0.000 0.000 0.000 0.000 0.000 0.000 0.000 
40 1 0.199 0.204 0.152 0.194 0.107 0.220 0.163 0.193 0.125 0.092 
40 2 0.337 0.355 0.269 0.320 0.162 0.374 0.305 0.314 0.220 0.091 
40 3 0.452 0.462 0.379 0.349 0.237 0.499 0.408 0.358 0.312 0.081 
40 4 0.543 0.495 0.479 0.305 0.320 0.598 0.458 0.329 0.393 0.070 
40 5 0.616 0.457 0.568 0.249 0.400 0.677 0.456 0.278 0.464 0.060 
40 6 0.679 0.394 0.643 0.200 0.472 0.740 0.425 0.229 0.522 0.051 
40 7 0.733 0.330 0.706 0.160 0.535 0.790 0.387 0.186 0.570 0.043 
40 8 0.779 0.273 0.756 0.128 0.587 0.830 0.351 0.152 0.608 0.037 
40 9 0.818 0.226 0.796 0.103 0.629 0.861 0.324 0.124 0.638 0.032 
40 10 0.851 0.187 0.825 0.082 0.663 0.886 0.309 0.101 0.664 0.027 
40 11 0.878 0.155 0.844 0.066 0.688 0.907 0.307 0.084 0.685 0.023 
40 12 0.900 0.130 0.854 0.053 0.706 0.923 0.318 0.071 0.704 0.020 
40 13 0.918 0.110 0.854 0.042 0.717 0.936 0.342 0.062 0.721 0.018 
40 14 0.933 0.095 0.843 0.034 0.722 0.946 0.376 0.056 0.735 0.016 
40 15 0.945 0.083 0.823 0.027 0.722 0.955 0.417 0.052 0.747 0.014 
40 16 0.954 0.073 0.795 0.022 0.719 0.961 0.460 0.051 0.756 0.013 
40 17 0.962 0.065 0.760 0.017 0.713 0.967 0.502 0.052 0.763 0.012 
40 18 0.968 0.059 0.722 0.014 0.706 0.971 0.541 0.053 0.767 0.011 
40 19 0.973 0.054 0.684 0.011 0.700 0.974 0.576 0.055 0.768 0.011 
40 20 0.977 0.049 0.648 0.009 0.694 0.977 0.604 0.057 0.768 0.010 
40 21 0.979 0.054 0.573 0.007 0.663 0.977 0.641 0.072 0.747 0.011 
40 22 0.977 0.072 0.483 0.006 0.617 0.975 0.680 0.105 0.708 0.014 
40 23 0.971 0.101 0.399 0.005 0.565 0.971 0.718 0.153 0.656 0.019 
40 24 0.961 0.138 0.326 0.004 0.517 0.965 0.749 0.209 0.597 0.026 
40 25 0.945 0.177 0.266 0.003 0.477 0.957 0.773 0.263 0.536 0.036 
41 0 0.000 0.000 0.000 0.000 0.000 0.000 0.000 0.000 0.000 0.000 
41 1 0.199 0.204 0.152 0.194 0.107 0.220 0.163 0.193 0.125 0.092 
41 2 0.337 0.355 0.269 0.320 0.162 0.374 0.305 0.314 0.220 0.091 
41 3 0.452 0.463 0.392 0.357 0.242 0.499 0.404 0.348 0.300 0.088 
41 4 0.545 0.501 0.503 0.319 0.332 0.599 0.441 0.310 0.360 0.089 
41 5 0.621 0.470 0.598 0.264 0.419 0.679 0.427 0.258 0.401 0.092 
41 6 0.684 0.409 0.676 0.213 0.495 0.743 0.391 0.210 0.423 0.098 
41 7 0.739 0.346 0.738 0.171 0.559 0.793 0.352 0.171 0.429 0.105 
41 8 0.785 0.290 0.788 0.137 0.613 0.834 0.320 0.138 0.423 0.112 
41 9 0.824 0.242 0.828 0.110 0.657 0.867 0.299 0.112 0.410 0.118 
41 10 0.857 0.203 0.858 0.088 0.692 0.893 0.292 0.092 0.393 0.123 
41 11 0.884 0.172 0.881 0.070 0.719 0.914 0.302 0.076 0.375 0.127 
41 12 0.905 0.147 0.896 0.056 0.739 0.930 0.327 0.064 0.358 0.129 
41 13 0.923 0.128 0.904 0.045 0.753 0.944 0.367 0.055 0.341 0.130 
41 14 0.937 0.113 0.903 0.036 0.762 0.955 0.415 0.048 0.325 0.131 
41 15 0.949 0.102 0.894 0.029 0.766 0.963 0.467 0.044 0.309 0.130 
41 16 0.958 0.094 0.877 0.023 0.766 0.970 0.519 0.041 0.292 0.129 
41 17 0.966 0.088 0.852 0.018 0.763 0.975 0.568 0.040 0.274 0.128 
41 18 0.972 0.083 0.821 0.015 0.759 0.980 0.613 0.039 0.255 0.126 
41 19 0.976 0.078 0.787 0.012 0.754 0.983 0.651 0.038 0.235 0.125 
41 20 0.980 0.074 0.753 0.009 0.749 0.986 0.684 0.037 0.216 0.123 
41 21 0.982 0.085 0.667 0.008 0.723 0.987 0.719 0.044 0.196 0.121 
41 22 0.982 0.111 0.560 0.006 0.682 0.986 0.755 0.062 0.175 0.119 
41 23 0.980 0.150 0.459 0.005 0.634 0.983 0.787 0.091 0.155 0.118 
41 24 0.973 0.198 0.373 0.004 0.587 0.977 0.816 0.126 0.137 0.119 
41 25 0.963 0.247 0.302 0.003 0.546 0.967 0.838 0.161 0.120 0.120 
42 0 0.000 0.000 0.000 0.000 0.000 0.000 0.000 0.000 0.000 0.000 
42 1 0.199 0.204 0.152 0.194 0.107 0.220 0.163 0.193 0.125 0.092 
42 2 0.337 0.355 0.269 0.320 0.162 0.374 0.305 0.314 0.220 0.091 
42 3 0.448 0.464 0.373 0.349 0.241 0.499 0.400 0.375 0.309 0.088 
42 4 0.531 0.503 0.465 0.305 0.331 0.598 0.427 0.372 0.387 0.088 
42 5 0.595 0.471 0.546 0.249 0.419 0.678 0.398 0.336 0.454 0.090 
42 6 0.651 0.409 0.617 0.201 0.500 0.741 0.349 0.292 0.512 0.092 
42 7 0.702 0.344 0.676 0.161 0.570 0.791 0.299 0.251 0.560 0.094 
42 8 0.749 0.286 0.722 0.129 0.630 0.830 0.256 0.215 0.600 0.096 
42 9 0.791 0.237 0.756 0.103 0.679 0.862 0.220 0.187 0.634 0.096 
42 10 0.826 0.196 0.776 0.082 0.719 0.887 0.194 0.167 0.664 0.095 
42 11 0.857 0.163 0.782 0.066 0.750 0.908 0.177 0.157 0.691 0.093 
42 12 0.882 0.137 0.771 0.053 0.773 0.924 0.171 0.156 0.716 0.091 
42 13 0.903 0.116 0.743 0.042 0.790 0.937 0.175 0.168 0.740 0.088 
42 14 0.920 0.099 0.699 0.034 0.800 0.947 0.189 0.192 0.761 0.086 
42 15 0.934 0.086 0.641 0.027 0.804 0.956 0.211 0.228 0.780 0.085 
42 16 0.945 0.074 0.576 0.022 0.805 0.962 0.238 0.275 0.796 0.083 
42 17 0.953 0.065 0.510 0.017 0.804 0.967 0.266 0.327 0.810 0.083 
42 18 0.960 0.057 0.449 0.014 0.801 0.971 0.289 0.380 0.821 0.083 
42 19 0.966 0.050 0.396 0.011 0.800 0.974 0.305 0.430 0.829 0.085 
42 20 0.970 0.043 0.352 0.009 0.799 0.976 0.311 0.475 0.836 0.086 
42 21 0.971 0.042 0.302 0.007 0.777 0.976 0.333 0.529 0.829 0.092 
42 22 0.967 0.046 0.255 0.006 0.738 0.973 0.364 0.584 0.811 0.101 
42 23 0.957 0.054 0.213 0.005 0.692 0.967 0.394 0.635 0.784 0.113 
42 24 0.940 0.064 0.178 0.004 0.647 0.960 0.418 0.679 0.753 0.129 
42 25 0.918 0.074 0.151 0.003 0.607 0.950 0.432 0.714 0.721 0.149 
43 0 0.000 0.000 0.000 0.000 0.000 0.000 0.000 0.000 0.000 0.000 
43 1 0.199 0.204 0.152 0.194 0.107 0.220 0.163 0.193 0.125 0.092 
43 2 0.337 0.355 0.269 0.320 0.162 0.374 0.305 0.314 0.220 0.091 
43 3 0.450 0.465 0.390 0.330 0.242 0.499 0.400 0.362 0.301 0.085 
43 4 0.539 0.514 0.501 0.277 0.333 0.599 0.427 0.338 0.364 0.079 
43 5 0.611 0.496 0.595 0.224 0.422 0.678 0.401 0.289 0.411 0.073 
43 6 0.674 0.443 0.673 0.179 0.502 0.742 0.356 0.240 0.441 0.068 
43 7 0.729 0.382 0.735 0.144 0.570 0.793 0.311 0.197 0.456 0.063 
43 8 0.777 0.325 0.786 0.115 0.628 0.834 0.272 0.162 0.460 0.058 
43 9 0.817 0.275 0.825 0.092 0.675 0.866 0.243 0.134 0.458 0.053 
43 10 0.851 0.234 0.856 0.074 0.712 0.892 0.225 0.112 0.452 0.048 
43 11 0.879 0.200 0.879 0.059 0.742 0.913 0.218 0.095 0.446 0.044 
43 12 0.902 0.174 0.895 0.047 0.763 0.930 0.225 0.083 0.441 0.040 
43 13 0.920 0.154 0.904 0.038 0.779 0.943 0.244 0.076 0.437 0.037 
43 14 0.935 0.139 0.906 0.030 0.788 0.954 0.275 0.074 0.435 0.033 
43 15 0.947 0.127 0.901 0.024 0.793 0.962 0.314 0.075 0.433 0.031 
43 16 0.957 0.119 0.888 0.019 0.795 0.969 0.358 0.079 0.431 0.028 
43 17 0.965 0.112 0.869 0.015 0.793 0.975 0.403 0.086 0.426 0.026 
43 18 0.971 0.106 0.845 0.012 0.790 0.979 0.446 0.092 0.419 0.025 
43 19 0.976 0.101 0.818 0.010 0.786 0.983 0.484 0.099 0.409 0.023 
43 20 0.980 0.096 0.790 0.008 0.781 0.985 0.517 0.104 0.396 0.022 
43 21 0.982 0.108 0.705 0.006 0.755 0.987 0.565 0.126 0.372 0.023 
43 22 0.982 0.135 0.592 0.005 0.709 0.986 0.619 0.168 0.342 0.025 
43 23 0.979 0.173 0.483 0.004 0.655 0.984 0.672 0.222 0.308 0.030 
43 24 0.971 0.215 0.391 0.003 0.601 0.978 0.718 0.277 0.272 0.036 
43 25 0.958 0.255 0.316 0.003 0.553 0.969 0.754 0.326 0.239 0.045 
44 0 0.000 0.000 0.000 0.000 0.000 0.000 0.000 0.000 0.000 0.000 
44 1 0.199 0.204 0.152 0.194 0.107 0.220 0.163 0.193 0.125 0.092 
44 2 0.337 0.355 0.269 0.320 0.162 0.374 0.305 0.314 0.220 0.091 
44 3 0.440 0.459 0.373 0.347 0.215 0.499 0.417 0.375 0.319 0.087 
44 4 0.503 0.483 0.463 0.303 0.260 0.598 0.492 0.371 0.410 0.084 
44 5 0.540 0.437 0.544 0.247 0.293 0.678 0.530 0.334 0.489 0.084 
44 6 0.567 0.370 0.616 0.199 0.317 0.740 0.543 0.288 0.556 0.085 
44 7 0.594 0.306 0.677 0.160 0.332 0.790 0.543 0.245 0.610 0.088 
44 8 0.625 0.251 0.728 0.128 0.341 0.829 0.540 0.208 0.653 0.091 
44 9 0.657 0.205 0.768 0.102 0.345 0.860 0.541 0.176 0.687 0.094 
44 10 0.690 0.168 0.798 0.082 0.344 0.884 0.549 0.151 0.712 0.097 
44 11 0.723 0.137 0.818 0.066 0.340 0.903 0.566 0.132 0.730 0.100 
44 12 0.753 0.113 0.830 0.052 0.332 0.918 0.590 0.118 0.742 0.103 
44 13 0.780 0.093 0.833 0.042 0.323 0.930 0.619 0.108 0.750 0.106 
44 14 0.804 0.077 0.827 0.034 0.312 0.939 0.651 0.103 0.753 0.109 
44 15 0.825 0.065 0.815 0.027 0.300 0.946 0.684 0.100 0.752 0.113 
44 16 0.843 0.055 0.795 0.021 0.288 0.952 0.714 0.100 0.747 0.116 
44 17 0.858 0.047 0.772 0.017 0.277 0.956 0.742 0.102 0.740 0.120 
44 18 0.871 0.040 0.745 0.014 0.267 0.959 0.767 0.105 0.730 0.124 
44 19 0.882 0.035 0.717 0.011 0.259 0.962 0.789 0.108 0.719 0.127 
44 20 0.891 0.031 0.691 0.009 0.252 0.963 0.806 0.110 0.707 0.130 
44 21 0.892 0.032 0.633 0.007 0.245 0.962 0.818 0.122 0.676 0.136 
44 22 0.887 0.039 0.557 0.006 0.238 0.959 0.826 0.144 0.631 0.144 
44 23 0.877 0.054 0.477 0.005 0.233 0.953 0.831 0.174 0.579 0.153 
44 24 0.863 0.075 0.404 0.004 0.230 0.946 0.833 0.208 0.525 0.163 
44 25 0.847 0.100 0.341 0.003 0.231 0.937 0.830 0.244 0.472 0.175 
45 0 0.000 0.000 0.000 0.000 0.000 0.000 0.000 0.000 0.000 0.000 
45 1 0.199 0.204 0.152 0.194 0.107 0.220 0.163 0.193 0.125 0.092 
45 2 0.337 0.355 0.269 0.320 0.162 0.374 0.305 0.314 0.220 0.091 
45 3 0.438 0.464 0.388 0.330 0.197 0.499 0.414 0.372 0.319 0.087 
45 4 0.498 0.509 0.497 0.277 0.214 0.598 0.480 0.362 0.411 0.084 
45 5 0.529 0.486 0.590 0.223 0.219 0.678 0.504 0.319 0.492 0.084 
45 6 0.552 0.429 0.667 0.179 0.218 0.741 0.501 0.269 0.560 0.085 
45 7 0.577 0.367 0.730 0.143 0.213 0.791 0.487 0.224 0.617 0.087 
45 8 0.605 0.308 0.781 0.115 0.205 0.830 0.471 0.186 0.663 0.089 
45 9 0.637 0.258 0.822 0.092 0.197 0.861 0.461 0.154 0.700 0.092 
45 10 0.671 0.217 0.854 0.073 0.187 0.886 0.458 0.128 0.730 0.095 
45 11 0.704 0.183 0.879 0.059 0.178 0.906 0.466 0.108 0.755 0.097 
45 12 0.735 0.155 0.898 0.047 0.168 0.921 0.483 0.093 0.774 0.100 
45 13 0.763 0.133 0.912 0.038 0.159 0.934 0.506 0.081 0.791 0.103 
45 14 0.788 0.116 0.922 0.030 0.150 0.944 0.535 0.073 0.803 0.107 
45 15 0.810 0.103 0.927 0.024 0.141 0.952 0.566 0.068 0.813 0.110 
45 16 0.829 0.093 0.929 0.019 0.134 0.959 0.596 0.064 0.820 0.113 
45 17 0.844 0.085 0.928 0.015 0.128 0.964 0.626 0.062 0.824 0.117 
45 18 0.858 0.079 0.924 0.012 0.122 0.968 0.652 0.061 0.826 0.120 
45 19 0.869 0.074 0.919 0.010 0.117 0.971 0.676 0.061 0.826 0.123 
45 20 0.878 0.070 0.913 0.008 0.114 0.973 0.697 0.061 0.824 0.126 
45 21 0.880 0.079 0.875 0.006 0.112 0.973 0.718 0.069 0.805 0.132 
45 22 0.875 0.101 0.799 0.005 0.112 0.972 0.739 0.088 0.770 0.141 
45 23 0.864 0.134 0.696 0.004 0.113 0.969 0.761 0.118 0.724 0.150 
45 24 0.848 0.171 0.587 0.003 0.115 0.963 0.780 0.156 0.669 0.161 
45 25 0.826 0.207 0.487 0.003 0.118 0.956 0.795 0.198 0.609 0.173 
46 0 0.000 0.000 0.000 0.000 0.000 0.000 0.000 0.000 0.000 0.000 
46 1 0.199 0.204 0.152 0.194 0.107 0.220 0.163 0.193 0.125 0.092 
46 2 0.337 0.355 0.269 0.320 0.162 0.374 0.305 0.314 0.220 0.091 
46 3 0.443 0.456 0.380 0.343 0.203 0.499 0.414 0.362 0.313 0.087 
46 4 0.514 0.470 0.481 0.296 0.230 0.598 0.480 0.339 0.397 0.085 
46 5 0.563 0.417 0.571 0.241 0.247 0.677 0.506 0.291 0.470 0.087 
46 6 0.604 0.350 0.647 0.194 0.257 0.740 0.506 0.242 0.533 0.093 
46 7 0.643 0.288 0.710 0.155 0.262 0.789 0.495 0.200 0.585 0.101 
46 8 0.681 0.235 0.761 0.124 0.264 0.828 0.483 0.164 0.627 0.110 
46 9 0.718 0.191 0.801 0.099 0.262 0.858 0.478 0.135 0.661 0.120 
46 10 0.752 0.156 0.832 0.079 0.258 0.882 0.482 0.112 0.689 0.130 
46 11 0.783 0.127 0.855 0.064 0.251 0.901 0.498 0.093 0.712 0.141 
46 12 0.811 0.104 0.870 0.051 0.243 0.916 0.522 0.079 0.730 0.153 
46 13 0.835 0.085 0.878 0.041 0.234 0.928 0.553 0.068 0.745 0.164 
46 14 0.855 0.071 0.880 0.033 0.224 0.937 0.587 0.061 0.756 0.176 
46 15 0.873 0.059 0.876 0.026 0.214 0.945 0.622 0.055 0.764 0.188 
46 16 0.887 0.050 0.868 0.021 0.205 0.951 0.656 0.051 0.770 0.199 
46 17 0.899 0.042 0.856 0.017 0.196 0.955 0.687 0.049 0.772 0.211 
46 18 0.909 0.036 0.841 0.013 0.188 0.958 0.714 0.048 0.773 0.221 
46 19 0.916 0.031 0.826 0.011 0.181 0.961 0.738 0.047 0.771 0.231 
46 20 0.923 0.028 0.810 0.009 0.175 0.962 0.758 0.046 0.768 0.240 
46 21 0.923 0.029 0.757 0.007 0.170 0.962 0.776 0.053 0.745 0.247 
46 22 0.918 0.039 0.675 0.005 0.166 0.959 0.792 0.070 0.707 0.251 
46 23 0.907 0.059 0.580 0.004 0.163 0.954 0.808 0.097 0.658 0.255 
46 24 0.892 0.088 0.488 0.004 0.161 0.947 0.820 0.133 0.602 0.257 
46 25 0.873 0.120 0.407 0.003 0.162 0.938 0.829 0.172 0.545 0.259 
47 0 0.000 0.000 0.000 0.000 0.000 0.000 0.000 0.000 0.000 0.000 
47 1 0.199 0.204 0.152 0.194 0.107 0.220 0.163 0.193 0.125 0.092 
47 2 0.337 0.355 0.269 0.320 0.162 0.374 0.305 0.314 0.220 0.091 
47 3 0.450 0.466 0.377 0.327 0.217 0.499 0.409 0.373 0.329 0.083 
47 4 0.535 0.517 0.475 0.273 0.266 0.599 0.460 0.364 0.433 0.075 
47 5 0.601 0.502 0.562 0.220 0.307 0.678 0.461 0.320 0.524 0.068 
47 6 0.657 0.448 0.635 0.176 0.340 0.741 0.435 0.269 0.602 0.061 
47 7 0.707 0.386 0.696 0.141 0.366 0.792 0.402 0.222 0.665 0.055 
47 8 0.751 0.327 0.746 0.113 0.384 0.832 0.371 0.183 0.717 0.051 
47 9 0.789 0.276 0.784 0.090 0.395 0.863 0.349 0.151 0.758 0.047 
47 10 0.823 0.234 0.813 0.072 0.398 0.888 0.338 0.126 0.792 0.044 
47 11 0.851 0.199 0.832 0.058 0.396 0.909 0.341 0.106 0.819 0.042 
47 12 0.875 0.171 0.843 0.046 0.388 0.925 0.358 0.091 0.841 0.040 
47 13 0.895 0.150 0.844 0.037 0.377 0.937 0.386 0.081 0.859 0.039 
47 14 0.912 0.133 0.837 0.030 0.363 0.948 0.422 0.075 0.874 0.039 
47 15 0.925 0.120 0.822 0.024 0.347 0.956 0.463 0.072 0.885 0.039 
47 16 0.936 0.110 0.800 0.019 0.331 0.962 0.505 0.071 0.893 0.039 
47 17 0.944 0.102 0.773 0.015 0.316 0.967 0.545 0.072 0.899 0.040 
47 18 0.951 0.095 0.745 0.012 0.301 0.971 0.580 0.073 0.903 0.041 
47 19 0.957 0.090 0.716 0.010 0.288 0.974 0.611 0.075 0.906 0.042 
47 20 0.961 0.085 0.689 0.008 0.278 0.977 0.636 0.076 0.907 0.043 
47 21 0.961 0.092 0.626 0.006 0.265 0.977 0.662 0.089 0.894 0.048 
47 22 0.955 0.112 0.544 0.005 0.251 0.976 0.689 0.114 0.867 0.056 
47 23 0.943 0.140 0.460 0.004 0.238 0.973 0.714 0.149 0.825 0.068 
47 24 0.925 0.171 0.383 0.003 0.228 0.968 0.734 0.190 0.773 0.083 
47 25 0.901 0.201 0.318 0.003 0.222 0.961 0.747 0.230 0.716 0.101 
