0 verbalA 25 0.916 0.917 0.378 0.027 0.707 0.531 0.142 0.734 0.194 0.239 0.154 0.464 0.043 0.039 0.003 0.736 0.982 0.111 0.600 0.012 0.327 0.863 0.800 0.051 0.680 0.413 0.745 0.010 0.658 0.995 0.579 0.092 0.778 0.002 0.676 0.076 0.004 0.647 0.007 0.021 0.099 0.056 0.028 0.761 0.915 0.646 0.949 0.411 0.882 0.081 0.880 0.985 0.024 0.794 0.381 0.733 0.040 0.009 0.006 0.562 
1 verbalB 25 0.978 0.945 0.285 0.062 0.490 0.728 0.059 0.506 0.184 0.200 0.219 0.491 0.023 0.079 0.022 0.604 0.973 0.049 0.929 0.008 0.409 0.660 0.881 0.089 0.798 0.603 0.556 0.009 0.763 0.990 0.399 0.077 0.855 0.002 0.634 0.020 0.003 0.471 0.012 0.020 0.031 0.066 0.015 0.836 0.755 0.177 0.991 0.567 0.774 0.077 0.719 0.974 0.094 0.498 0.309 0.602 0.046 0.004 0.003 0.359 
2 verbalC 25 0.975 0.904 0.758 0.287 0.485 0.701 0.139 0.216 0.194 0.291 0.052 0.731 0.018 0.080 0.007 0.736 0.967 0.039 0.852 0.006 0.421 0.875 0.932 0.139 0.325 0.537 0.569 0.008 0.628 0.963 0.295 0.069 0.945 0.002 0.810 0.034 0.003 0.423 0.040 0.097 0.218 0.058 0.020 0.963 0.863 0.277 0.928 0.496 0.739 0.132 0.795 0.981 0.016 0.657 0.426 0.880 0.024 0.003 0.002 0.316 
3 verbalA1 25 0.811 0.942 0.508 0.030 0.799 0.742 0.355 0.859 0.332 0.102 0.327 0.581 0.025 0.079 0.006 0.694 0.923 0.124 0.877 0.018 0.328 0.210 0.654 0.018 0.917 0.417 0.568 0.009 0.956 0.991 0.772 0.300 0.525 0.004 0.537 0.094 0.004 0.516 0.007 0.031 0.052 0.035 0.076 0.950 0.972 0.344 0.981 0.445 0.726 0.016 0.956 0.919 0.149 0.706 0.863 0.313 0.084 0.022 0.004 0.354 
4 verbalA2 25 0.986 0.886 0.219 0.046 0.900 0.657 0.205 0.539 0.026 0.153 0.072 0.513 0.022 0.021 0.007 0.570 0.984 0.030 0.848 0.066 0.838 0.490 0.329 0.068 0.896 0.585 0.300 0.006 0.917 0.948 0.387 0.230 0.773 0.003 0.914 0.228 0.008 0.597 0.013 0.025 0.052 0.671 0.024 0.424 0.944 0.503 0.973 0.058 0.932 0.052 0.257 0.931 0.005 0.908 0.141 0.594 0.046 0.015 0.010 0.534 
5 verbalB1 25 0.984 0.963 0.306 0.091 0.743 0.558 0.088 0.394 0.298 0.074 0.109 0.583 0.015 0.058 0.003 0.692 0.953 0.066 0.931 0.019 0.209 0.900 0.891 0.136 0.333 0.696 0.570 0.008 0.708 0.992 0.335 0.050 0.974 0.002 0.469 0.015 0.004 0.617 0.014 0.015 0.014 0.025 0.010 0.914 0.785 0.691 0.994 0.808 0.860 0.042 0.890 0.935 0.051 0.482 0.059 0.822 0.069 0.003 0.003 0.393 
6 verbalB2 25 0.964 0.678 0.226 0.080 0.156 0.841 0.041 0.750 0.249 0.691 0.052 0.377 0.006 0.077 0.005 0.847 0.986 0.139 0.953 0.002 0.421 0.894 0.922 0.080 0.698 0.601 0.716 0.047 0.881 0.986 0.769 0.012 0.950 0.002 0.925 0.041 0.004 0.170 0.005 0.010 0.250 0.052 0.015 0.894 0.246 0.524 0.977 0.541 0.717 0.060 0.978 0.982 0.079 0.151 0.078 0.896 0.073 0.003 0.007 0.255 
7 verbalC1 25 0.954 0.739 0.143 0.127 0.802 0.271 0.028 0.388 0.039 0.677 0.098 0.187 0.038 0.089 0.003 0.681 0.981 0.083 0.784 0.017 0.557 0.925 0.468 0.135 0.723 0.937 0.515 0.019 0.326 0.990 0.322 0.338 0.822 0.003 0.509 0.104 0.010 0.104 0.071 0.087 0.347 0.210 0.099 0.216 0.708 0.362 0.938 0.319 0.383 0.559 0.522 0.975 0.013 0.686 0.223 0.861 0.018 0.006 0.057 0.602 
8 verbalC2 25 0.822 0.588 0.878 0.284 0.169 0.682 0.116 0.370 0.049 0.110 0.091 0.647 0.022 0.037 0.008 0.487 0.990 0.024 0.844 0.003 0.364 0.708 0.740 0.177 0.127 0.066 0.638 0.009 0.610 0.974 0.480 0.186 0.393 0.003 0.678 0.020 0.002 0.445 0.040 0.116 0.522 0.052 0.162 0.742 0.578 0.664 0.542 0.424 0.649 0.089 0.250 0.981 0.023 0.677 0.757 0.432 0.016 0.012 0.003 0.521 
9 verbalA11 25 0.966 0.883 0.285 0.038 0.884 0.675 0.267 0.817 0.172 0.337 0.148 0.382 0.020 0.039 0.003 0.780 0.974 0.075 0.707 0.010 0.453 0.605 0.772 0.069 0.929 0.647 0.620 0.018 0.824 0.978 0.734 0.198 0.815 0.002 0.638 0.028 0.019 0.236 0.013 0.031 0.037 0.086 0.037 0.869 0.922 0.368 0.987 0.585 0.820 0.038 0.816 0.950 0.054 0.777 0.509 0.591 0.116 0.009 0.007 0.416 
10 verbalA12 25 0.970 0.921 0.437 0.044 0.843 0.532 0.137 0.748 0.215 0.148 0.237 0.325 0.023 0.061 0.004 0.566 0.982 0.155 0.809 0.029 0.282 0.778 0.745 0.084 0.812 0.722 0.582 0.011 0.768 0.982 0.457 0.369 0.906 0.003 0.604 0.037 0.007 0.410 0.012 0.037 0.051 0.093 0.026 0.630 0.902 0.391 0.963 0.473 0.820 0.072 0.582 0.975 0.059 0.782 0.362 0.574 0.068 0.010 0.007 0.445 
11 verbalA21 25 0.988 0.973 0.193 0.136 0.745 0.732 0.252 0.602 0.205 0.161 0.134 0.700 0.032 0.041 0.012 0.683 0.963 0.027 0.877 0.023 0.394 0.437 0.856 0.042 0.720 0.645 0.479 0.013 0.775 0.981 0.399 0.074 0.802 0.002 0.468 0.035 0.008 0.359 0.012 0.027 0.034 0.038 0.017 0.908 0.834 0.254 0.987 0.698 0.762 0.035 0.801 0.960 0.081 0.594 0.488 0.473 0.106 0.009 0.003 0.531 
12 verbalA22 25 0.987 0.839 0.346 0.109 0.875 0.578 0.069 0.466 0.174 0.215 0.202 0.405 0.056 0.053 0.003 0.857 0.989 0.072 0.641 0.013 0.665 0.770 0.728 0.181 0.835 0.714 0.437 0.011 0.753 0.972 0.418 0.210 0.899 0.002 0.788 0.049 0.012 0.483 0.007 0.054 0.069 0.167 0.044 0.655 0.960 0.578 0.979 0.451 0.819 0.044 0.425 0.942 0.054 0.861 0.121 0.798 0.076 0.005 0.018 0.509 
13 verbalB11 25 0.991 0.716 0.309 0.126 0.674 0.730 0.093 0.548 0.109 0.475 0.096 0.454 0.027 0.055 0.002 0.896 0.984 0.252 0.814 0.008 0.440 0.772 0.867 0.219 0.881 0.565 0.634 0.006 0.860 0.985 0.475 0.060 0.890 0.002 0.841 0.049 0.006 0.350 0.006 0.038 0.123 0.149 0.015 0.830 0.867 0.785 0.946 0.655 0.758 0.079 0.809 0.960 0.026 0.663 0.279 0.804 0.097 0.003 0.006 0.439 
14 verbalB12 25 0.972 0.928 0.351 0.085 0.674 0.617 0.206 0.591 0.149 0.125 0.084 0.526 0.011 0.051 0.006 0.723 0.992 0.096 0.840 0.007 0.272 0.708 0.870 0.116 0.536 0.312 0.528 0.014 0.867 0.961 0.564 0.069 0.880 0.003 0.782 0.028 0.006 0.510 0.012 0.009 0.033 0.039 0.016 0.940 0.546 0.607 0.969 0.750 0.882 0.041 0.779 0.983 0.077 0.679 0.206 0.651 0.049 0.004 0.007 0.279 
15 verbalB21 25 0.983 0.901 0.290 0.111 0.801 0.602 0.205 0.737 0.238 0.311 0.119 0.501 0.044 0.014 0.004 0.813 0.989 0.221 0.892 0.005 0.255 0.695 0.861 0.115 0.856 0.653 0.630 0.012 0.832 0.974 0.521 0.028 0.901 0.003 0.769 0.025 0.006 0.406 0.006 0.014 0.043 0.033 0.034 0.924 0.500 0.734 0.980 0.798 0.656 0.073 0.869 0.967 0.086 0.645 0.295 0.863 0.090 0.003 0.009 0.284 
16 verbalB22 25 0.971 0.881 0.271 0.053 0.698 0.600 0.147 0.648 0.167 0.270 0.130 0.427 0.031 0.047 0.003 0.806 0.980 0.186 0.811 0.014 0.350 0.738 0.881 0.140 0.818 0.520 0.637 0.012 0.846 0.989 0.624 0.065 0.930 0.002 0.768 0.040 0.007 0.430 0.005 0.012 0.034 0.059 0.029 0.818 0.854 0.613 0.981 0.710 0.789 0.047 0.804 0.953 0.070 0.642 0.205 0.791 0.068 0.004 0.005 0.313 
17 verbalC11 25 0.983 0.955 0.123 0.104 0.837 0.483 0.098 0.657 0.103 0.253 0.059 0.196 0.012 0.012 0.004 0.663 0.988 0.084 0.941 0.016 0.579 0.824 0.717 0.090 0.922 0.801 0.482 0.017 0.721 0.972 0.321 0.204 0.826 0.002 0.613 0.029 0.011 0.256 0.022 0.119 0.046 0.286 0.066 0.406 0.866 0.476 0.982 0.513 0.645 0.173 0.553 0.944 0.074 0.887 0.106 0.692 0.066 0.009 0.008 0.309 
18 verbalC12 25 0.970 0.833 0.326 0.060 0.839 0.561 0.119 0.775 0.064 0.423 0.133 0.368 0.032 0.028 0.003 0.668 0.993 0.053 0.880 0.007 0.555 0.657 0.708 0.082 0.960 0.792 0.561 0.008 0.742 0.982 0.542 0.427 0.787 0.003 0.723 0.037 0.031 0.193 0.010 0.055 0.166 0.279 0.020 0.612 0.945 0.368 0.935 0.514 0.596 0.107 0.669 0.919 0.043 0.872 0.542 0.720 0.070 0.005 0.008 0.543 
19 verbalC21 25 0.973 0.906 0.322 0.053 0.690 0.721 0.111 0.544 0.074 0.195 0.038 0.445 0.022 0.040 0.003 0.802 0.981 0.043 0.811 0.007 0.574 0.585 0.898 0.150 0.893 0.324 0.547 0.008 0.876 0.980 0.689 0.056 0.904 0.002 0.826 0.035 0.008 0.367 0.010 0.019 0.041 0.124 0.025 0.785 0.901 0.833 0.960 0.534 0.747 0.014 0.535 0.928 0.056 0.705 0.226 0.700 0.075 0.006 0.008 0.503 
20 verbalC22 25 0.975 0.795 0.276 0.127 0.505 0.716 0.093 0.503 0.086 0.412 0.043 0.499 0.046 0.032 0.003 0.784 0.991 0.251 0.815 0.005 0.508 0.710 0.926 0.321 0.888 0.616 0.698 0.006 0.766 0.993 0.519 0.211 0.864 0.003 0.684 0.036 0.009 0.266 0.008 0.045 0.213 0.111 0.034 0.559 0.855 0.527 0.983 0.628 0.568 0.230 0.591 0.968 0.048 0.620 0.412 0.869 0.107 0.005 0.008 0.394 
21 visualA11 25 0.987 0.941 0.729 0.026 0.995 0.563 0.121 0.799 0.018 0.094 0.110 0.381 0.021 0.004 0.015 0.364 0.977 0.017 0.832 0.020 0.907 0.227 0.186 0.021 0.958 0.761 0.298 0.019 0.956 0.797 0.278 0.896 0.544 0.009 0.682 0.145 0.021 0.172 0.006 0.212 0.037 0.191 0.010 0.456 0.991 0.321 0.903 0.183 0.864 0.029 0.199 0.939 0.017 0.989 0.673 0.066 0.022 0.027 0.012 0.790 
22 visualA12 25 0.977 0.961 0.770 0.021 0.996 0.685 0.305 0.718 0.008 0.131 0.136 0.580 0.025 0.009 0.008 0.545 0.992 0.014 0.630 0.036 0.886 0.117 0.061 0.032 0.948 0.460 0.193 0.040 0.943 0.918 0.620 0.873 0.250 0.034 0.848 0.215 0.012 0.319 0.005 0.146 0.080 0.200 0.017 0.572 0.989 0.449 0.806 0.113 0.935 0.020 0.159 0.949 0.016 0.989 0.756 0.091 0.047 0.028 0.022 0.863 
23 visualA21 25 0.982 0.880 0.711 0.017 0.989 0.613 0.137 0.792 0.018 0.040 0.083 0.342 0.013 0.006 0.008 0.394 0.987 0.012 0.519 0.047 0.849 0.520 0.366 0.020 0.982 0.461 0.421 0.020 0.938 0.899 0.609 0.604 0.851 0.009 0.945 0.222 0.008 0.361 0.006 0.023 0.138 0.481 0.010 0.379 0.989 0.634 0.876 0.179 0.962 0.022 0.095 0.954 0.010 0.959 0.394 0.150 0.051 0.011 0.021 0.861 
24 visualA22 25 0.990 0.909 0.456 0.039 0.992 0.697 0.427 0.608 0.030 0.049 0.056 0.426 0.021 0.009 0.003 0.699 0.987 0.007 0.638 0.138 0.876 0.403 0.530 0.053 0.957 0.259 0.296 0.027 0.947 0.867 0.753 0.495 0.596 0.006 0.923 0.476 0.006 0.212 0.004 0.043 0.033 0.375 0.016 0.464 0.990 0.853 0.974 0.179 0.965 0.013 0.183 0.898 0.008 0.976 0.458 0.131 0.055 0.011 0.010 0.935 
25 visualB11 25 0.982 0.893 0.674 0.153 0.174 0.720 0.059 0.456 0.255 0.449 0.127 0.829 0.037 0.056 0.005 0.793 0.989 0.074 0.939 0.008 0.092 0.738 0.956 0.092 0.484 0.410 0.728 0.010 0.902 0.995 0.447 0.006 0.962 0.002 0.852 0.005 0.003 0.798 0.005 0.004 0.092 0.018 0.010 0.853 0.497 0.315 0.992 0.584 0.837 0.013 0.987 0.964 0.048 0.351 0.211 0.805 0.022 0.002 0.004 0.120 
26 visualB12 25 0.979 0.969 0.198 0.064 0.293 0.668 0.085 0.463 0.268 0.314 0.123 0.667 0.022 0.093 0.004 0.833 0.974 0.164 0.943 0.006 0.137 0.693 0.894 0.128 0.154 0.270 0.768 0.031 0.981 0.992 0.454 0.023 0.936 0.002 0.681 0.030 0.004 0.742 0.005 0.006 0.063 0.030 0.011 0.865 0.357 0.390 0.996 0.634 0.892 0.028 0.982 0.939 0.069 0.218 0.102 0.721 0.028 0.002 0.005 0.197 
27 visualB21 25 0.967 0.837 0.264 0.215 0.094 0.724 0.081 0.392 0.178 0.271 0.097 0.852 0.006 0.100 0.008 0.810 0.996 0.088 0.903 0.003 0.068 0.814 0.901 0.272 0.346 0.361 0.708 0.028 0.914 0.995 0.779 0.008 0.984 0.003 0.866 0.007 0.007 0.400 0.004 0.006 0.029 0.031 0.049 0.937 0.058 0.781 0.994 0.728 0.908 0.008 0.978 0.991 0.025 0.088 0.266 0.769 0.032 0.002 0.003 0.256 
28 visualB22 25 0.966 0.626 0.717 0.148 0.201 0.674 0.096 0.606 0.321 0.575 0.148 0.702 0.012 0.008 0.005 0.684 0.993 0.056 0.930 0.004 0.154 0.804 0.888 0.047 0.723 0.549 0.836 0.012 0.754 0.993 0.572 0.009 0.950 0.003 0.931 0.015 0.003 0.611 0.007 0.010 0.054 0.052 0.015 0.931 0.454 0.295 0.986 0.518 0.824 0.032 0.929 0.991 0.028 0.481 0.748 0.831 0.021 0.002 0.003 0.108 
29 visualC11 25 0.965 0.775 0.801 0.391 0.482 0.511 0.072 0.259 0.067 0.105 0.055 0.205 0.013 0.106 0.009 0.591 0.977 0.065 0.976 0.006 0.557 0.888 0.508 0.083 0.300 0.641 0.405 0.033 0.388 0.975 0.239 0.453 0.660 0.004 0.622 0.365 0.002 0.513 0.280 0.069 0.151 0.071 0.101 0.666 0.829 0.227 0.897 0.362 0.429 0.467 0.684 0.952 0.070 0.789 0.134 0.822 0.004 0.009 0.003 0.416 
30 visualC12 25 0.869 0.371 0.955 0.870 0.196 0.340 0.331 0.130 0.060 0.113 0.043 0.431 0.013 0.212 0.009 0.706 0.964 0.017 0.977 0.007 0.675 0.910 0.658 0.250 0.020 0.280 0.300 0.010 0.118 0.967 0.502 0.644 0.582 0.003 0.675 0.786 0.002 0.181 0.748 0.124 0.655 0.011 0.549 0.751 0.773 0.716 0.465 0.311 0.255 0.624 0.867 0.920 0.025 0.824 0.137 0.927 0.002 0.012 0.002 0.402 
31 visualC21 25 0.971 0.493 0.706 0.523 0.211 0.277 0.214 0.107 0.123 0.042 0.077 0.360 0.013 0.077 0.002 0.913 0.979 0.244 0.978 0.014 0.181 0.924 0.955 0.362 0.235 0.362 0.364 0.017 0.488 0.931 0.316 0.142 0.663 0.002 0.532 0.129 0.002 0.470 0.337 0.022 0.338 0.087 0.057 0.738 0.633 0.926 0.938 0.583 0.518 0.415 0.805 0.959 0.020 0.454 0.067 0.927 0.059 0.018 0.002 0.102 
32 visualC22 25 0.901 0.584 0.722 0.326 0.346 0.365 0.278 0.137 0.267 0.091 0.121 0.559 0.081 0.186 0.005 0.742 0.947 0.017 0.924 0.011 0.453 0.753 0.583 0.071 0.144 0.333 0.304 0.014 0.328 0.970 0.514 0.203 0.774 0.002 0.440 0.310 0.002 0.475 0.238 0.039 0.196 0.031 0.348 0.895 0.617 0.466 0.858 0.253 0.697 0.208 0.785 0.950 0.028 0.574 0.174 0.926 0.013 0.021 0.003 0.411 
