0 verbalA11 25 0.790 0.944 0.214 0.585 0.005 0.840 0.054 0.017 0.003 0.970 0.688 0.984 0.179 0.023 0.347 0.805 0.939 0.998 0.990 0.643 0.994 0.989 0.022 0.012 0.305 0.827 0.006 0.436 0.004 0.918 0.005 0.607 0.990 0.996 0.028 0.996 0.009 0.995 0.344 0.007 0.983 0.990 0.027 0.036 0.998 0.943 0.994 0.905 0.994 0.951 0.097 0.488 0.991 0.231 0.996 0.003 0.832 0.886 0.003 0.003 
1 verbalA12 25 0.110 0.006 0.453 0.398 0.035 0.222 0.561 0.367 0.004 0.948 0.818 0.989 0.408 0.995 0.156 0.149 0.188 0.998 0.943 0.218 0.668 0.971 0.017 0.957 0.259 0.062 0.003 0.959 0.042 0.009 0.005 0.994 0.985 0.996 0.671 0.898 0.984 0.526 0.068 0.035 0.866 0.738 0.172 0.982 0.985 0.993 0.995 0.990 0.995 0.006 0.009 0.990 0.673 0.985 0.996 0.002 0.993 0.972 0.003 0.003 
2 verbalA21 25 0.992 0.975 0.807 0.756 0.007 0.672 0.006 0.647 0.006 0.977 0.989 0.996 0.822 0.943 0.249 0.964 0.067 0.996 0.853 0.014 0.994 0.452 0.966 0.370 0.882 0.850 0.004 0.503 0.004 0.991 0.152 0.023 0.995 0.996 0.003 0.996 0.020 0.029 0.900 0.016 0.795 0.995 0.984 0.043 0.998 0.983 0.995 0.990 0.173 0.979 0.016 0.007 0.955 0.024 0.993 0.506 0.837 0.972 0.003 0.003 
3 verbalA22 25 0.013 0.882 0.007 0.973 0.067 0.956 0.005 0.994 0.016 0.011 0.979 0.995 0.722 0.970 0.400 0.814 0.005 0.997 0.413 0.007 0.496 0.309 0.992 0.102 0.643 0.070 0.004 0.989 0.506 0.976 0.984 0.518 0.993 0.996 0.003 0.996 0.892 0.902 0.989 0.008 0.086 0.967 0.924 0.948 0.998 0.992 0.996 0.986 0.880 0.927 0.849 0.129 0.484 0.008 0.254 0.204 0.979 0.542 0.003 0.003 
4 verbalB11 25 0.009 0.075 0.892 0.005 0.041 0.006 0.896 0.072 0.392 0.990 0.996 0.175 0.698 0.012 0.964 0.172 0.258 0.998 0.984 0.099 0.974 0.993 0.994 0.003 0.008 0.772 0.024 0.995 0.913 0.957 0.993 0.026 0.998 0.004 0.984 0.984 0.007 0.956 0.995 0.980 0.014 0.004 0.995 0.140 0.980 0.777 0.025 0.083 0.105 0.776 0.952 0.073 0.977 0.990 0.003 0.240 0.667 0.148 0.996 0.993 
5 verbalB12 25 0.970 0.722 0.992 0.044 0.291 0.005 0.824 0.836 0.984 0.046 0.996 0.497 0.984 0.976 0.020 0.984 0.778 0.998 0.507 0.011 0.023 0.317 0.059 0.003 0.992 0.909 0.968 0.992 0.008 0.973 0.994 0.044 0.993 0.029 0.802 0.866 0.920 0.404 0.995 0.993 0.290 0.016 0.993 0.014 0.959 0.369 0.006 0.560 0.050 0.948 0.880 0.012 0.980 0.711 0.003 0.063 0.075 0.551 0.996 0.980 
6 verbalB21 25 0.995 0.003 0.995 0.041 0.003 0.987 0.905 0.991 0.587 0.010 0.996 0.003 0.968 0.011 0.667 0.781 0.005 0.998 0.995 0.807 0.065 0.991 0.177 0.003 0.185 0.890 0.427 0.417 0.753 0.985 0.995 0.994 0.998 0.005 0.614 0.027 0.005 0.501 0.996 0.136 0.991 0.978 0.091 0.994 0.979 0.087 0.855 0.988 0.005 0.005 0.289 0.056 0.004 0.982 0.047 0.741 0.872 0.027 0.996 0.995 
7 verbalB22 25 0.738 0.823 0.993 0.005 0.007 0.955 0.061 0.011 0.783 0.977 0.995 0.896 0.903 0.010 0.982 0.959 0.043 0.998 0.466 0.019 0.985 0.976 0.063 0.003 0.918 0.382 0.995 0.412 0.892 0.987 0.994 0.994 0.998 0.007 0.418 0.031 0.835 0.993 0.995 0.060 0.051 0.319 0.757 0.679 0.987 0.692 0.988 0.665 0.154 0.992 0.024 0.333 0.315 0.995 0.010 0.633 0.991 0.007 0.996 0.959 
8 verbalC11 25 0.066 0.039 0.121 0.556 0.367 0.951 0.993 0.230 0.006 0.803 0.003 0.102 0.039 0.365 0.986 0.203 0.933 0.998 0.007 0.989 0.377 0.009 0.891 0.981 0.019 0.954 0.995 0.864 0.995 0.011 0.503 0.988 0.998 0.910 0.995 0.514 0.996 0.804 0.009 0.877 0.734 0.354 0.010 0.990 0.668 0.021 0.003 0.021 0.223 0.943 0.032 0.990 0.961 0.913 0.989 0.002 0.988 0.938 0.864 0.964 
9 verbalC12 25 0.007 0.951 0.268 0.825 0.574 0.390 0.990 0.980 0.014 0.715 0.006 0.498 0.006 0.008 0.813 0.960 0.994 0.993 0.005 0.973 0.874 0.005 0.993 0.995 0.031 0.975 0.995 0.041 0.989 0.106 0.006 0.990 0.998 0.009 0.995 0.006 0.995 0.042 0.042 0.966 0.766 0.606 0.026 0.666 0.155 0.578 0.007 0.989 0.018 0.661 0.284 0.985 0.942 0.170 0.962 0.002 0.126 0.961 0.353 0.983 
10 verbalC21 25 0.011 0.989 0.440 0.928 0.865 0.944 0.994 0.963 0.046 0.071 0.101 0.052 0.008 0.758 0.006 0.677 0.994 0.994 0.004 0.669 0.005 0.995 0.332 0.384 0.988 0.042 0.507 0.003 0.996 0.994 0.010 0.011 0.998 0.014 0.113 0.026 0.995 0.010 0.015 0.889 0.987 0.996 0.771 0.045 0.850 0.012 0.011 0.011 0.216 0.996 0.211 0.987 0.921 0.967 0.901 0.081 0.017 0.005 0.044 0.994 
11 verbalC22 25 0.556 0.975 0.007 0.993 0.721 0.232 0.244 0.991 0.027 0.414 0.881 0.948 0.087 0.190 0.268 0.763 0.994 0.989 0.026 0.236 0.006 0.132 0.889 0.992 0.890 0.100 0.991 0.006 0.996 0.765 0.005 0.142 0.998 0.005 0.637 0.177 0.987 0.160 0.797 0.049 0.084 0.987 0.904 0.175 0.472 0.836 0.923 0.990 0.005 0.995 0.965 0.974 0.075 0.005 0.545 0.016 0.228 0.027 0.978 0.980 
12 visualA11 25 0.910 0.537 0.198 0.667 0.004 0.632 0.108 0.013 0.003 0.986 0.247 0.863 0.227 0.023 0.260 0.687 0.902 0.998 0.992 0.838 0.996 0.992 0.007 0.008 0.231 0.734 0.020 0.129 0.008 0.465 0.003 0.905 0.990 0.995 0.267 0.993 0.006 0.995 0.464 0.016 0.993 0.993 0.012 0.049 0.997 0.974 0.974 0.924 0.996 0.947 0.032 0.913 0.967 0.438 0.993 0.002 0.979 0.876 0.003 0.003 
13 visualA12 25 0.222 0.004 0.663 0.451 0.056 0.380 0.565 0.344 0.009 0.971 0.890 0.985 0.638 0.996 0.130 0.206 0.034 0.998 0.972 0.140 0.434 0.973 0.042 0.775 0.203 0.022 0.003 0.942 0.061 0.005 0.039 0.994 0.981 0.995 0.327 0.968 0.959 0.601 0.137 0.031 0.931 0.743 0.275 0.987 0.992 0.993 0.992 0.994 0.996 0.005 0.006 0.985 0.443 0.992 0.990 0.003 0.993 0.935 0.003 0.003 
14 visualA21 25 0.993 0.947 0.872 0.576 0.005 0.889 0.003 0.321 0.003 0.982 0.973 0.993 0.621 0.864 0.289 0.913 0.169 0.997 0.808 0.014 0.996 0.885 0.914 0.547 0.833 0.862 0.003 0.074 0.011 0.988 0.020 0.014 0.991 0.994 0.004 0.995 0.014 0.055 0.515 0.009 0.658 0.995 0.979 0.021 0.998 0.987 0.986 0.994 0.487 0.993 0.009 0.018 0.984 0.055 0.988 0.329 0.879 0.971 0.003 0.003 
15 visualA22 25 0.007 0.974 0.017 0.969 0.086 0.978 0.003 0.979 0.004 0.012 0.867 0.994 0.628 0.876 0.304 0.836 0.009 0.997 0.303 0.011 0.847 0.608 0.992 0.176 0.390 0.067 0.005 0.991 0.578 0.978 0.960 0.406 0.990 0.995 0.004 0.995 0.977 0.954 0.956 0.008 0.119 0.990 0.859 0.846 0.998 0.989 0.993 0.993 0.906 0.988 0.875 0.214 0.841 0.010 0.454 0.147 0.986 0.512 0.003 0.003 
16 visualB11 25 0.005 0.198 0.733 0.003 0.024 0.008 0.903 0.078 0.370 0.988 0.995 0.297 0.597 0.008 0.945 0.094 0.258 0.998 0.994 0.098 0.986 0.995 0.993 0.003 0.008 0.860 0.026 0.992 0.870 0.986 0.996 0.019 0.998 0.007 0.980 0.974 0.007 0.986 0.995 0.942 0.013 0.005 0.994 0.125 0.977 0.846 0.022 0.068 0.060 0.890 0.971 0.031 0.986 0.972 0.003 0.218 0.532 0.149 0.996 0.996 
17 visualB12 25 0.903 0.927 0.992 0.012 0.156 0.017 0.516 0.712 0.988 0.061 0.995 0.582 0.984 0.968 0.011 0.951 0.625 0.998 0.441 0.008 0.035 0.584 0.030 0.003 0.991 0.865 0.943 0.989 0.006 0.989 0.996 0.018 0.977 0.075 0.679 0.942 0.857 0.849 0.995 0.966 0.112 0.016 0.992 0.041 0.964 0.524 0.016 0.398 0.061 0.983 0.970 0.004 0.990 0.917 0.003 0.129 0.285 0.163 0.995 0.986 
18 visualB21 25 0.994 0.004 0.995 0.017 0.003 0.986 0.830 0.993 0.531 0.011 0.994 0.004 0.957 0.009 0.496 0.697 0.005 0.998 0.996 0.478 0.031 0.991 0.397 0.003 0.357 0.920 0.122 0.091 0.742 0.994 0.996 0.994 0.998 0.006 0.284 0.023 0.005 0.066 0.995 0.068 0.992 0.980 0.331 0.980 0.981 0.339 0.888 0.990 0.003 0.005 0.309 0.032 0.003 0.961 0.010 0.871 0.818 0.024 0.995 0.996 
19 visualB22 25 0.335 0.826 0.987 0.003 0.011 0.922 0.103 0.018 0.843 0.989 0.995 0.875 0.894 0.010 0.990 0.933 0.040 0.998 0.544 0.042 0.986 0.976 0.192 0.003 0.829 0.387 0.993 0.875 0.876 0.993 0.996 0.995 0.997 0.011 0.563 0.039 0.663 0.994 0.995 0.187 0.216 0.595 0.913 0.550 0.991 0.609 0.993 0.754 0.072 0.991 0.029 0.115 0.361 0.989 0.008 0.583 0.993 0.004 0.995 0.974 
20 visualC11 25 0.932 0.009 0.118 0.870 0.056 0.988 0.993 0.267 0.047 0.747 0.006 0.019 0.045 0.472 0.990 0.054 0.513 0.998 0.019 0.981 0.301 0.004 0.864 0.991 0.021 0.961 0.996 0.489 0.992 0.012 0.916 0.994 0.998 0.865 0.996 0.297 0.996 0.416 0.021 0.692 0.675 0.733 0.007 0.993 0.550 0.013 0.004 0.028 0.054 0.921 0.015 0.995 0.406 0.859 0.983 0.003 0.963 0.939 0.991 0.983 
21 visualC12 25 0.010 0.443 0.170 0.867 0.448 0.817 0.984 0.958 0.012 0.733 0.011 0.166 0.009 0.015 0.932 0.966 0.974 0.996 0.004 0.882 0.790 0.003 0.993 0.995 0.026 0.954 0.996 0.033 0.987 0.021 0.010 0.994 0.998 0.008 0.996 0.004 0.996 0.008 0.010 0.969 0.423 0.258 0.017 0.924 0.053 0.489 0.006 0.991 0.043 0.444 0.052 0.994 0.924 0.060 0.932 0.002 0.200 0.990 0.606 0.984 
22 visualC21 25 0.005 0.994 0.653 0.960 0.883 0.908 0.993 0.762 0.045 0.170 0.050 0.043 0.006 0.695 0.038 0.665 0.994 0.996 0.003 0.794 0.004 0.993 0.054 0.720 0.987 0.055 0.859 0.003 0.995 0.976 0.005 0.059 0.998 0.014 0.475 0.006 0.995 0.005 0.006 0.865 0.974 0.995 0.283 0.128 0.494 0.007 0.035 0.012 0.259 0.995 0.144 0.995 0.897 0.987 0.982 0.020 0.017 0.004 0.059 0.972 
23 visualC22 25 0.456 0.974 0.022 0.982 0.615 0.344 0.418 0.994 0.005 0.585 0.827 0.965 0.059 0.103 0.449 0.760 0.992 0.992 0.011 0.161 0.004 0.090 0.870 0.995 0.798 0.073 0.994 0.004 0.994 0.771 0.005 0.599 0.998 0.004 0.713 0.189 0.993 0.387 0.767 0.056 0.040 0.956 0.894 0.328 0.329 0.880 0.985 0.989 0.007 0.995 0.947 0.990 0.053 0.008 0.622 0.008 0.556 0.060 0.989 0.900 
