0 verbalAnimal111 25 0.300 0.966 0.002 0.023 0.996 0.004 0.995 0.957 0.997 0.995 0.007 0.989 0.996 0.995 0.995 0.005 
1 verbalAnimal112 25 0.995 0.978 0.002 0.994 0.996 0.004 0.995 0.995 0.998 0.574 0.990 0.005 0.995 0.995 0.916 0.515 
2 verbalAnimal121 25 0.011 0.966 0.002 0.949 0.996 0.004 0.994 0.993 0.998 0.995 0.993 0.120 0.996 0.003 0.996 0.025 
3 verbalAnimal122 25 0.017 0.965 0.002 0.948 0.996 0.004 0.995 0.991 0.998 0.995 0.993 0.120 0.995 0.006 0.995 0.021 
4 verbalAnimal211 25 0.799 0.991 0.002 0.993 0.996 0.004 0.995 0.995 0.998 0.543 0.994 0.973 0.995 0.003 0.995 0.997 
5 verbalAnimal212 25 0.993 0.995 0.002 0.160 0.996 0.004 0.995 0.995 0.997 0.994 0.994 0.004 0.995 0.003 0.995 0.040 
6 verbalAnimal221 25 0.014 0.969 0.002 0.960 0.996 0.004 0.994 0.994 0.998 0.995 0.993 0.127 0.995 0.004 0.995 0.030 
7 verbalAnimal222 25 0.995 0.591 0.002 0.987 0.996 0.004 0.995 0.989 0.997 0.966 0.991 0.004 0.995 0.995 0.995 0.005 
8 verbalArtifact111 25 0.995 0.977 0.995 0.988 0.994 0.992 0.002 0.003 0.996 0.995 0.992 0.005 0.002 0.995 0.995 0.991 
9 verbalArtifact112 25 0.995 0.994 0.990 0.995 0.002 0.997 0.002 0.995 0.998 0.005 0.992 0.058 0.002 0.995 0.004 0.950 
10 verbalArtifact121 25 0.995 0.993 0.044 0.995 0.002 0.429 0.002 0.992 0.996 0.995 0.993 0.910 0.002 0.995 0.995 0.974 
11 verbalArtifact122 25 0.993 0.921 0.995 0.033 0.003 0.997 0.002 0.002 0.995 0.994 0.961 0.052 0.002 0.004 0.005 0.007 
12 verbalArtifact211 25 0.980 0.988 0.995 0.004 0.002 0.997 0.006 0.003 0.992 0.952 0.971 0.041 0.002 0.016 0.003 0.005 
13 verbalArtifact212 25 0.995 0.986 0.003 0.995 0.003 0.023 0.002 0.982 0.996 0.996 0.990 0.985 0.002 0.995 0.995 0.990 
14 verbalArtifact221 25 0.994 0.995 0.992 0.995 0.003 0.997 0.003 0.995 0.998 0.003 0.993 0.063 0.002 0.995 0.003 0.957 
15 verbalArtifact222 25 0.995 0.994 0.990 0.995 0.002 0.997 0.002 0.995 0.998 0.007 0.993 0.071 0.002 0.995 0.004 0.949 
16 visualAnimal111 25 0.982 0.173 0.002 0.565 0.995 0.004 0.996 0.538 0.997 0.994 0.006 0.103 0.995 0.992 0.996 0.005 
17 visualAnimal112 25 0.994 0.477 0.002 0.995 0.996 0.003 0.996 0.993 0.998 0.005 0.657 0.042 0.996 0.995 0.003 0.985 
18 visualAnimal121 25 0.007 0.850 0.002 0.982 0.996 0.003 0.996 0.993 0.998 0.991 0.995 0.352 0.996 0.003 0.996 0.143 
19 visualAnimal122 25 0.007 0.850 0.002 0.982 0.996 0.003 0.996 0.993 0.998 0.991 0.995 0.352 0.996 0.003 0.996 0.143 
20 visualAnimal211 25 0.992 0.994 0.002 0.994 0.996 0.003 0.996 0.994 0.998 0.978 0.995 0.056 0.996 0.002 0.995 0.996 
21 visualAnimal212 25 0.995 0.993 0.002 0.654 0.996 0.003 0.996 0.994 0.997 0.993 0.995 0.004 0.996 0.003 0.996 0.074 
22 visualAnimal221 25 0.007 0.850 0.002 0.982 0.996 0.003 0.996 0.993 0.998 0.991 0.995 0.352 0.996 0.003 0.996 0.143 
23 visualAnimal222 25 0.994 0.130 0.002 0.104 0.996 0.004 0.996 0.840 0.997 0.956 0.012 0.006 0.996 0.995 0.995 0.005 
24 visualArtifact111 25 0.995 0.969 0.995 0.994 0.995 0.991 0.002 0.003 0.996 0.995 0.993 0.004 0.002 0.995 0.995 0.996 
25 visualArtifact112 25 0.994 0.995 0.994 0.993 0.002 0.997 0.002 0.995 0.998 0.003 0.994 0.119 0.002 0.995 0.003 0.924 
26 visualArtifact121 25 0.995 0.995 0.057 0.994 0.002 0.323 0.002 0.991 0.996 0.995 0.994 0.968 0.002 0.994 0.993 0.988 
27 visualArtifact122 25 0.987 0.034 0.995 0.979 0.002 0.997 0.002 0.003 0.998 0.995 0.983 0.797 0.002 0.003 0.003 0.132 
28 visualArtifact211 25 0.004 0.994 0.996 0.004 0.003 0.997 0.002 0.004 0.990 0.003 0.917 0.004 0.002 0.993 0.002 0.005 
29 visualArtifact212 25 0.995 0.995 0.003 0.995 0.003 0.007 0.002 0.963 0.996 0.995 0.992 0.989 0.002 0.994 0.995 0.997 
30 visualArtifact221 25 0.994 0.995 0.994 0.993 0.002 0.997 0.002 0.995 0.998 0.003 0.994 0.119 0.002 0.995 0.003 0.924 
31 visualArtifact222 25 0.994 0.995 0.994 0.993 0.002 0.997 0.002 0.995 0.998 0.003 0.994 0.119 0.002 0.995 0.003 0.924 
