defI: 0
defT: -
actI: 1
actT: 1
min: .5
max: 2
grace: 0.5
;

name: visualAnimal111 5
I: 1	0	1	1	0	0	0	0	0	0	0	0	0	0	0	0
T:
I: 1	0	1	1	0	0	0	0	0	0	0	0	0	0	0	0

T: 0	0	1	1	1	1	0	1	1	0	0	1	0	0	0	1	0	0	0	0	0	0	0	0	0	0	0	0	0	0	0	0
;


name: visualAnimal112 5
I:1	1	0	1	1	0	0	0	0	0	0	0	0	0	0	0
T:
I:1	1	0	1	1	0	0	0	0	0	0	0	0	0	0	0
T:1	0	1	1	1	1	0	0	0	1	1	0	1	1	0	1	0	0	0	0	0	0	0	0	0	0	0	0	0	0	0	0
;


name: visualAnimal121 5
I:1	1	1	1	1	0	0	0	0	0	0	0	0	0	0	0
T:
I:1	1	1	1	1	0	0	0	0	0	0	0	0	0	0	0
T:1	1	1	1	1	1	1	0	0	1	1	0	1	0	0	0	0	0	0	0	0	0	0	0	0	0	0	0	0
;


name: visualAnimal122 5
I:1	1	0	1	0	0	0	0	0	0	0	0	0	0	0	0
T:
I:1	1	0	1	0	0	0	0	0	0	0	0	0	0	0	0
T:0	1	1	1	1	1	0	0	0	0	0	0	1	0	0	1	0	0	0	0	0	0	0	0	0	0	0	0	0	0	0	0
;


name: visualAnimal211 5
I:1	0	1	1	1	0	0	1	0	0	0	0	0	0	0	0
T:
I:1	0	1	1	1	0	0	1	0	0	0	0	0	0	0	0
T:1	1	1	0	0	0	1	1	0	0	1	1	1	0	0	0	0	0	0	0	0	0	0	0	0	0	0	0	0	0	0	0
;


name: visualAnimal212 5
I:0	1	1	1	1	0	0	0	0	0	0	0	0	0	0	0
T:
I:0	1	1	1	1	0	0	0	0	0	0	0	0	0	0	0
T:1	1	1	1	0	0	1	1	0	0	1	0	0	1	1	0	0	0	0	0	0	0	0	0	0	0	0	0	0	0	0	0
;


name: visualAnimal221 5
I:1	1	1	1	1	0	0	0	0	0	0	0	0	0	0	0
T:
I:1	1	1	1	1	0	0	0	0	0	0	0	0	0	0	0
T:1	0	0	1	0	1	1	1	0	0	0	0	0	0	1	0	0	0	0	0	0	0	0	0	0	0	0	0	0	0	0	0
;


name: visualAnimal222 5
I:0	1	1	1	1	1	0	0	0	0	0	0	0	0	0	0
T:
I:0	1	1	1	1	1	0	0	0	0	0	0	0	0	0	0
T:1	1	1	0	1	0	1	1	0	0	1	0	0	0	0	0	0	0	0	0	0	0	0	0	0	0	0	0	0	0	0	0
;


name: visualArtifacts111 5
I:0	0	0	0	0	0	0	0	1	1	1	0	0	0	0	0
T:
I:0	0	0	0	0	0	0	0	1	1	1	0	0	0	0	0
T:0	0	0	0	0	0	0	0	0	0	0	0	0	0	0	0	1	1	1	0	1	1	1	0	1	1	0	1	1	0	1	0
;


name: visualArtifacts112 5
I:0	0	0	0	0	0	0	0	1	1	1	0	0	0	1	0
T:
I:0	0	0	0	0	0	0	0	1	1	1	0	0	0	1	0
T:0	0	0	0	0	0	0	0	0	0	0	0	0	0	0	0	0	1	1	1	1	1	1	1	1	1	1	1	0	0	0	0
;


name: visualArtifacts121 5
I:0	0	0	0	0	0	0	0	1	0	0	1	1	0	1	0
T:
I:0	0	0	0	0	0	0	0	1	0	0	1	1	0	1	0
T:0	0	0	0	0	0	0	0	0	0	0	0	0	0	0	0	1	1	1	0	1	1	1	0	0	0	1	0	0	1	1	1
;


name: visualArtifacts122 5
I:0	0	0	0	0	0	0	0	1	1	1	0	0	0	0	0
T:
I:0	0	0	0	0	0	0	0	1	1	1	0	0	0	0	0
T:0	0	0	0	0	0	0	0	0	0	0	0	0	0	0	0	0	1	1	0	1	1	1	0	0	0	0	1	0	0	0	0
;


name: visualArtifacts211 5
I:0	0	0	0	0	0	0	0	1	0	1	0	1	0	0	0
T:
I:0	0	0	0	0	0	0	0	1	0	1	0	1	0	0	0
T:0	0	0	0	0	0	0	0	0	0	0	0	0	0	0	0	0	1	0	0	1	0	1	0	1	0	0	0	0	1	0	1
;


name: visualArtifacts212 5
I:0	0	0	0	0	0	0	0	1	1	1	0	0	0	0	0
T:
I:0	0	0	0	0	0	0	0	1	1	1	0	0	0	0	0
T:0	0	0	0	0	0	0	0	0	0	0	0	0	0	0	0	1	0	1	1	0	1	1	0	1	1	0	0	0	1	0	1
;


name: visualArtifacts221 5
I:0	0	0	0	0	0	0	0	1	1	1	0	0	1	0	0
T:
I:0	0	0	0	0	0	0	0	1	1	1	0	0	1	0	0
T:0	0	0	0	0	0	0	0	0	0	0	0	0	0	0	0	1	0	1	0	1	1	1	0	0	0	0	1	0	1	1	0
;


name: visualArtifacts222 5
I:0	0	0	0	0	0	0	0	1	1	1	1	0	0	0	1
T:
I:0	0	0	0	0	0	0	0	1	1	1	1	0	0	0	1
T:0	0	0	0	0	0	0	0	0	0	0	0	0	0	0	0	0	0	1	0	1	0	1	1	1	0	0	0	1	1	1	1
;


